,Unnamed: 0.1,Unnamed: 0,id,date,sentiment,irony,Unnamed: 0.2
22925398,33020,33020,1789357479098265630,2024-05-11,NEG,ironic,
22925399,33021,33021,1789357478985007373,2024-05-11,NEG,not ironic,
22925400,33022,33022,1789357478125174967,2024-05-11,NEG,not ironic,
22925401,33023,33023,1789357475939893701,2024-05-11,NEG,ironic,
22925402,33024,33024,1789357475403387139,2024-05-11,NEG,not ironic,
22925403,33025,33025,1789357473603665978,2024-05-11,NEG,not ironic,
22925404,33026,33026,1789357472932868369,2024-05-11,NEG,ironic,
22925405,33027,33027,1789357469913002083,2024-05-11,NEU,ironic,
22925406,33028,33028,1789357469028000218,2024-05-11,NEU,not ironic,
22925407,33029,33029,1789357468155252909,2024-05-11,NEU,ironic,
22925408,33030,33030,1789357466570174939,2024-05-11,NEG,not ironic,
22925409,33031,33031,1789357464351101317,2024-05-11,POS,ironic,
22925410,33032,33032,1789357464061702344,2024-05-11,NEG,not ironic,
22925411,33033,33033,1789357463365435553,2024-05-11,POS,ironic,
22925412,33034,33034,1789357458101527017,2024-05-11,NEU,ironic,
22925413,33035,33035,1789357458063855737,2024-05-11,POS,not ironic,
22925414,33036,33036,1789357454171484641,2024-05-11,NEG,ironic,
22925415,33037,33037,1789357453672390841,2024-05-11,NEU,not ironic,
22925416,33038,33038,1789357453508784331,2024-05-11,NEG,not ironic,
22925417,33039,33039,1789357452364075087,2024-05-11,POS,ironic,
22925418,33040,33040,1789357452066005496,2024-05-11,NEG,ironic,
22925419,33041,33041,1789357451289993263,2024-05-11,NEU,not ironic,
22925420,33042,33042,1789357450753364083,2024-05-11,NEG,not ironic,
22925421,33043,33043,1789357450745020883,2024-05-11,NEG,not ironic,
22925422,33044,33044,1789357450283368788,2024-05-11,NEU,not ironic,
22925423,33045,33045,1789357448572080526,2024-05-11,NEG,not ironic,
22925424,33046,33046,1789357445866750044,2024-05-11,NEG,not ironic,
22925425,33047,33047,1789357442968506845,2024-05-11,NEG,not ironic,
22925426,33048,33048,1789357441097888109,2024-05-11,NEG,ironic,
22925427,33049,33049,1789357441060163656,2024-05-11,NEG,not ironic,
22925428,33050,33050,1789357440359624985,2024-05-11,NEU,not ironic,
22925429,33051,33051,1789357440128987499,2024-05-11,NEG,not ironic,
22925430,33052,33052,1789357439294586911,2024-05-11,NEG,ironic,
22925431,33053,33053,1789357438665216239,2024-05-11,NEU,not ironic,
22925432,33054,33054,1789357437385846798,2024-05-11,NEG,ironic,
22925433,33055,33055,1789357434806403458,2024-05-11,NEU,not ironic,
22925434,33056,33056,1789357431979425986,2024-05-11,NEG,ironic,
22925435,33057,33057,1789357430016544861,2024-05-11,NEG,ironic,
22925436,33058,33058,1789357426149372172,2024-05-11,NEG,ironic,
22925437,33059,33059,1789357424207667689,2024-05-11,NEU,not ironic,
22925438,33060,33060,1789357423762759891,2024-05-11,POS,not ironic,
22925439,33061,33061,1789357420122079719,2024-05-11,NEG,ironic,
22925440,33062,33062,1789357419836940775,2024-05-11,NEU,not ironic,
22925441,33063,33063,1789357418930999402,2024-05-11,NEG,ironic,
22925442,33064,33064,1789357417995665873,2024-05-11,NEU,ironic,
22925443,33065,33065,1789357417534296109,2024-05-11,NEG,not ironic,
22925444,33066,33066,1789357417282552057,2024-05-11,NEG,ironic,
22925445,33067,33067,1789357414673727500,2024-05-11,NEG,not ironic,
22925446,33068,33068,1789357414489137263,2024-05-11,NEG,ironic,
22925447,33069,33069,1789357413583266092,2024-05-11,NEU,not ironic,
22925448,33070,33070,1789357411653832839,2024-05-11,NEG,ironic,
22925449,33071,33071,1789357411406647714,2024-05-11,POS,not ironic,
22925450,33072,33072,1789357410047385847,2024-05-11,NEG,not ironic,
22925451,33073,33073,1789357401696518203,2024-05-11,NEG,not ironic,
22925452,33074,33074,1789357400119521295,2024-05-11,NEU,not ironic,
22925453,33075,33075,1789357398752432134,2024-05-11,NEU,not ironic,
22925454,33076,33076,1789357398206955856,2024-05-11,NEU,not ironic,
22925455,33077,33077,1789357395031785680,2024-05-11,NEU,not ironic,
22925456,33078,33078,1789357392884379842,2024-05-11,NEG,not ironic,
22925457,33079,33079,1789357391194251300,2024-05-11,NEU,not ironic,
22925458,33080,33080,1789357390095077654,2024-05-11,NEG,not ironic,
22925459,33081,33081,1789357390015373791,2024-05-11,NEG,not ironic,
22925460,33082,33082,1789357389365248497,2024-05-11,NEU,ironic,
22925461,33083,33083,1789357389197521271,2024-05-11,NEG,ironic,
22925462,33084,33084,1789357387926651247,2024-05-11,NEU,ironic,
22925463,33085,33085,1789357386215334135,2024-05-11,NEU,not ironic,
22925464,33086,33086,1789357384626065906,2024-05-11,NEU,not ironic,
22925465,33087,33087,1789357384072081423,2024-05-11,NEG,not ironic,
22925466,33088,33088,1789357381471592461,2024-05-11,NEU,not ironic,
22925467,33089,33089,1789357377889689895,2024-05-11,NEU,not ironic,
22925468,33090,33090,1789357375461150838,2024-05-11,NEG,not ironic,
22925469,33091,33091,1789357374718816620,2024-05-11,NEG,ironic,
22925470,33092,33092,1789357373246644388,2024-05-11,POS,not ironic,
22925471,33093,33093,1789357372856475794,2024-05-11,NEG,not ironic,
22925472,33094,33094,1789357371992465608,2024-05-11,NEG,not ironic,
22925473,33095,33095,1789357371359113589,2024-05-11,NEG,not ironic,
22925474,33096,33096,1789357369094181169,2024-05-11,NEU,ironic,
22925475,33097,33097,1789357368179937298,2024-05-11,NEG,not ironic,
22925476,33098,33098,1789357366271484279,2024-05-11,NEG,ironic,
22925477,33099,33099,1789357366082695586,2024-05-11,NEG,ironic,
22925478,33100,33100,1789357365491310742,2024-05-11,NEU,not ironic,
22925479,33101,33101,1789357365235507253,2024-05-11,POS,not ironic,
22925480,33102,33102,1789357364350419208,2024-05-11,POS,ironic,
22925481,33103,33103,1789357363973009447,2024-05-11,NEG,ironic,
22925482,33104,33104,1789357363402539324,2024-05-11,NEG,ironic,
22925483,33105,33105,1789357363306418295,2024-05-11,NEG,not ironic,
22925484,33106,33106,1789357363180302784,2024-05-11,NEU,not ironic,
22925485,33107,33107,1789357363163476235,2024-05-11,NEG,ironic,
22925486,33108,33108,1789357362777604226,2024-05-11,NEG,not ironic,
22925487,33109,33109,1789357359955157500,2024-05-11,NEG,not ironic,
22925488,33110,33110,1789357357652222309,2024-05-11,NEU,ironic,
22925489,33111,33111,1789357356083552578,2024-05-11,NEG,not ironic,
22925490,33112,33112,1789357355987083683,2024-05-11,NEG,not ironic,
22925491,33113,33113,1789357355638911379,2024-05-11,NEG,not ironic,
22925492,33114,33114,1789357351033602250,2024-05-11,NEG,ironic,
22925493,33115,33115,1789357350417052120,2024-05-11,NEU,not ironic,
22925494,33116,33116,1789357349972414888,2024-05-11,NEU,not ironic,
22925495,33117,33117,1789357349620027553,2024-05-11,NEG,not ironic,
22925496,33118,33118,1789357346117836900,2024-05-11,NEG,ironic,
22925497,33119,33119,1789357345870377155,2024-05-11,NEG,ironic,
22925498,33120,33120,1789357344154911098,2024-05-11,NEG,ironic,
22925499,33121,33121,1789357341768351949,2024-05-11,NEG,not ironic,
22925500,33122,33122,1789357334545744253,2024-05-11,NEU,not ironic,
22925501,33123,33123,1789357334466040215,2024-05-11,NEU,not ironic,
22925502,33124,33124,1789357329575493670,2024-05-11,NEU,ironic,
22925503,33125,33125,1789357328254304580,2024-05-11,NEU,not ironic,
22925504,33126,33126,1789357327637786875,2024-05-11,NEG,ironic,
22925505,33127,33127,1789357326371004533,2024-05-11,NEU,not ironic,
22925506,33128,33128,1789357326186467477,2024-05-11,NEG,ironic,
22925507,33129,33129,1789357325511176426,2024-05-11,NEG,ironic,
22925508,33130,33130,1789357323216904349,2024-05-11,NEG,ironic,
22925509,33131,33131,1789357323019751759,2024-05-11,POS,not ironic,
22925510,33132,33132,1789357315008987411,2024-05-11,NEG,ironic,
22925511,33133,33133,1789357314396610588,2024-05-11,NEG,ironic,
22925512,33134,33134,1789357313444180087,2024-05-11,NEU,not ironic,
22925513,33135,33135,1789357311972040764,2024-05-11,NEG,not ironic,
22925514,33136,33136,1789357311586185505,2024-05-11,NEG,not ironic,
22925515,33137,33137,1789357311456158126,2024-05-11,NEU,ironic,
22925516,33138,33138,1789357307286995055,2024-05-11,NEU,not ironic,
22925517,33139,33139,1789357307257602111,2024-05-11,NEG,not ironic,
22925518,33140,33140,1789357306573918666,2024-05-11,NEG,ironic,
22925519,33141,33141,1789357306565554625,2024-05-11,POS,ironic,
22925520,33142,33142,1789357303528890502,2024-05-11,NEU,not ironic,
22925521,33143,33143,1789357302493172090,2024-05-11,NEU,ironic,
22925522,33144,33144,1789357293718458440,2024-05-11,NEG,not ironic,
22925523,33145,33145,1789357293349347507,2024-05-11,NEG,not ironic,
22925524,33146,33146,1789357292640518438,2024-05-11,NEU,not ironic,
22925525,33147,33147,1789357291050832152,2024-05-11,NEG,ironic,
22925526,33148,33148,1789357290446839833,2024-05-11,NEU,not ironic,
22925527,33149,33149,1789357290027413534,2024-05-11,NEG,ironic,
22925528,33150,33150,1789357289607921775,2024-05-11,NEU,not ironic,
22925529,33151,33151,1789357288592900432,2024-05-11,NEU,not ironic,
22925530,33152,33152,1789357288374829532,2024-05-11,NEU,not ironic,
22925531,33153,33153,1789357286684590400,2024-05-11,NEG,not ironic,
22925532,33154,33154,1789357285887590733,2024-05-11,NEG,not ironic,
22925533,33155,33155,1789357282758660236,2024-05-11,NEG,not ironic,
22925534,33156,33156,1789357282527969449,2024-05-11,NEG,not ironic,
22925535,33157,33157,1789357282485993488,2024-05-11,NEG,not ironic,
22925536,33158,33158,1789357279806095865,2024-05-11,NEG,ironic,
22925537,33159,33159,1789357279512297702,2024-05-11,POS,not ironic,
22925538,33160,33160,1789357277369012588,2024-05-11,NEG,ironic,
22925539,33161,33161,1789357273963196759,2024-05-11,NEG,not ironic,
22925540,33162,33162,1789357273447633240,2024-05-11,NEG,ironic,
22925541,33163,33163,1789357272780718338,2024-05-11,NEG,ironic,
22925542,33164,33164,1789357272227008730,2024-05-11,NEG,not ironic,
22925543,33165,33165,1789357266077913537,2024-05-11,NEU,not ironic,
22925544,33166,33166,1789357265738489918,2024-05-11,NEU,not ironic,
22925545,33167,33167,1789357265549463650,2024-05-11,NEU,not ironic,
22925546,33168,33168,1789357264845107610,2024-05-11,NEG,not ironic,
22925547,33169,33169,1789357263943082472,2024-05-11,NEG,not ironic,
22925548,33170,33170,1789357263196389735,2024-05-11,NEU,ironic,
22925549,33171,33171,1789357262953226325,2024-05-11,NEU,not ironic,
22925550,33172,33172,1789357259878715528,2024-05-11,NEG,ironic,
22925551,33173,33173,1789357259841270261,2024-05-11,NEU,not ironic,
22925552,33174,33174,1789357257144074368,2024-05-11,NEG,not ironic,
22925553,33175,33175,1789357251976716650,2024-05-11,NEU,ironic,
22925554,33176,33176,1789357249346908323,2024-05-11,NEG,not ironic,
22925555,33177,33177,1789357246641500387,2024-05-11,NEU,not ironic,
22925556,33178,33178,1789357244842221719,2024-05-11,NEU,not ironic,
22925557,33179,33179,1789357243651022963,2024-05-11,NEG,not ironic,
22925558,33180,33180,1789357243009245516,2024-05-11,NEG,ironic,
22925559,33181,33181,1789357242703044622,2024-05-11,NEG,not ironic,
22925560,33182,33182,1789357242078155027,2024-05-11,POS,ironic,
22925561,33183,33183,1789357239603540222,2024-05-11,POS,ironic,
22925562,33184,33184,1789357238932684962,2024-05-11,NEU,not ironic,
22925563,33185,33185,1789357237917389114,2024-05-11,NEU,not ironic,
22925564,33186,33186,1789357237900804506,2024-05-11,NEU,not ironic,
22925565,33187,33187,1789357236999094480,2024-05-11,NEG,not ironic,
22925566,33188,33188,1789357234763309331,2024-05-11,NEG,not ironic,
22925567,33189,33189,1789357233135874463,2024-05-11,NEU,not ironic,
22925568,33190,33190,1789357231508451733,2024-05-11,NEU,not ironic,
22925569,33191,33191,1789357229142917281,2024-05-11,NEG,not ironic,
22925570,33192,33192,1789357228547620950,2024-05-11,NEG,not ironic,
22925571,33193,33193,1789357223891665397,2024-05-11,NEU,ironic,
22925572,33194,33194,1789357222834716758,2024-05-11,NEU,ironic,
22925573,33195,33195,1789357220494274624,2024-05-11,NEG,not ironic,
22925574,33196,33196,1789357219894460469,2024-05-11,NEU,not ironic,
22925575,33197,33197,1789357216216043965,2024-05-11,NEG,not ironic,
22925576,33198,33198,1789357214127268176,2024-05-11,NEU,not ironic,
22925577,33199,33199,1789357212650914086,2024-05-11,NEU,not ironic,
22925578,33200,33200,1789357211279339819,2024-05-11,POS,not ironic,
22925579,33201,33201,1789357210943856781,2024-05-11,NEU,ironic,
22925580,33202,33202,1789357209735803084,2024-05-11,NEG,ironic,
22925581,33203,33203,1789357208615973260,2024-05-11,NEG,ironic,
22925582,33204,33204,1789357206921417021,2024-05-11,NEU,ironic,
22925583,33205,33205,1789357206179025379,2024-05-11,NEG,not ironic,
22925584,33206,33206,1789357205696692653,2024-05-11,NEU,not ironic,
22925585,33207,33207,1789357204971163845,2024-05-11,NEG,not ironic,
22925586,33208,33208,1789357204673302659,2024-05-11,POS,ironic,
22925587,33209,33209,1789357203284975708,2024-05-11,NEU,not ironic,
22925588,33210,33210,1789357202836234561,2024-05-11,NEG,not ironic,
22925589,33211,33211,1789357202613879056,2024-05-11,NEU,ironic,
22925590,33212,33212,1789357200542253344,2024-05-11,NEU,ironic,
22925591,33213,33213,1789357199103549636,2024-05-11,NEU,ironic,
22925592,33214,33214,1789357198604108252,2024-05-11,NEG,ironic,
22925593,33215,33215,1789357197316562994,2024-05-11,NEG,ironic,
22925594,33216,33216,1789357196796481750,2024-05-11,NEG,ironic,
22925595,33217,33217,1789357196645409006,2024-05-11,NEU,not ironic,
22925596,33218,33218,1789357196142346314,2024-05-11,NEG,not ironic,
22925597,33219,33219,1789357194695033333,2024-05-11,NEG,not ironic,
22925598,33220,33220,1789357194212778229,2024-05-11,NEU,not ironic,
22925599,33221,33221,1789357193747124421,2024-05-11,NEG,ironic,
22925600,33222,33222,1789357192044269701,2024-05-11,NEG,ironic,
22925601,33223,33223,1789357191473803491,2024-05-11,NEU,not ironic,
22925602,33224,33224,1789357190660104464,2024-05-11,NEG,ironic,
22925603,33225,33225,1789357190202982496,2024-05-11,NEU,ironic,
22925604,33226,33226,1789357189674488190,2024-05-11,NEG,not ironic,
22925605,33227,33227,1789357189418635503,2024-05-11,POS,ironic,
22925606,33228,33228,1789357187459846443,2024-05-11,NEG,ironic,
22925607,33229,33229,1789357185064919510,2024-05-11,NEG,ironic,
22925608,33230,33230,1789357184997802480,2024-05-11,NEG,ironic,
22925609,33231,33231,1789357184125395404,2024-05-11,NEU,not ironic,
22925610,33232,33232,1789357182447943902,2024-05-11,NEG,not ironic,
22925611,33233,33233,1789357182057582688,2024-05-11,POS,not ironic,
22925612,33234,33234,1789357181579784570,2024-05-11,NEU,not ironic,
22925613,33235,33235,1789357181113954725,2024-05-11,NEG,ironic,
22925614,33236,33236,1789357178849312999,2024-05-11,NEU,not ironic,
22925615,33237,33237,1789357177750114579,2024-05-11,NEU,not ironic,
22925616,33238,33238,1789357177422930189,2024-05-11,NEU,not ironic,
22925617,33239,33239,1789357177322209631,2024-05-11,NEU,ironic,
22925618,33240,33240,1789357176500244775,2024-05-11,POS,ironic,
22925619,33241,33241,1789357174075822304,2024-05-11,POS,ironic,
22925620,33242,33242,1789357171244687859,2024-05-11,POS,ironic,
22925621,33243,33243,1789357170762408052,2024-05-11,NEG,not ironic,
22925622,33244,33244,1789357168627536185,2024-05-11,POS,ironic,
22925623,33245,33245,1789357166618411488,2024-05-11,NEU,not ironic,
22925624,33246,33246,1789357166064714151,2024-05-11,NEG,ironic,
22925625,33247,33247,1789357046736867411,2024-05-11,NEU,not ironic,
22925626,33248,33248,1789357044916523051,2024-05-11,POS,ironic,
22925627,33249,33249,1789357044643885409,2024-05-11,NEU,not ironic,
22925628,33250,33250,1789357043050303958,2024-05-11,NEU,not ironic,
22925629,33251,33251,1789357042932609132,2024-05-11,NEU,not ironic,
22925630,33252,33252,1789357041158434950,2024-05-11,POS,ironic,
22925631,33253,33253,1789357039480639897,2024-05-11,NEG,ironic,
22925632,33254,33254,1789357039329689867,2024-05-11,NEG,ironic,
22925633,33255,33255,1789357039296102630,2024-05-11,NEG,ironic,
22925634,33256,33256,1789357037559611478,2024-05-11,NEG,not ironic,
22925635,33257,33257,1789357037329248376,2024-05-11,POS,ironic,
22925636,33258,33258,1789357034544001387,2024-05-11,NEU,not ironic,
22925637,33259,33259,1789357034372317679,2024-05-11,POS,ironic,
22925638,33260,33260,1789357032639963517,2024-05-11,NEG,ironic,
22925639,33261,33261,1789357032237076822,2024-05-11,NEG,not ironic,
22925640,33262,33262,1789357030127358077,2024-05-11,NEG,not ironic,
22925641,33263,33263,1789357029792039353,2024-05-11,NEU,not ironic,
22925642,33264,33264,1789357028751667502,2024-05-11,POS,not ironic,
22925643,33265,33265,1789357026977452483,2024-05-11,NEG,not ironic,
22925644,33266,33266,1789357026809680098,2024-05-11,NEU,not ironic,
22925645,33267,33267,1789357025391935983,2024-05-11,NEG,not ironic,
22925646,33268,33268,1789357023747780807,2024-05-11,NEU,not ironic,
22925647,33269,33269,1789357021327667311,2024-05-11,NEG,ironic,
22925648,33270,33270,1789357020660871575,2024-05-11,POS,not ironic,
22925649,33271,33271,1789357020652462544,2024-05-11,NEG,ironic,
22925650,33272,33272,1789357016592646522,2024-05-11,NEG,not ironic,
22925651,33273,33273,1789357015422149069,2024-05-11,NEU,not ironic,
22925652,33274,33274,1789357014877155393,2024-05-11,NEU,not ironic,
22925653,33275,33275,1789357013912175008,2024-05-11,NEU,not ironic,
22925654,33276,33276,1789357013509505510,2024-05-11,NEU,not ironic,
22925655,33277,33277,1789357012020498800,2024-05-11,NEG,not ironic,
22925656,33278,33278,1789357010984604134,2024-05-11,NEG,not ironic,
22925657,33279,33279,1789357009483034710,2024-05-11,NEG,ironic,
22925658,33280,33280,1789357007616528867,2024-05-11,NEG,not ironic,
22925659,33281,33281,1789357006937100666,2024-05-11,NEG,not ironic,
22925660,33282,33282,1789357005469089952,2024-05-11,NEU,not ironic,
22925661,33283,33283,1789357003225051598,2024-05-11,NEU,not ironic,
22925662,33284,33284,1789356997260738735,2024-05-11,NEG,not ironic,
22925663,33285,33285,1789356997038555635,2024-05-11,NEG,ironic,
22925664,33286,33286,1789356995704730073,2024-05-11,NEU,ironic,
22925665,33287,33287,1789356993183891686,2024-05-11,NEG,ironic,
22925666,33288,33288,1789356992336674829,2024-05-11,NEU,not ironic,
22925667,33289,33289,1789356991984324704,2024-05-11,NEG,not ironic,
22925668,33290,33290,1789356989081887022,2024-05-11,POS,not ironic,
22925669,33291,33291,1789356987303559423,2024-05-11,NEG,not ironic,
22925670,33292,33292,1789356792805220737,2024-05-11,NEG,not ironic,
22925671,33293,33293,1789356792775885213,2024-05-11,NEG,ironic,
22925672,33294,33294,1789356792646144488,2024-05-11,NEU,ironic,
22925673,33295,33295,1789356792457080918,2024-05-11,NEU,not ironic,
22925674,33296,33296,1789356792406765620,2024-05-11,NEG,ironic,
22925675,33297,33297,1789356792171954582,2024-05-11,NEG,not ironic,
22925676,33298,33298,1789356789387141140,2024-05-11,NEG,not ironic,
22925677,33299,33299,1789356789223375081,2024-05-11,NEG,not ironic,
22925678,33300,33300,1789356785771679902,2024-05-11,NEG,not ironic,
22925679,33301,33301,1789356785741996137,2024-05-11,POS,not ironic,
22925680,33302,33302,1789356785456885893,2024-05-11,NEU,not ironic,
22925681,33303,33303,1789356785301594459,2024-05-11,NEG,ironic,
22925682,33304,33304,1789356779123441688,2024-05-11,NEU,ironic,
22925683,33305,33305,1789356774497169756,2024-05-11,POS,not ironic,
22925684,33306,33306,1789356772349657571,2024-05-11,NEG,ironic,
22925685,33307,33307,1789356772299252046,2024-05-11,NEG,not ironic,
22925686,33308,33308,1789356770252538107,2024-05-11,NEU,not ironic,
22925687,33309,33309,1789356770218901784,2024-05-11,NEG,not ironic,
22925688,33310,33310,1789356769359057015,2024-05-11,NEG,ironic,
22925689,33311,33311,1789356767924674860,2024-05-11,NEU,ironic,
22925690,33312,33312,1789356767811686877,2024-05-11,NEU,not ironic,
22925691,33313,33313,1789356766976676166,2024-05-11,NEU,not ironic,
22925692,33314,33314,1789356763759948241,2024-05-11,NEG,not ironic,
22925693,33315,33315,1789356763688415538,2024-05-11,NEU,not ironic,
22925694,33316,33316,1789356761012429179,2024-05-11,NEG,not ironic,
22925695,33317,33317,1789356753181651224,2024-05-11,NEU,ironic,
22925696,33318,33318,1789356753089400848,2024-05-11,NEU,not ironic,
22925697,33319,33319,1789356753076793742,2024-05-11,NEG,not ironic,
22925698,33320,33320,1789356751134822408,2024-05-11,POS,ironic,
22925699,33321,33321,1789356749427765605,2024-05-11,NEG,not ironic,
22925700,33322,33322,1789356748106547311,2024-05-11,NEU,ironic,
22925701,33323,33323,1789356747502882823,2024-05-11,NEU,not ironic,
22925702,33324,33324,1789356745648976103,2024-05-11,NEU,ironic,
22925703,33325,33325,1789356745447370891,2024-05-11,NEU,not ironic,
22925704,33326,33326,1789356744121909509,2024-05-11,NEG,not ironic,
22925705,33327,33327,1789356740678418461,2024-05-11,NEG,not ironic,
22925706,33328,33328,1789356739197841446,2024-05-11,NEG,not ironic,
22925707,33329,33329,1789356735473348822,2024-05-11,NEG,not ironic,
22925708,33330,33330,1789356734521180308,2024-05-11,NEG,not ironic,
22925709,33331,33331,1789356733783048233,2024-05-11,POS,not ironic,
22925710,33332,33332,1789356730633138250,2024-05-11,POS,ironic,
22925711,33333,33333,1789356729215439092,2024-05-11,NEU,not ironic,
22925712,33334,33334,1789356728955306024,2024-05-11,NEG,ironic,
22925713,33335,33335,1789356727558910058,2024-05-11,NEG,not ironic,
22925714,33336,33336,1789356726975603150,2024-05-11,NEG,ironic,
22925715,33337,33337,1789356726791315796,2024-05-11,NEU,not ironic,
22925716,33338,33338,1789356726703227097,2024-05-11,NEU,ironic,
22925717,33339,33339,1789356725281448026,2024-05-11,POS,ironic,
22925718,33340,33340,1789356724329046461,2024-05-11,NEG,not ironic,
22925719,33341,33341,1789356724220031296,2024-05-11,POS,ironic,
22925720,33342,33342,1789356723628601345,2024-05-11,NEG,not ironic,
22925721,33343,33343,1789356719161626696,2024-05-11,NEG,not ironic,
22925722,33344,33344,1789356713776197973,2024-05-11,NEG,not ironic,
22925723,33345,33345,1789356713033760806,2024-05-11,NEG,not ironic,
22925724,33346,33346,1789356712387911882,2024-05-11,NEG,ironic,
22925725,33347,33347,1789356711821599078,2024-05-11,NEU,ironic,
22925726,33348,33348,1789356710731129104,2024-05-11,NEG,ironic,
22925727,33349,33349,1789356709040759267,2024-05-11,NEU,not ironic,
22925728,33350,33350,1789356707769963004,2024-05-11,POS,ironic,
22925729,33351,33351,1789356706486452494,2024-05-11,NEG,not ironic,
22925730,33352,33352,1789356701612744749,2024-05-11,POS,not ironic,
22925731,33353,33353,1789356700690182479,2024-05-11,NEU,ironic,
22925732,33354,33354,1789356700010782799,2024-05-11,NEG,ironic,
22925733,33355,33355,1789356700010504544,2024-05-11,NEG,not ironic,
22925734,33356,33356,1789356699502915913,2024-05-11,POS,not ironic,
22925735,33357,33357,1789356696147464399,2024-05-11,NEG,ironic,
22925736,33358,33358,1789356696131059713,2024-05-11,POS,not ironic,
22925737,33359,33359,1789356695681929723,2024-05-11,NEU,ironic,
22925738,33360,33360,1789356694683754696,2024-05-11,NEG,not ironic,
22925739,33361,33361,1789356694339785132,2024-05-11,NEU,ironic,
22925740,33362,33362,1789356692095864916,2024-05-11,NEG,ironic,
22925741,33363,33363,1789356691886063811,2024-05-11,NEU,not ironic,
22925742,33364,33364,1789356689407545800,2024-05-11,NEG,not ironic,
22925743,33365,33365,1789356688954253467,2024-05-11,NEG,ironic,
22925744,33366,33366,1789356688228635104,2024-05-11,NEG,ironic,
22925745,33367,33367,1789356687750476211,2024-05-11,NEU,ironic,
22925746,33368,33368,1789356687385596190,2024-05-11,NEG,not ironic,
22925747,33369,33369,1789356686307741697,2024-05-11,NEG,not ironic,
22925748,33370,33370,1789356682168148060,2024-05-11,NEG,not ironic,
22925749,33371,33371,1789356681065062656,2024-05-11,NEG,not ironic,
22925750,33372,33372,1789356679882309672,2024-05-11,NEU,not ironic,
22925751,33373,33373,1789356678107828671,2024-05-11,NEG,not ironic,
22925752,33374,33374,1789356677138899438,2024-05-11,NEU,not ironic,
22925753,33375,33375,1789356675830251963,2024-05-11,NEG,not ironic,
22925754,33376,33376,1789356674064527696,2024-05-11,POS,not ironic,
22925755,33377,33377,1789356671996776759,2024-05-11,NEU,not ironic,
22925756,33378,33378,1789356670948188492,2024-05-11,NEG,not ironic,
22925757,33379,33379,1789356668620247378,2024-05-11,POS,not ironic,
22925758,33380,33380,1789356667907256547,2024-05-11,NEG,ironic,
22925759,33381,33381,1789356667433365513,2024-05-11,NEU,not ironic,
22925760,33382,33382,1789356666200240574,2024-05-11,NEG,not ironic,
22925761,33383,33383,1789356664124014766,2024-05-11,NEG,not ironic,
22925762,33384,33384,1789356663268315139,2024-05-11,NEG,not ironic,
22925763,33385,33385,1789356663117689328,2024-05-11,NEU,not ironic,
22925764,33386,33386,1789356659569008668,2024-05-11,POS,ironic,
22925765,33387,33387,1789356657136287973,2024-05-11,NEU,not ironic,
22925766,33388,33388,1789356652451270838,2024-05-11,POS,ironic,
22925767,33389,33389,1789356652077953175,2024-05-11,NEG,ironic,
22925768,33390,33390,1789356651578867751,2024-05-11,NEU,not ironic,
22925769,33391,33391,1789356651469795742,2024-05-11,NEU,not ironic,
22925770,33392,33392,1789356650001735900,2024-05-11,NEG,ironic,
22925771,33393,33393,1789356648399597684,2024-05-11,POS,not ironic,
22925772,33394,33394,1789356644951847368,2024-05-11,NEG,not ironic,
22925773,33395,33395,1789356644205269309,2024-05-11,NEG,ironic,
22925774,33396,33396,1789356644142293209,2024-05-11,NEG,ironic,
22925775,33397,33397,1789356642846290138,2024-05-11,NEU,ironic,
22925776,33398,33398,1789356641864822851,2024-05-11,POS,ironic,
22925777,33399,33399,1789356635674075632,2024-05-11,NEU,not ironic,
22925778,33400,33400,1789356635325948181,2024-05-11,NEU,not ironic,
22925779,33401,33401,1789356631806910793,2024-05-11,NEG,not ironic,
22925780,33402,33402,1789356631718822304,2024-05-11,NEG,not ironic,
22925781,33403,33403,1789356630280179905,2024-05-11,NEG,not ironic,
22925782,33404,33404,1789356630032982128,2024-05-11,NEU,not ironic,
22925783,33405,33405,1789356627998487039,2024-05-11,NEU,ironic,
22925784,33406,33406,1789356627466101082,2024-05-11,POS,not ironic,
22925785,33407,33407,1789356627084345844,2024-05-11,NEG,not ironic,
22925786,33408,33408,1789356623871476017,2024-05-11,NEG,not ironic,
22925787,33409,33409,1789356623338868934,2024-05-11,NEU,ironic,
22925788,33410,33410,1789356620826206415,2024-05-11,NEU,not ironic,
22925789,33411,33411,1789356619593040380,2024-05-11,POS,not ironic,
22925790,33412,33412,1789356618993594410,2024-05-11,NEU,not ironic,
22925791,33413,33413,1789356617428840624,2024-05-11,POS,not ironic,
22925792,33414,33414,1789356615671447758,2024-05-11,NEG,ironic,
22925793,33415,33415,1789356614429909213,2024-05-11,NEU,not ironic,
22925794,33416,33416,1795152990623408337,2024-05-27,NEG,not ironic,
22925795,33417,33417,1795152990212378964,2024-05-27,NEG,not ironic,
22925796,33418,33418,1795152989243502876,2024-05-27,NEG,not ironic,
22925797,33419,33419,1795152988807348706,2024-05-27,NEG,not ironic,
22925798,33420,33420,1795152988664730071,2024-05-27,NEG,not ironic,
22925799,33421,33421,1795152988593406400,2024-05-27,NEU,ironic,
22925800,33422,33422,1795152988345880708,2024-05-27,NEU,not ironic,
22925801,33423,33423,1795152986479436105,2024-05-27,NEU,ironic,
22925802,33424,33424,1795152986231930907,2024-05-27,NEG,ironic,
22925803,33425,33425,1795152986101911797,2024-05-27,NEU,not ironic,
22925804,33426,33426,1795152985963581806,2024-05-27,NEU,not ironic,
22925805,33427,33427,1795152983501439073,2024-05-27,NEG,ironic,
22925806,33428,33428,1795152981039444441,2024-05-27,NEG,not ironic,
22925807,33429,33429,1795152980179587537,2024-05-27,NEG,not ironic,
22925808,33430,33430,1795152977252008011,2024-05-27,NEG,not ironic,
22925809,33431,33431,1795152977075847508,2024-05-27,NEU,not ironic,
22925810,33432,33432,1795152976555778202,2024-05-27,NEG,ironic,
22925811,33433,33433,1795152976438239487,2024-05-27,NEG,not ironic,
22925812,33434,33434,1795152975989473644,2024-05-27,NEG,ironic,
22925813,33435,33435,1795152975960150503,2024-05-27,POS,not ironic,
22925814,33436,33436,1795152975746265181,2024-05-27,NEU,not ironic,
22925815,33437,33437,1795152975297397156,2024-05-27,NEG,not ironic,
22925816,33438,33438,1795152974391496903,2024-05-27,NEG,ironic,
22925817,33439,33439,1795152971417735571,2024-05-27,NEU,ironic,
22925818,33440,33440,1795152971027693758,2024-05-27,NEU,not ironic,
22925819,33441,33441,1795152970339832054,2024-05-27,NEU,not ironic,
22925820,33442,33442,1795152969660240194,2024-05-27,NEG,ironic,
22925821,33443,33443,1795152969597337768,2024-05-27,NEU,not ironic,
22925822,33444,33444,1795152968276168936,2024-05-27,NEG,not ironic,
22925823,33445,33445,1795152967462445090,2024-05-27,NEU,ironic,
22925824,33446,33446,1795152967185637550,2024-05-27,NEU,ironic,
22925825,33447,33447,1795152965474328621,2024-05-27,NEG,not ironic,
22925826,33448,33448,1795152963523989912,2024-05-27,POS,ironic,
22925827,33449,33449,1795152962349678848,2024-05-27,NEG,not ironic,
22925828,33450,33450,1795152961695264946,2024-05-27,NEG,ironic,
22925829,33451,33451,1795152961594605738,2024-05-27,NEU,ironic,
22925830,33452,33452,1795152960390926395,2024-05-27,NEG,ironic,
22925831,33453,33453,1795152958755098673,2024-05-27,NEU,not ironic,
22925832,33454,33454,1795152958562169162,2024-05-27,POS,ironic,
22925833,33455,33455,1795152958365040689,2024-05-27,NEU,not ironic,
22925834,33456,33456,1795152957924667756,2024-05-27,NEU,not ironic,
22925835,33457,33457,1795152957526188168,2024-05-27,NEG,not ironic,
22925836,33458,33458,1795152956783775761,2024-05-27,NEG,ironic,
22925837,33459,33459,1795152955949056296,2024-05-27,NEG,ironic,
22925838,33460,33460,1795152955777208762,2024-05-27,NEG,not ironic,
22925839,33461,33461,1795152954900562409,2024-05-27,NEG,not ironic,
22925840,33462,33462,1795152954753700329,2024-05-27,POS,not ironic,
22925841,33463,33463,1795152953168351345,2024-05-27,NEU,ironic,
22925842,33464,33464,1795152952648257849,2024-05-27,NEU,not ironic,
22925843,33465,33465,1795152951679369566,2024-05-27,NEG,ironic,
22925844,33466,33466,1795152950135820689,2024-05-27,NEG,not ironic,
22925845,33467,33467,1795152949192061150,2024-05-27,NEG,ironic,
22925846,33468,33468,1795152948814553095,2024-05-27,NEU,not ironic,
22925847,33469,33469,1795152945777938637,2024-05-27,NEU,not ironic,
22925848,33470,33470,1795152945639481643,2024-05-27,NEU,not ironic,
22925849,33471,33471,1795152945077440702,2024-05-27,NEG,ironic,
22925850,33472,33472,1795152944490291707,2024-05-27,NEU,not ironic,
22925851,33473,33473,1795152943546548505,2024-05-27,NEG,not ironic,
22925852,33474,33474,1795152943223546089,2024-05-27,NEG,ironic,
22925853,33475,33475,1795152941432684824,2024-05-27,NEG,ironic,
22925854,33476,33476,1795152939746537929,2024-05-27,NEG,not ironic,
22925855,33477,33477,1795152938089791907,2024-05-27,NEG,ironic,
22925856,33478,33478,1795152937674518835,2024-05-27,NEU,not ironic,
22925857,33479,33479,1795152936680518036,2024-05-27,NEG,not ironic,
22925858,33480,33480,1795152936357564783,2024-05-27,NEG,not ironic,
22925859,33481,33481,1795152935598383221,2024-05-27,NEG,ironic,
22925860,33482,33482,1795152935225020644,2024-05-27,NEG,not ironic,
22925861,33483,33483,1795152933425754557,2024-05-27,NEU,not ironic,
22925862,33484,33484,1795152932259627405,2024-05-27,NEU,ironic,
22925863,33485,33485,1795152931500548454,2024-05-27,NEU,not ironic,
22925864,33486,33486,1795152929634046372,2024-05-27,NEG,ironic,
22925865,33487,33487,1795152928300273795,2024-05-27,NEU,not ironic,
22925866,33488,33488,1795152927654281312,2024-05-27,NEG,not ironic,
22925867,33489,33489,1795152927570452592,2024-05-27,NEU,not ironic,
22925868,33490,33490,1795152927260070390,2024-05-27,NEU,not ironic,
22925869,33491,33491,1795152927096484145,2024-05-27,NEU,not ironic,
22925870,33492,33492,1795152926232461675,2024-05-27,NEG,not ironic,
22925871,33493,33493,1795152926157021386,2024-05-27,POS,not ironic,
22925872,33494,33494,1795152923111891272,2024-05-27,NEG,ironic,
22925873,33495,33495,1795152921782313203,2024-05-27,NEU,ironic,
22925874,33496,33496,1795152921388044786,2024-05-27,NEG,ironic,
22925875,33497,33497,1795152920075190369,2024-05-27,NEU,not ironic,
22925876,33498,33498,1795152917902623064,2024-05-27,NEG,ironic,
22925877,33499,33499,1795152917579657601,2024-05-27,NEU,not ironic,
22925878,33500,33500,1795152917546103073,2024-05-27,NEG,ironic,
22925879,33501,33501,1795152917466370271,2024-05-27,NEU,not ironic,
22925880,33502,33502,1795152916032197100,2024-05-27,NEG,not ironic,
22925881,33503,33503,1795152915276972159,2024-05-27,NEG,not ironic,
22925882,33504,33504,1795152914798817383,2024-05-27,NEG,not ironic,
22925883,33505,33505,1795152912668102762,2024-05-27,NEG,not ironic,
22925884,33506,33506,1795152912416407943,2024-05-27,NEU,not ironic,
22925885,33507,33507,1795152910411517975,2024-05-27,NEU,not ironic,
22925886,33508,33508,1795152909719490791,2024-05-27,NEG,not ironic,
22925887,33509,33509,1795152908675072501,2024-05-27,NEG,not ironic,
22925888,33510,33510,1795152908461228508,2024-05-27,NEG,ironic,
22925889,33511,33511,1795152908339532190,2024-05-27,NEU,not ironic,
22925890,33512,33512,1795152907580694902,2024-05-27,NEU,not ironic,
22925891,33513,33513,1795152906930340052,2024-05-27,NEG,ironic,
22925892,33514,33514,1795152906917646805,2024-05-27,POS,ironic,
22925893,33515,33515,1795152905722359820,2024-05-27,NEG,ironic,
22925894,33516,33516,1795152905105776730,2024-05-27,NEG,ironic,
22925895,33517,33517,1795152904040390845,2024-05-27,NEG,ironic,
22925896,33518,33518,1795152903520321598,2024-05-27,NEU,not ironic,
22925897,33519,33519,1795152901280567661,2024-05-27,NEG,not ironic,
22925898,33520,33520,1795152899875504164,2024-05-27,NEU,not ironic,
22925899,33521,33521,1795152896289357964,2024-05-27,NEU,not ironic,
22925900,33522,33522,1795152895949565991,2024-05-27,NEU,not ironic,
22925901,33523,33523,1795152895781884179,2024-05-27,NEG,not ironic,
22925902,33524,33524,1795152894989132224,2024-05-27,NEG,not ironic,
22925903,33525,33525,1795152894817190088,2024-05-27,NEU,not ironic,
22925904,33526,33526,1795152893483610386,2024-05-27,POS,not ironic,
22925905,33527,33527,1795152892216651956,2024-05-27,NEG,ironic,
22925906,33528,33528,1795152890434060485,2024-05-27,NEG,ironic,
22925907,33529,33529,1795152890392388060,2024-05-27,NEG,not ironic,
22925908,33530,33530,1795152890295701562,2024-05-27,NEU,ironic,
22925909,33531,33531,1795152889389715819,2024-05-27,POS,ironic,
22925910,33532,33532,1795152887510692267,2024-05-27,NEG,not ironic,
22925911,33533,33533,1795152884629217308,2024-05-27,NEU,not ironic,
22925912,33534,33534,1795152883899412893,2024-05-27,NEG,not ironic,
22925913,33535,33535,1795152883685703817,2024-05-27,NEU,not ironic,
22925914,33536,33536,1795152883622494365,2024-05-27,NEU,not ironic,
22925915,33537,33537,1795152883475791972,2024-05-27,NEU,not ironic,
22925916,33538,33538,1795152882725007602,2024-05-27,NEU,ironic,
22925917,33539,33539,1795152881168871736,2024-05-27,POS,ironic,
22925918,33540,33540,1795152879889617023,2024-05-27,POS,ironic,
22925919,33541,33541,1795152879264608473,2024-05-27,NEG,not ironic,
22925920,33542,33542,1795152875716218951,2024-05-27,NEG,not ironic,
22925921,33543,33543,1795152875598794819,2024-05-27,NEU,not ironic,
22925922,33544,33544,1795152874835476800,2024-05-27,NEU,not ironic,
22925923,33545,33545,1795152873757503907,2024-05-27,NEU,ironic,
22925924,33546,33546,1795152873631711442,2024-05-27,NEG,ironic,
22925925,33547,33547,1795152872553808367,2024-05-27,NEG,ironic,
22925926,33548,33548,1795152871668736324,2024-05-27,POS,not ironic,
22925927,33549,33549,1795152870343336180,2024-05-27,POS,not ironic,
22925928,33550,33550,1795152870033023434,2024-05-27,NEG,not ironic,
22925929,33551,33551,1795152869433164076,2024-05-27,NEG,not ironic,
22925930,33552,33552,1795152869097640329,2024-05-27,NEG,not ironic,
22925931,33553,33553,1795152868342640661,2024-05-27,NEU,not ironic,
22925932,33554,33554,1795152867889721589,2024-05-27,NEU,ironic,
22925933,33555,33555,1795152867851981289,2024-05-27,NEG,not ironic,
22925934,33556,33556,1795152867357037047,2024-05-27,NEG,ironic,
22925935,33557,33557,1795152867080171678,2024-05-27,NEG,not ironic,
22925936,33558,33558,1795152866690150535,2024-05-27,POS,ironic,
22925937,33559,33559,1795152865440276520,2024-05-27,NEG,not ironic,
22925938,33560,33560,1795152864097996962,2024-05-27,NEG,not ironic,
22925939,33561,33561,1795152863238246625,2024-05-27,NEG,ironic,
22925940,33562,33562,1795152862143516772,2024-05-27,NEU,not ironic,
22925941,33563,33563,1795152860998451440,2024-05-27,NEG,ironic,
22925942,33564,33564,1795152860469920063,2024-05-27,POS,not ironic,
22925943,33565,33565,1795152859207446893,2024-05-27,NEG,ironic,
22925944,33566,33566,1795152858469335369,2024-05-27,NEG,not ironic,
22925945,33567,33567,1795152857924063395,2024-05-27,NEU,not ironic,
22925946,33568,33568,1795152857643053287,2024-05-27,POS,ironic,
22925947,33569,33569,1795152856158191853,2024-05-27,NEU,not ironic,
22925948,33570,33570,1795152855894053057,2024-05-27,NEG,not ironic,
22925949,33571,33571,1795152855847915814,2024-05-27,NEG,ironic,
22925950,33572,33572,1795152854379896947,2024-05-27,NEG,ironic,
22925951,33573,33573,1795152854040133974,2024-05-27,NEU,ironic,
22925952,33574,33574,1795152853318684880,2024-05-27,POS,not ironic,
22925953,33575,33575,1795152853276782631,2024-05-27,NEG,ironic,
22925954,33576,33576,1795152853205422435,2024-05-27,NEG,not ironic,
22925955,33577,33577,1795152851963969679,2024-05-27,NEU,not ironic,
22925956,33578,33578,1795152851561300044,2024-05-27,NEG,ironic,
22925957,33579,33579,1795152850680496529,2024-05-27,NEU,not ironic,
22925958,33580,33580,1795152849267003427,2024-05-27,NEG,ironic,
22925959,33581,33581,1795152848319103421,2024-05-27,NEU,ironic,
22925960,33582,33582,1795152845542510806,2024-05-27,NEU,ironic,
22925961,33583,33583,1795152844749672760,2024-05-27,POS,not ironic,
22925962,33584,33584,1795152844250640754,2024-05-27,NEG,not ironic,
22925963,33585,33585,1795152843202068696,2024-05-27,NEG,not ironic,
22925964,33586,33586,1795152842342138004,2024-05-27,NEG,not ironic,
22925965,33587,33587,1795152841226567753,2024-05-27,NEU,not ironic,
22925966,33588,33588,1795152840299569310,2024-05-27,NEU,not ironic,
22925967,33589,33589,1795152839649460724,2024-05-27,POS,ironic,
22925968,33590,33590,1795152839364206657,2024-05-27,POS,not ironic,
22925969,33591,33591,1795152838865072582,2024-05-27,POS,not ironic,
22925970,33592,33592,1795152838596706422,2024-05-27,NEG,not ironic,
22925971,33593,33593,1795152837371933032,2024-05-27,NEG,not ironic,
22925972,33594,33594,1795152837275455915,2024-05-27,POS,ironic,
22925973,33595,33595,1795152836973522990,2024-05-27,POS,ironic,
22925974,33596,33596,1795152836264591537,2024-05-27,NEG,not ironic,
22925975,33597,33597,1795152835534839928,2024-05-27,NEU,not ironic,
22925976,33598,33598,1795152835526475933,2024-05-27,NEG,not ironic,
22925977,33599,33599,1795152835492933876,2024-05-27,NEU,not ironic,
22925978,33600,33600,1795152834117218384,2024-05-27,NEG,not ironic,
22925979,33601,33601,1795152832879853882,2024-05-27,NEG,ironic,
22925980,33602,33602,1795152831906755054,2024-05-27,NEU,not ironic,
22925981,33603,33603,1795152831642517797,2024-05-27,NEG,ironic,
22925982,33604,33604,1795152831403483641,2024-05-27,NEG,ironic,
22925983,33605,33605,1795152829281145045,2024-05-27,NEU,not ironic,
22925984,33606,33606,1795152829134377304,2024-05-27,NEG,ironic,
22925985,33607,33607,1795152828815519786,2024-05-27,NEG,not ironic,
22925986,33608,33608,1795152827532079159,2024-05-27,NEG,not ironic,
22925987,33609,33609,1795152827313991686,2024-05-27,NEG,not ironic,
22925988,33610,33610,1795152826663891006,2024-05-27,NEU,ironic,
22925989,33611,33611,1795152826101870697,2024-05-27,NEG,not ironic,
22925990,33612,33612,1795152825745305824,2024-05-27,NEU,not ironic,
22925991,33613,33613,1795152824596148651,2024-05-27,NEU,not ironic,
22925992,33614,33614,1795152824260555139,2024-05-27,NEU,not ironic,
22925993,33615,33615,1795152822897402199,2024-05-27,NEU,not ironic,
22925994,33616,33616,1795152822507348084,2024-05-27,NEG,not ironic,
22925995,33617,33617,1795152821601309134,2024-05-27,NEG,ironic,
22925996,33618,33618,1795152821123215736,2024-05-27,NEU,ironic,
22925997,33619,33619,1795152820779225335,2024-05-27,NEG,not ironic,
22925998,33620,33620,1795152820716392698,2024-05-27,NEU,not ironic,
22925999,33621,33621,1795152820355702969,2024-05-27,NEU,ironic,
22926000,33622,33622,1795152819839705267,2024-05-27,NEG,not ironic,
22926001,33623,33623,1795152819177001437,2024-05-27,NEG,not ironic,
22926002,33624,33624,1795152816102592884,2024-05-27,NEG,not ironic,
22926003,33625,33625,1795152814978551965,2024-05-27,NEU,ironic,
22926004,33626,33626,1795152813418271019,2024-05-27,NEG,ironic,
22926005,33627,33627,1795152812533240312,2024-05-27,POS,not ironic,
22926006,33628,33628,1795152810276778394,2024-05-27,NEU,not ironic,
22926007,33629,33629,1795152808657781130,2024-05-27,NEG,ironic,
22926008,33630,33630,1795152808217362590,2024-05-27,NEG,not ironic,
22926009,33631,33631,1795152808032788772,2024-05-27,NEG,ironic,
22926010,33632,33632,1795152807667855552,2024-05-27,NEG,not ironic,
22926011,33633,33633,1795152807613341859,2024-05-27,NEU,not ironic,
22926012,33634,33634,1795152807231881595,2024-05-27,NEG,not ironic,
22926013,33635,33635,1795152806376051040,2024-05-27,NEG,not ironic,
22926014,33636,33636,1795152805377749373,2024-05-27,NEG,ironic,
22926015,33637,33637,1795152803825934449,2024-05-27,NEU,not ironic,
22926016,33638,33638,1795152803528134738,2024-05-27,NEU,not ironic,
22926017,33639,33639,1795152802634699102,2024-05-27,NEG,ironic,
22926018,33640,33640,1795152802169094405,2024-05-27,NEG,not ironic,
22926019,33641,33641,1795152800550113474,2024-05-27,NEG,not ironic,
22926020,33642,33642,1795152800176799892,2024-05-27,NEG,ironic,
22926021,33643,33643,1795152800155918675,2024-05-27,POS,not ironic,
22926022,33644,33644,1795152799279276046,2024-05-27,NEU,not ironic,
22926023,33645,33645,1795152798834704582,2024-05-27,NEG,ironic,
22926024,33646,33646,1795152798151037146,2024-05-27,NEG,not ironic,
22926025,33647,33647,1795152796620034354,2024-05-27,NEG,not ironic,
22926026,33648,33648,1795152795223327129,2024-05-27,POS,not ironic,
22926027,33649,33649,1795152793893736764,2024-05-27,NEU,ironic,
22926028,33650,33650,1795152793877000647,2024-05-27,NEG,ironic,
22926029,33651,33651,1795152793109471549,2024-05-27,NEG,not ironic,
22926030,33652,33652,1795152792287338716,2024-05-27,NEG,ironic,
22926031,33653,33653,1795152791620534668,2024-05-27,NEG,not ironic,
22926032,33654,33654,1795152788982305266,2024-05-27,POS,ironic,
22926033,33655,33655,1795152787673584088,2024-05-27,NEU,ironic,
22926034,33656,33656,1795152787505807683,2024-05-27,NEG,not ironic,
22926035,33657,33657,1795152787053117441,2024-05-27,POS,ironic,
22926036,33658,33658,1795152786516041937,2024-05-27,NEU,ironic,
22926037,33659,33659,1795152785983295578,2024-05-27,POS,ironic,
22926038,33660,33660,1795152785660346457,2024-05-27,NEG,ironic,
22926039,33661,33661,1795152785303916603,2024-05-27,NEG,ironic,
22926040,33662,33662,1795152785052401916,2024-05-27,NEG,not ironic,
22926041,33663,33663,1795152784422998130,2024-05-27,NEG,not ironic,
22926042,33664,33664,1795152783399637193,2024-05-27,POS,not ironic,
22926043,33665,33665,1795152783319941522,2024-05-27,NEG,not ironic,
22926044,33666,33666,1795152783168950299,2024-05-27,NEG,not ironic,
22926045,33667,33667,1795152778886615082,2024-05-27,NEG,ironic,
22926046,33668,33668,1795152778785878036,2024-05-27,NEU,not ironic,
22926047,33669,33669,1795152778588799119,2024-05-27,NEG,ironic,
22926048,33670,33670,1795152778337087634,2024-05-27,NEG,not ironic,
22926049,33671,33671,1795152778110644513,2024-05-27,NEU,ironic,
22926050,33672,33672,1795152777997349256,2024-05-27,NEG,ironic,
22926051,33673,33673,1795152777007505652,2024-05-27,NEG,ironic,
22926052,33674,33674,1795152775279468723,2024-05-27,NEU,not ironic,
22926053,33675,33675,1795152774973321334,2024-05-27,NEU,not ironic,
22926054,33676,33676,1795152773941448859,2024-05-27,NEU,ironic,
22926055,33677,33677,1795152770355306782,2024-05-27,NEG,ironic,
22926056,33678,33678,1795152770091061753,2024-05-27,NEG,not ironic,
22926057,33679,33679,1795152770015613247,2024-05-27,NEU,not ironic,
22926058,33680,33680,1795152768224669952,2024-05-27,NEG,not ironic,
22926059,33681,33681,1795152767444451601,2024-05-27,NEU,not ironic,
22926060,33682,33682,1795152766848893292,2024-05-27,POS,not ironic,
22926061,33683,33683,1795152766416859173,2024-05-27,NEU,not ironic,
22926062,33684,33684,1795152765947150439,2024-05-27,POS,ironic,
22926063,33685,33685,1795152765083115992,2024-05-27,NEG,not ironic,
22926064,33686,33686,1795152764772778138,2024-05-27,NEU,not ironic,
22926065,33687,33687,1795152764672094580,2024-05-27,NEU,ironic,
22926066,33688,33688,1795152764491718942,2024-05-27,NEG,ironic,
22926067,33689,33689,1795152763640316398,2024-05-27,NEG,ironic,
22926068,33690,33690,1795152762960806153,2024-05-27,NEG,ironic,
22926069,33691,33691,1795152761832522192,2024-05-27,NEU,not ironic,
22926070,33692,33692,1795152760809066608,2024-05-27,NEG,not ironic,
22926071,33693,33693,1795152760226156963,2024-05-27,NEG,ironic,
22926072,33694,33694,1795152760188379220,2024-05-27,NEG,not ironic,
22926073,33695,33695,1795152759336882674,2024-05-27,NEG,not ironic,
22926074,33696,33696,1795152758959391230,2024-05-27,NEG,not ironic,
22926075,33697,33697,1795152757306859565,2024-05-27,NEU,not ironic,
22926076,33698,33698,1795152756816114088,2024-05-27,NEG,ironic,
22926077,33699,33699,1795152756526690552,2024-05-27,NEU,ironic,
22926078,33700,33700,1795152755507544296,2024-05-27,NEG,ironic,
22926079,33701,33701,1795152755490721926,2024-05-27,NEG,ironic,
22926080,33702,33702,1795152755453055249,2024-05-27,NEG,ironic,
22926081,33703,33703,1795152754324709659,2024-05-27,NEU,not ironic,
22926082,33704,33704,1795152752714060111,2024-05-27,NEU,not ironic,
22926083,33705,33705,1795152752659574887,2024-05-27,NEU,not ironic,
22926084,33706,33706,1795152750692487472,2024-05-27,NEU,ironic,
22926085,33707,33707,1795152750344343984,2024-05-27,NEG,ironic,
22926086,33708,33708,1795152749186732346,2024-05-27,NEG,ironic,
22926087,33709,33709,1795152749161529581,2024-05-27,NEG,not ironic,
22926088,33710,33710,1795152748188508665,2024-05-27,NEG,ironic,
22926089,33711,33711,1795152748037419067,2024-05-27,NEG,not ironic,
22926090,33712,33712,1795152746410123683,2024-05-27,NEG,not ironic,
22926091,33713,33713,1795152745860645216,2024-05-27,NEG,ironic,
22926092,33714,33714,1795152745831203062,2024-05-27,NEG,ironic,
22926093,33715,33715,1795152743927103671,2024-05-27,NEU,not ironic,
22926094,33716,33716,1795152743843180689,2024-05-27,NEG,not ironic,
22926095,33717,33717,1795152743713112216,2024-05-27,NEG,ironic,
22926096,33718,33718,1795152742542905689,2024-05-27,NEG,not ironic,
22926097,33719,33719,1795152742144528608,2024-05-27,POS,not ironic,
22926098,33720,33720,1795152740798075070,2024-05-27,NEU,ironic,
22926099,33721,33721,1795152740785492283,2024-05-27,NEG,not ironic,
22926100,33722,33722,1795152740689088704,2024-05-27,NEU,not ironic,
22926101,33723,33723,1795152740651262094,2024-05-27,NEU,not ironic,
22926102,33724,33724,1795152740647092502,2024-05-27,NEG,not ironic,
22926103,33725,33725,1795152739808284883,2024-05-27,NEU,not ironic,
22926104,33726,33726,1795152737484616129,2024-05-27,NEG,not ironic,
22926105,33727,33727,1795152736977068294,2024-05-27,POS,not ironic,
22926106,33728,33728,1795152736591159492,2024-05-27,POS,not ironic,
22926107,33729,33729,1795152735043572043,2024-05-27,NEU,ironic,
22926108,33730,33730,1795152734854742043,2024-05-27,POS,not ironic,
22926109,33731,33731,1795152732472356997,2024-05-27,POS,not ironic,
22926110,33732,33732,1795152732350759242,2024-05-27,NEG,ironic,
22926111,33733,33733,1795152731931349303,2024-05-27,NEG,not ironic,
22926112,33734,33734,1795152730555662447,2024-05-27,NEU,ironic,
22926113,33735,33735,1795152729972629637,2024-05-27,NEG,not ironic,
22926114,33736,33736,1795152729720947133,2024-05-27,NEG,ironic,
22926115,33737,33737,1795152728693391538,2024-05-27,NEG,ironic,
22926116,33738,33738,1795152728273936665,2024-05-27,NEG,ironic,
22926117,33739,33739,1795152725178454220,2024-05-27,NEG,not ironic,
22926118,33740,33740,1795152724926812575,2024-05-27,NEG,not ironic,
22926119,33741,33741,1795152724868096393,2024-05-27,NEG,not ironic,
22926120,33742,33742,1795152724754850029,2024-05-27,NEG,ironic,
22926121,33743,33743,1795152721500098878,2024-05-27,NEU,ironic,
22926122,33744,33744,1795152718291439855,2024-05-27,NEG,not ironic,
22926123,33745,33745,1795152717565903323,2024-05-27,NEU,not ironic,
22926124,33746,33746,1795152716911558834,2024-05-27,NEG,ironic,
22926125,33747,33747,1795152715250536467,2024-05-27,NEG,not ironic,
22926126,33748,33748,1795152714529132914,2024-05-27,NEG,ironic,
22926127,33749,33749,1795152713816113608,2024-05-27,NEU,ironic,
22926128,33750,33750,1795152712264274213,2024-05-27,NEU,not ironic,
22926129,33751,33751,1795152709948985838,2024-05-27,NEU,not ironic,
22926130,33752,33752,1795152709697388861,2024-05-27,NEU,not ironic,
22926131,33753,33753,1795152709680537696,2024-05-27,NEG,ironic,
22926132,33754,33754,1795152709454119304,2024-05-27,NEG,ironic,
22926133,33755,33755,1795152708279652768,2024-05-27,NEU,ironic,
22926134,33756,33756,1795152707793105001,2024-05-27,NEU,not ironic,
22926135,33757,33757,1795152706924892410,2024-05-27,NEG,not ironic,
22926136,33758,33758,1795152706077683872,2024-05-27,NEG,not ironic,
22926137,33759,33759,1795152705754665466,2024-05-27,NEG,not ironic,
22926138,33760,33760,1795152704915873841,2024-05-27,NEG,not ironic,
22926139,33761,33761,1795152704009892234,2024-05-27,POS,not ironic,
22926140,33762,33762,1795152703758139439,2024-05-27,NEU,not ironic,
22926141,33763,33763,1795152702927683779,2024-05-27,NEG,not ironic,
22926142,33764,33764,1795152701233193296,2024-05-27,NEU,not ironic,
22926143,33765,33765,1795152700742439113,2024-05-27,NEG,ironic,
22926144,33766,33766,1795152700075606429,2024-05-27,NEG,ironic,
22926145,33767,33767,1795152699035472359,2024-05-27,NEU,not ironic,
22926146,33768,33768,1795152698930495849,2024-05-27,NEG,ironic,
22926147,33769,33769,1795152695986122929,2024-05-27,NEU,not ironic,
22926148,33770,33770,1795152693889012078,2024-05-27,NEG,not ironic,
22926149,33771,33771,1795152693117210887,2024-05-27,NEG,not ironic,
22926150,33772,33772,1795152692207038822,2024-05-27,POS,ironic,
22926151,33773,33773,1795152691523358727,2024-05-27,NEU,not ironic,
22926152,33774,33774,1795152691309531329,2024-05-27,NEU,not ironic,
22926153,33775,33775,1795152690634170389,2024-05-27,NEU,not ironic,
22926154,33776,33776,1795152689254314138,2024-05-27,NEU,not ironic,
22926155,33777,33777,1795152688209973291,2024-05-27,NEG,ironic,
22926156,33778,33778,1795152686767112424,2024-05-27,POS,not ironic,
22926157,33779,33779,1795152686708359643,2024-05-27,NEU,ironic,
22926158,33780,33780,1795152684275654849,2024-05-27,NEG,ironic,
22926159,33781,33781,1795152684019785855,2024-05-27,NEG,ironic,
22926160,33782,33782,1795152683722031558,2024-05-27,POS,ironic,
22926161,33783,33783,1795152683180994927,2024-05-27,NEG,not ironic,
22926162,33784,33784,1795152682828673195,2024-05-27,NEG,ironic,
22926163,33785,33785,1795152682090402024,2024-05-27,NEU,not ironic,
22926164,33786,33786,1795152681524138021,2024-05-27,NEG,not ironic,
22926165,33787,33787,1795152678453928016,2024-05-27,NEG,not ironic,
22926166,33788,33788,1795152676461613352,2024-05-27,NEU,not ironic,
22926167,33789,33789,1795152674666545533,2024-05-27,NEG,ironic,
22926168,33790,33790,1795152672598737308,2024-05-27,NEG,not ironic,
22926169,33791,33791,1795152671529156745,2024-05-27,NEG,not ironic,
22926170,33792,33792,1795152667855012337,2024-05-27,NEG,not ironic,
22926171,33793,33793,1795152667053793341,2024-05-27,NEG,not ironic,
22926172,33794,33794,1795152665015410745,2024-05-27,NEG,ironic,
22926173,33795,33795,1795152664478568533,2024-05-27,NEG,ironic,
22926174,33796,33796,1795152664117826022,2024-05-27,NEG,not ironic,
22926175,33797,33797,1795152663778148671,2024-05-27,NEU,not ironic,
22926176,33798,33798,1795152662368788787,2024-05-27,NEG,ironic,
22926177,33799,33799,1795152658522607654,2024-05-27,NEG,not ironic,
22926178,33800,33800,1795152657289482468,2024-05-27,NEG,not ironic,
22926179,33801,33801,1795152655662125355,2024-05-27,NEG,ironic,
22926180,33802,33802,1795152655360123340,2024-05-27,NEU,not ironic,
22926181,33803,33803,1795152655301439935,2024-05-27,NEG,ironic,
22926182,33804,33804,1795152655125262702,2024-05-27,NEG,not ironic,
22926183,33805,33805,1795152653850177743,2024-05-27,NEU,ironic,
22926184,33806,33806,1795152653527162932,2024-05-27,NEU,not ironic,
22926185,33807,33807,1795152652298314228,2024-05-27,POS,not ironic,
22926186,33808,33808,1795152651694317893,2024-05-27,NEU,not ironic,
22926187,33809,33809,1795152651039981782,2024-05-27,NEG,ironic,
22926188,33810,33810,1795152650226303449,2024-05-27,NEG,ironic,
22926189,33811,33811,1795152649966285299,2024-05-27,NEG,ironic,
22926190,33812,33812,1795152647906803784,2024-05-27,NEU,ironic,
22926191,33813,33813,1795152646040342983,2024-05-27,NEG,ironic,
22926192,33814,33814,1795152644618539308,2024-05-27,NEG,not ironic,
22926193,33815,33815,1795152643561566251,2024-05-27,NEG,ironic,
22926194,33816,33816,1795152642622021995,2024-05-27,NEG,not ironic,
22926195,33817,33817,1795152640516444262,2024-05-27,NEG,not ironic,
22926196,33818,33818,1795152639883149518,2024-05-27,NEU,ironic,
22926197,33819,33819,1795152639820276143,2024-05-27,NEG,not ironic,
22926198,33820,33820,1795152639102943422,2024-05-27,NEU,not ironic,
22926199,33821,33821,1795152637639229755,2024-05-27,NEG,not ironic,
22926200,33822,33822,1795152636318015528,2024-05-27,NEG,ironic,
22926201,33823,33823,1795152636091449740,2024-05-27,NEG,not ironic,
22926202,33824,33824,1795152636057878956,2024-05-27,NEG,not ironic,
22926203,33825,33825,1795152635919565175,2024-05-27,NEG,not ironic,
22926204,33826,33826,1795152635361689685,2024-05-27,NEG,not ironic,
22926205,33827,33827,1795152634812284996,2024-05-27,NEU,not ironic,
22926206,33828,33828,1795152634740957348,2024-05-27,NEG,not ironic,
22926207,33829,33829,1795152634246000824,2024-05-27,NEU,ironic,
22926208,33830,33830,1795152633734340904,2024-05-27,NEG,not ironic,
22926209,33831,33831,1795152632736014546,2024-05-27,POS,not ironic,
22926210,33832,33832,1795152631213547631,2024-05-27,NEU,not ironic,
22926211,33833,33833,1795152628529132025,2024-05-27,NEG,not ironic,
22926212,33834,33834,1795152627669275096,2024-05-27,NEG,not ironic,
22926213,33835,33835,1795152627430314389,2024-05-27,NEG,ironic,
22926214,33836,33836,1795152626432053268,2024-05-27,NEU,not ironic,
22926215,33837,33837,1795152626058748337,2024-05-27,NEG,not ironic,
22926216,33838,33838,1795152624427167924,2024-05-27,NEG,not ironic,
22926217,33839,33839,1795152624355787041,2024-05-27,NEG,ironic,
22926218,33840,33840,1795152621499486498,2024-05-27,POS,not ironic,
22926219,33841,33841,1795152621424066810,2024-05-27,POS,not ironic,
22926220,33842,33842,1795152619289169995,2024-05-27,NEU,not ironic,
22926221,33843,33843,1795152619196842399,2024-05-27,NEG,not ironic,
22926222,33844,33844,1795152618727125299,2024-05-27,NEG,ironic,
22926223,33845,33845,1795152613530366144,2024-05-27,NEU,ironic,
22926224,33846,33846,1795152613098352773,2024-05-27,NEU,not ironic,
22926225,33847,33847,1795152612657918276,2024-05-27,NEG,ironic,
22926226,33848,33848,1795152612603408625,2024-05-27,NEG,not ironic,
22926227,33849,33849,1795152610669842525,2024-05-27,NEG,not ironic,
22926228,33850,33850,1795152609646428202,2024-05-27,POS,not ironic,
22926229,33851,33851,1795152609000444028,2024-05-27,NEG,ironic,
22926230,33852,33852,1795152608388141101,2024-05-27,NEG,ironic,
22926231,33853,33853,1795152607641546806,2024-05-27,NEG,not ironic,
22926232,33854,33854,1795152607243067632,2024-05-27,NEU,ironic,
22926233,33855,33855,1795152607184318537,2024-05-27,NEG,not ironic,
22926234,33856,33856,1795152605695361486,2024-05-27,NEU,not ironic,
22926235,33857,33857,1795152605628248162,2024-05-27,NEG,not ironic,
22926236,33858,33858,1795152605053690041,2024-05-27,NEG,ironic,
22926237,33859,33859,1795152604298670206,2024-05-27,NEG,not ironic,
22926238,33860,33860,1795152604265111564,2024-05-27,NEG,ironic,
22926239,33861,33861,1795152602897719496,2024-05-27,POS,ironic,
22926240,33862,33862,1795152602881032267,2024-05-27,NEG,ironic,
22926241,33863,33863,1795152601899487638,2024-05-27,NEG,not ironic,
22926242,33864,33864,1795152599236096402,2024-05-27,NEG,not ironic,
22926243,33865,33865,1795152596337926192,2024-05-27,NEG,ironic,
22926244,33866,33866,1795152595838750890,2024-05-27,NEG,ironic,
22926245,33867,33867,1795152594135888280,2024-05-27,NEG,not ironic,
22926246,33868,33868,1795152591187304572,2024-05-27,NEU,not ironic,
22926247,33869,33869,1795152590725910867,2024-05-27,NEG,ironic,
22926248,33870,33870,1795152590465867854,2024-05-27,POS,not ironic,
22926249,33871,33871,1795152590054760949,2024-05-27,NEG,not ironic,
22926250,33872,33872,1795152588930695558,2024-05-27,NEG,ironic,
22926251,33873,33873,1795152588884586696,2024-05-27,NEG,ironic,
22926252,33874,33874,1795152586837745763,2024-05-27,NEU,not ironic,
22926253,33875,33875,1795152586141483044,2024-05-27,NEU,not ironic,
22926254,33876,33876,1795152585738879339,2024-05-27,NEU,ironic,
22926255,33877,33877,1795152585290129471,2024-05-27,NEU,not ironic,
22926256,33878,33878,1795152583838818646,2024-05-27,NEU,not ironic,
22926257,33879,33879,1795152582555398336,2024-05-27,NEU,not ironic,
22926258,33880,33880,1795152580680577053,2024-05-27,NEG,ironic,
22926259,33881,33881,1795152580454080621,2024-05-27,NEU,ironic,
22926260,33882,33882,1795152579879391574,2024-05-27,NEG,ironic,
22926261,33883,33883,1795152578893791680,2024-05-27,NEU,ironic,
22926262,33884,33884,1795152578872803614,2024-05-27,NEG,ironic,
22926263,33885,33885,1795152578050687333,2024-05-27,NEU,ironic,
22926264,33886,33886,1795152576968892886,2024-05-27,NEG,not ironic,
22926265,33887,33887,1795152575341228401,2024-05-27,NEU,not ironic,
22926266,33888,33888,1795152575165079680,2024-05-27,NEU,ironic,
22926267,33889,33889,1795152571406913842,2024-05-27,NEG,not ironic,
22926268,33890,33890,1795152571323084872,2024-05-27,NEG,not ironic,
22926269,33891,33891,1795152570014392412,2024-05-27,NEU,ironic,
22926270,33892,33892,1795152569636909453,2024-05-27,NEG,ironic,
22926271,33893,33893,1795152568458326400,2024-05-27,NEU,not ironic,
22926272,33894,33894,1795152568437371137,2024-05-27,NEG,ironic,
22926273,33895,33895,1795152567967576482,2024-05-27,POS,ironic,
22926274,33896,33896,1795152565790802334,2024-05-27,POS,not ironic,
22926275,33897,33897,1795152565023232225,2024-05-27,NEU,not ironic,
22926276,33898,33898,1795152563433624052,2024-05-27,NEG,ironic,
22926277,33899,33899,1795152563366510780,2024-05-27,NEG,ironic,
22926278,33900,33900,1795152561441300876,2024-05-27,POS,not ironic,
22926279,33901,33901,1795152560707305539,2024-05-27,POS,ironic,
22926280,33902,33902,1795152559310516647,2024-05-27,NEG,ironic,
22926281,33903,33903,1795152558161375239,2024-05-27,NEG,not ironic,
22926282,33904,33904,1795152557054083223,2024-05-27,NEG,ironic,
22926283,33905,33905,1795152556865306862,2024-05-27,NEG,ironic,
22926284,33906,33906,1795152556328370376,2024-05-27,POS,not ironic,
22926285,33907,33907,1795152555791573229,2024-05-27,POS,not ironic,
22926286,33908,33908,1795152554172596604,2024-05-27,NEU,ironic,
22926287,33909,33909,1795152553845354536,2024-05-27,NEG,ironic,
22926288,33910,33910,1795152553417597242,2024-05-27,NEG,ironic,
22926289,33911,33911,1795152552830402863,2024-05-27,NEU,not ironic,
22926290,33912,33912,1795152552524181813,2024-05-27,NEU,not ironic,
22926291,33913,33913,1795152551739826514,2024-05-27,NEG,not ironic,
22926292,33914,33914,1795152551614030149,2024-05-27,NEU,not ironic,
22926293,33915,33915,1795152551182024984,2024-05-27,NEU,not ironic,
22926294,33916,33916,1795152550569680977,2024-05-27,NEU,ironic,
22926295,33917,33917,1795152549927887133,2024-05-27,NEG,not ironic,
22926296,33918,33918,1795152549755981917,2024-05-27,NEU,not ironic,
22926297,33919,33919,1795152549206528073,2024-05-27,NEG,ironic,
22926298,33920,33920,1795152548749312068,2024-05-27,NEU,not ironic,
22926299,33921,33921,1795152547251991029,2024-05-27,NEU,not ironic,
22926300,33922,33922,1795152546069176775,2024-05-27,NEU,not ironic,
22926301,33923,33923,1795152546056577153,2024-05-27,NEG,not ironic,
22926302,33924,33924,1795152546010747335,2024-05-27,NEU,not ironic,
22926303,33925,33925,1795152544898981934,2024-05-27,NEU,ironic,
22926304,33926,33926,1795152544232022026,2024-05-27,NEG,not ironic,
22926305,33927,33927,1795152543636390050,2024-05-27,NEU,not ironic,
22926306,33928,33928,1795152543233773578,2024-05-27,NEU,not ironic,
22926307,33929,33929,1795152542948630943,2024-05-27,NEU,not ironic,
22926308,33930,33930,1795152542864687147,2024-05-27,NEG,not ironic,
22926309,33931,33931,1795152541283492178,2024-05-27,NEU,not ironic,
22926310,33932,33932,1795152540482388149,2024-05-27,NEG,not ironic,
22926311,33933,33933,1795152540129951972,2024-05-27,POS,not ironic,
22926312,33934,33934,1795152539186328003,2024-05-27,NEG,not ironic,
22926313,33935,33935,1795152538242539729,2024-05-27,NEG,ironic,
22926314,33936,33936,1795152538141970866,2024-05-27,NEG,not ironic,
22926315,33937,33937,1795152536795566418,2024-05-27,NEG,not ironic,
22926316,33938,33938,1795152536074154349,2024-05-27,NEG,not ironic,
22926317,33939,33939,1795152535977611296,2024-05-27,POS,ironic,
22926318,33940,33940,1795152535877030340,2024-05-27,NEG,ironic,
22926319,33941,33941,1795152534555804011,2024-05-27,NEG,not ironic,
22926320,33942,33942,1795152534136332325,2024-05-27,NEU,not ironic,
22926321,33943,33943,1795152533070971268,2024-05-27,NEU,not ironic,
22926322,33944,33944,1795152532915798286,2024-05-27,NEU,ironic,
22926323,33945,33945,1795152531904999702,2024-05-27,NEG,not ironic,
22926324,33946,33946,1795152531099726327,2024-05-27,NEG,not ironic,
22926325,33947,33947,1795152531049291853,2024-05-27,NEG,not ironic,
22926326,33948,33948,1795152530411860450,2024-05-27,NEG,not ironic,
22926327,33949,33949,1795152529438683546,2024-05-27,NEU,not ironic,
22926328,33950,33950,1795152528360841689,2024-05-27,NEG,not ironic,
22926329,33951,33951,1795152527383535910,2024-05-27,NEU,ironic,
22926330,33952,33952,1795152526251040799,2024-05-27,NEG,ironic,
22926331,33953,33953,1795152525798117613,2024-05-27,NEG,ironic,
22926332,33954,33954,1795152524917231922,2024-05-27,NEG,ironic,
22926333,33955,33955,1795152524040630435,2024-05-27,NEG,not ironic,
22926334,33956,33956,1795152523184984325,2024-05-27,NEG,not ironic,
22926335,33957,33957,1795152522077774007,2024-05-27,NEG,not ironic,
22926336,33958,33958,1795152521121390596,2024-05-27,NEG,ironic,
22926337,33959,33959,1795152520697851987,2024-05-27,NEU,not ironic,
22926338,33960,33960,1795152518936179043,2024-05-27,POS,not ironic,
22926339,33961,33961,1795152518680297797,2024-05-27,NEU,not ironic,
22926340,33962,33962,1795152517292073148,2024-05-27,NEG,not ironic,
22926341,33963,33963,1795152516994249131,2024-05-27,NEG,not ironic,
22926342,33964,33964,1795152516910346350,2024-05-27,NEU,not ironic,
22926343,33965,33965,1795152515513675811,2024-05-27,NEU,not ironic,
22926344,33966,33966,1795152515505299723,2024-05-27,POS,not ironic,
22926345,33967,33967,1795152514666401819,2024-05-27,NEU,not ironic,
22926346,33968,33968,1795152513798144238,2024-05-27,NEU,not ironic,
22926347,33969,33969,1795152513336848451,2024-05-27,NEG,ironic,
22926348,33970,33970,1795152512992895050,2024-05-27,POS,ironic,
22926349,33971,33971,1795152512040767967,2024-05-27,POS,not ironic,
22926350,33972,33972,1795152511742918700,2024-05-27,NEG,ironic,
22926351,33973,33973,1795152511495438366,2024-05-27,NEG,not ironic,
22926352,33974,33974,1795152509989789948,2024-05-27,NEG,not ironic,
22926353,33975,33975,1795152509381620136,2024-05-27,NEU,not ironic,
22926354,33976,33976,1795152509322809433,2024-05-27,NEU,not ironic,
22926355,33977,33977,1795152509138252131,2024-05-27,NEG,not ironic,
22926356,33978,33978,1795152507993227641,2024-05-27,NEU,not ironic,
22926357,33979,33979,1795152507431243939,2024-05-27,NEU,not ironic,
22926358,33980,33980,1795152507225702901,2024-05-27,NEG,ironic,
22926359,33981,33981,1795152505975824838,2024-05-27,NEU,not ironic,
22926360,33982,33982,1795152505506083170,2024-05-27,NEG,ironic,
22926361,33983,33983,1795152504075760028,2024-05-27,NEU,not ironic,
22926362,33984,33984,1795152503895441886,2024-05-27,NEU,not ironic,
22926363,33985,33985,1795152501211074956,2024-05-27,NEU,not ironic,
22926364,33986,33986,1795152499252273403,2024-05-27,NEU,ironic,
22926365,33987,33987,1795152498937774364,2024-05-27,NEG,ironic,
22926366,33988,33988,1795152497964662881,2024-05-27,NEU,not ironic,
22926367,33989,33989,1795152497868238962,2024-05-27,NEG,not ironic,
22926368,33990,33990,1795152497494950024,2024-05-27,NEU,not ironic,
22926369,33991,33991,1795152496689590647,2024-05-27,NEG,ironic,
22926370,33992,33992,1795152495494189420,2024-05-27,NEG,not ironic,
22926371,33993,33993,1795152494810534297,2024-05-27,POS,ironic,
22926372,33994,33994,1795152494386901239,2024-05-27,NEU,not ironic,
22926373,33995,33995,1795152492554027388,2024-05-27,NEU,ironic,
22926374,33996,33996,1795152492008776074,2024-05-27,NEG,not ironic,
22926375,33997,33997,1795152490830213445,2024-05-27,NEG,ironic,
22926376,33998,33998,1795152490767278178,2024-05-27,NEG,not ironic,
22926377,33999,33999,1795152490494583021,2024-05-27,NEU,ironic,
22926378,34000,34000,1795152489928335507,2024-05-27,NEG,ironic,
22926379,34001,34001,1795152489865490853,2024-05-27,NEG,ironic,
22926380,34002,34002,1795152489676739068,2024-05-27,NEU,not ironic,
22926381,34003,34003,1795152488313582001,2024-05-27,NEG,not ironic,
22926382,34004,34004,1795152486342234554,2024-05-27,NEG,not ironic,
22926383,34005,34005,1795152486132531278,2024-05-27,NEG,not ironic,
22926384,34006,34006,1795152484698104072,2024-05-27,NEU,not ironic,
22926385,34007,34007,1795152484471632111,2024-05-27,NEG,not ironic,
22926386,34008,34008,1795152483691470926,2024-05-27,NEU,not ironic,
22926387,34009,34009,1795152482382791043,2024-05-27,POS,ironic,
22926388,34010,34010,1795152482076708959,2024-05-27,NEU,ironic,
22926389,34011,34011,1795152480688316689,2024-05-27,NEG,not ironic,
22926390,34012,34012,1795152479971053661,2024-05-27,NEG,not ironic,
22926391,34013,34013,1795152479904038961,2024-05-27,NEG,ironic,
22926392,34014,34014,1795152478620492126,2024-05-27,NEG,not ironic,
22926393,34015,34015,1795152478490518012,2024-05-27,NEG,ironic,
22926394,34016,34016,1795152477244752359,2024-05-27,NEU,not ironic,
22926395,34017,34017,1795152477005701559,2024-05-27,NEG,not ironic,
22926396,34018,34018,1795152473964830752,2024-05-27,NEU,not ironic,
22926397,34019,34019,1795152473449025653,2024-05-27,NEG,not ironic,
22926398,34020,34020,1795152471309848835,2024-05-27,NEG,not ironic,
22926399,34021,34021,1795152470462562306,2024-05-27,NEG,ironic,
22926400,34022,34022,1795152468860453015,2024-05-27,NEG,ironic,
22926401,34023,34023,1795152467782463511,2024-05-27,NEU,not ironic,
22926402,34024,34024,1795152467354665457,2024-05-27,NEG,ironic,
22926403,34025,34025,1795152466629063045,2024-05-27,NEG,not ironic,
22926404,34026,34026,1795152463424606511,2024-05-27,NEG,not ironic,
22926405,34027,34027,1795152462921285636,2024-05-27,NEU,not ironic,
22926406,34028,34028,1795152462598312295,2024-05-27,NEG,ironic,
22926407,34029,34029,1795152461717467350,2024-05-27,POS,ironic,
22926408,34030,34030,1795152460299804793,2024-05-27,NEG,not ironic,
22926409,34031,34031,1795152458974482907,2024-05-27,NEG,not ironic,
22926410,34032,34032,1795152458966044712,2024-05-27,NEU,not ironic,
22926411,34033,34033,1795152458701762826,2024-05-27,NEG,ironic,
22926412,34034,34034,1795152457972015547,2024-05-27,NEG,ironic,
22926413,34035,34035,1795152457414160420,2024-05-27,NEG,ironic,
22926414,34036,34036,1795152456717832624,2024-05-27,POS,not ironic,
22926415,34037,34037,1795152454310343115,2024-05-27,NEG,not ironic,
22926416,34038,34038,1795152453077205133,2024-05-27,NEG,not ironic,
22926417,34039,34039,1795152452288717304,2024-05-27,NEG,ironic,
22926418,34040,34040,1795152451726631215,2024-05-27,NEU,not ironic,
22926419,34041,34041,1795152451516891614,2024-05-27,NEG,ironic,
22926420,34042,34042,1795152450996801703,2024-05-27,NEG,ironic,
22926421,34043,34043,1795152450543874239,2024-05-27,NEU,not ironic,
22926422,34044,34044,1795152449352659335,2024-05-27,NEG,not ironic,
22926423,34045,34045,1795152448643793208,2024-05-27,NEU,not ironic,
22926424,34046,34046,1795152447465292226,2024-05-27,POS,not ironic,
22926425,34047,34047,1795152444525003185,2024-05-27,NEU,not ironic,
22926426,34048,34048,1795152444088819838,2024-05-27,NEU,not ironic,
22926427,34049,34049,1795152443694616743,2024-05-27,NEU,not ironic,
22926428,34050,34050,1795152443229044989,2024-05-27,NEG,not ironic,
22926429,34051,34051,1795152442314645646,2024-05-27,NEU,not ironic,
22926430,34052,34052,1795152441517740372,2024-05-27,NEU,ironic,
22926431,34053,34053,1795152441006010603,2024-05-27,NEG,not ironic,
22926432,34054,34054,1795152440443986305,2024-05-27,NEG,not ironic,
22926433,34055,34055,1795152440309711016,2024-05-27,POS,ironic,
22926434,34056,34056,1795152439756120179,2024-05-27,NEG,ironic,
22926435,34057,34057,1795152439135367258,2024-05-27,NEG,not ironic,
22926436,34058,34058,1795152436903993602,2024-05-27,NEG,ironic,
22926437,34059,34059,1795152436413317536,2024-05-27,NEU,not ironic,
22926438,34060,34060,1795152434714619973,2024-05-27,NEG,not ironic,
22926439,34061,34061,1795152434337046634,2024-05-27,NEU,not ironic,
22926440,34062,34062,1795152434198663267,2024-05-27,NEG,not ironic,
22926441,34063,34063,1795152431828889889,2024-05-27,NEU,not ironic,
22926442,34064,34064,1795152430977401073,2024-05-27,POS,not ironic,
22926443,34065,34065,1795152430889324824,2024-05-27,NEG,ironic,
22926444,34066,34066,1795152429987582094,2024-05-27,NEG,ironic,
22926445,34067,34067,1795152429559759116,2024-05-27,NEU,not ironic,
22926446,34068,34068,1795152426988711992,2024-05-27,NEG,ironic,
22926447,34069,34069,1795152426510512147,2024-05-27,NEG,ironic,
22926448,34070,34070,1795152423872340404,2024-05-27,NEG,not ironic,
22926449,34071,34071,1795152423272542715,2024-05-27,NEU,not ironic,
22926450,34072,34072,1795152422123233383,2024-05-27,POS,not ironic,
22926451,34073,34073,1795152421871575360,2024-05-27,NEG,ironic,
22926452,34074,34074,1795152421397704801,2024-05-27,NEG,not ironic,
22926453,34075,34075,1795152421183775022,2024-05-27,NEG,not ironic,
22926454,34076,34076,1795152419141169311,2024-05-27,NEG,ironic,
22926455,34077,34077,1795152417794687157,2024-05-27,NEG,ironic,
22926456,34078,34078,1795152416616157360,2024-05-27,NEG,not ironic,
22926457,34079,34079,1795152415932514805,2024-05-27,POS,ironic,
22926458,34080,34080,1795152414372147449,2024-05-27,NEG,not ironic,
22926459,34081,34081,1795152414284144687,2024-05-27,NEU,not ironic,
22926460,34082,34082,1795152410257596808,2024-05-27,NEU,ironic,
22926461,34083,34083,1795152409741689002,2024-05-27,POS,ironic,
22926462,34084,34084,1795152409456488510,2024-05-27,NEU,not ironic,
22926463,34085,34085,1795152409053864438,2024-05-27,NEG,not ironic,
22926464,34086,34086,1795152408919642480,2024-05-27,NEG,not ironic,
22926465,34087,34087,1795152406642065418,2024-05-27,NEG,not ironic,
22926466,34088,34088,1795152405526429720,2024-05-27,NEG,not ironic,
22926467,34089,34089,1795152403945214389,2024-05-27,NEU,ironic,
22926468,34090,34090,1795152403789914580,2024-05-27,NEG,not ironic,
22926469,34091,34091,1795152402695217640,2024-05-27,NEG,not ironic,
22926470,34092,34092,1795152401038471505,2024-05-27,POS,not ironic,
22926471,34093,34093,1795152400728158664,2024-05-27,NEG,not ironic,
22926472,34094,34094,1795152400472240295,2024-05-27,NEG,not ironic,
22926473,34095,34095,1795152398731682273,2024-05-27,NEU,ironic,
22926474,34096,34096,1795152398165381238,2024-05-27,NEU,not ironic,
22926475,34097,34097,1795152398043771203,2024-05-27,NEG,ironic,
22926476,34098,34098,1795152397062255047,2024-05-27,NEG,ironic,
22926477,34099,34099,1795152397045510204,2024-05-27,NEG,ironic,
22926478,34100,34100,1795152395225256243,2024-05-27,NEG,ironic,
22926479,34101,34101,1795152391685169452,2024-05-27,NEU,not ironic,
22926480,34102,34102,1795152390401749453,2024-05-27,NEG,not ironic,
22926481,34103,34103,1795152390162641368,2024-05-27,NEG,ironic,
22926482,34104,34104,1795152390041031044,2024-05-27,POS,not ironic,
22926483,34105,34105,1795152387750985963,2024-05-27,NEU,not ironic,
22926484,34106,34106,1795152387205689372,2024-05-27,NEU,not ironic,
22926485,34107,34107,1795152384227766624,2024-05-27,POS,not ironic,
22926486,34108,34108,1795152383787384890,2024-05-27,NEU,not ironic,
22926487,34109,34109,1795152380738093333,2024-05-27,NEU,not ironic,
22926488,34110,34110,1795152379832131802,2024-05-27,NEG,ironic,
22926489,34111,34111,1795152379106545787,2024-05-27,NEG,not ironic,
22926490,34112,34112,1795152378850681055,2024-05-27,NEU,not ironic,
22926491,34113,34113,1795152378708079000,2024-05-27,NEU,not ironic,
22926492,34114,34114,1795152377521094907,2024-05-27,NEG,ironic,
22926493,34115,34115,1795152377495814290,2024-05-27,NEG,not ironic,
22926494,34116,34116,1795152376308834640,2024-05-27,NEU,not ironic,
22926495,34117,34117,1795152376183115825,2024-05-27,NEG,not ironic,
22926496,34118,34118,1795152376183062746,2024-05-27,NEU,not ironic,
22926497,34119,34119,1795152374958350597,2024-05-27,NEU,not ironic,
22926498,34120,34120,1795152374845022308,2024-05-27,NEG,ironic,
22926499,34121,34121,1795152374815658450,2024-05-27,NEU,ironic,
22926500,34122,34122,1795152373842596036,2024-05-27,NEU,ironic,
22926501,34123,34123,1795152373804843422,2024-05-27,NEG,ironic,
22926502,34124,34124,1795152373150560539,2024-05-27,NEG,not ironic,
22926503,34125,34125,1795152372655649060,2024-05-27,NEG,not ironic,
22926504,34126,34126,1795152369950298617,2024-05-27,NEG,ironic,
22926505,34127,34127,1795152369828659421,2024-05-27,NEG,ironic,
22926506,34128,34128,1795152369614729441,2024-05-27,POS,not ironic,
22926507,34129,34129,1795152368293568757,2024-05-27,NEG,ironic,
22926508,34130,34130,1795152367588962583,2024-05-27,NEG,not ironic,
22926509,34131,34131,1795152363432403181,2024-05-27,NEG,ironic,
22926510,34132,34132,1795152362362782132,2024-05-27,NEU,not ironic,
22926511,34133,34133,1795152359389094238,2024-05-27,NEU,not ironic,
22926512,34134,34134,1795152358285942874,2024-05-27,NEG,ironic,
22926513,34135,34135,1795152354779537889,2024-05-27,NEU,not ironic,
22926514,34136,34136,1795152353013690619,2024-05-27,NEU,not ironic,
22926515,34137,34137,1795152352057463106,2024-05-27,NEU,ironic,
22926516,34138,34138,1795152351067767245,2024-05-27,NEG,not ironic,
22926517,34139,34139,1795152350484599147,2024-05-27,NEG,not ironic,
22926518,34140,34140,1795152348899148187,2024-05-27,NEU,not ironic,
22926519,34141,34141,1795152348869689522,2024-05-27,NEG,not ironic,
22926520,34142,34142,1795152347422675262,2024-05-27,NEG,not ironic,
22926521,34143,34143,1795152345623335134,2024-05-27,NEG,not ironic,
22926522,34144,34144,1795152342267854934,2024-05-27,NEG,not ironic,
22926523,34145,34145,1795152339889709403,2024-05-27,POS,ironic,
22926524,34146,34146,1795152338690191413,2024-05-27,NEG,not ironic,
22926525,34147,34147,1795152338472022523,2024-05-27,NEG,not ironic,
22926526,34148,34148,1795152337947836852,2024-05-27,NEG,ironic,
22926527,34149,34149,1795152337918455889,2024-05-27,NEU,ironic,
22926528,34150,34150,1795152337884877110,2024-05-27,NEU,not ironic,
22926529,34151,34151,1795152334365806671,2024-05-27,NEU,ironic,
22926530,34152,34152,1795152334298755223,2024-05-27,NEU,not ironic,
22926531,34153,34153,1795152333849899277,2024-05-27,NEG,ironic,
22926532,34154,34154,1795152333669544088,2024-05-27,NEG,ironic,
22926533,34155,34155,1795152332042162234,2024-05-27,NEU,not ironic,
22926534,34156,34156,1795152331396321681,2024-05-27,NEG,ironic,
22926535,34157,34157,1795152329609449718,2024-05-27,NEU,ironic,
22926536,34158,34158,1795152329177456898,2024-05-27,NEG,not ironic,
22926537,34159,34159,1795152326920986637,2024-05-27,NEG,not ironic,
22926538,34160,34160,1795152325574545742,2024-05-27,NEU,not ironic,
22926539,34161,34161,1795152323292918236,2024-05-27,NEG,ironic,
22926540,34162,34162,1795152323263492440,2024-05-27,NEU,not ironic,
22926541,34163,34163,1795152322709905883,2024-05-27,NEG,not ironic,
22926542,34164,34164,1795152322449887665,2024-05-27,POS,ironic,
22926543,34165,34165,1795152320285610373,2024-05-27,NEU,not ironic,
22926544,34166,34166,1795152320281407499,2024-05-27,NEU,not ironic,
22926545,34167,34167,1795152320084197867,2024-05-27,NEG,ironic,
22926546,34168,34168,1795152319828361558,2024-05-27,NEG,not ironic,
22926547,34169,34169,1795152319429890180,2024-05-27,NEG,not ironic,
22926548,34170,34170,1795152319333433693,2024-05-27,NEG,not ironic,
22926549,34171,34171,1795152318788157677,2024-05-27,NEU,not ironic,
22926550,34172,34172,1795152318150701164,2024-05-27,NEU,not ironic,
22926551,34173,34173,1795152315604738206,2024-05-27,NEG,not ironic,
22926552,34174,34174,1795152315134902294,2024-05-27,NEG,ironic,
22926553,34175,34175,1795152314048672174,2024-05-27,NEG,ironic,
22926554,34176,34176,1795152313960550560,2024-05-27,NEG,not ironic,
22926555,34177,34177,1795152313067155908,2024-05-27,NEG,not ironic,
22926556,34178,34178,1795152312802898260,2024-05-27,NEG,not ironic,
22926557,34179,34179,1795152312719245596,2024-05-27,NEG,not ironic,
22926558,34180,34180,1795152312643526744,2024-05-27,POS,ironic,
22926559,34181,34181,1795152312328970678,2024-05-27,NEG,not ironic,
22926560,34182,34182,1795152310764470298,2024-05-27,NEU,not ironic,
22926561,34183,34183,1795152309296443709,2024-05-27,POS,ironic,
22926562,34184,34184,1795152307903922402,2024-05-27,NEG,not ironic,
22926563,34185,34185,1795152307815928047,2024-05-27,NEG,not ironic,
22926564,34186,34186,1795152306821800224,2024-05-27,NEU,not ironic,
22926565,34187,34187,1795152305878175804,2024-05-27,NEG,not ironic,
22926566,34188,34188,1795152303218974754,2024-05-27,NEU,not ironic,
22926567,34189,34189,1795152303151886624,2024-05-27,NEG,not ironic,
22926568,34190,34190,1795152302006738963,2024-05-27,NEG,not ironic,
22926569,34191,34191,1795152301218251219,2024-05-27,NEG,not ironic,
22926570,34192,34192,1795152297904963939,2024-05-27,NEU,ironic,
22926571,34193,34193,1795152297183543331,2024-05-27,NEU,ironic,
22926572,34194,34194,1795152297074242007,2024-05-27,NEG,not ironic,
22926573,34195,34195,1795152297007190345,2024-05-27,NEG,not ironic,
22926574,34196,34196,1795152295174263202,2024-05-27,NEG,not ironic,
22926575,34197,34197,1795152294587118032,2024-05-27,NEU,not ironic,
22926576,34198,34198,1795152293957955716,2024-05-27,POS,not ironic,
22926577,34199,34199,1795152293450379292,2024-05-27,NEG,not ironic,
22926578,34200,34200,1795152292674519537,2024-05-27,POS,ironic,
22926579,34201,34201,1795152292225728524,2024-05-27,NEU,not ironic,
22926580,34202,34202,1795152292020134123,2024-05-27,POS,not ironic,
22926581,34203,34203,1795152291986587662,2024-05-27,NEG,not ironic,
22926582,34204,34204,1795152291521028424,2024-05-27,NEG,ironic,
22926583,34205,34205,1795152291391054294,2024-05-27,NEG,not ironic,
22926584,34206,34206,1795152291210608890,2024-05-27,NEG,ironic,
22926585,34207,34207,1795152290149552608,2024-05-27,NEG,ironic,
22926586,34208,34208,1795152289243549987,2024-05-27,NEU,ironic,
22926587,34209,34209,1795152287737782692,2024-05-27,NEG,ironic,
22926588,34210,34210,1795152285913251853,2024-05-27,NEG,not ironic,
22926589,34211,34211,1795152285011480771,2024-05-27,NEU,not ironic,
22926590,34212,34212,1795152284420026423,2024-05-27,NEG,ironic,
22926591,34213,34213,1795152284059373817,2024-05-27,POS,not ironic,
22926592,34214,34214,1795152283916734638,2024-05-27,NEU,not ironic,
22926593,34215,34215,1795152282574549277,2024-05-27,NEG,not ironic,
22926594,34216,34216,1795152282469732787,2024-05-27,NEG,not ironic,
22926595,34217,34217,1795152280796213719,2024-05-27,NEU,not ironic,
22926596,34218,34218,1795152280708157751,2024-05-27,NEG,not ironic,
22926597,34219,34219,1795152280490016805,2024-05-27,NEG,not ironic,
22926598,34220,34220,1795152280368427143,2024-05-27,NEU,not ironic,
22926599,34221,34221,1795152280313897091,2024-05-27,NEG,not ironic,
22926600,34222,34222,1795152280221581557,2024-05-27,NEU,ironic,
22926601,34223,34223,1795152279881863546,2024-05-27,NEG,ironic,
22926602,34224,34224,1795152278896230775,2024-05-27,NEG,ironic,
22926603,34225,34225,1795152277415592151,2024-05-27,NEG,not ironic,
22926604,34226,34226,1795152276287271040,2024-05-27,NEG,not ironic,
22926605,34227,34227,1795152275054133591,2024-05-27,POS,ironic,
22926606,34228,34228,1795152274760581274,2024-05-27,NEU,not ironic,
22926607,34229,34229,1795152273871430017,2024-05-27,NEG,ironic,
22926608,34230,34230,1795152273837801825,2024-05-27,NEG,not ironic,
22926609,34231,34231,1795152273728766382,2024-05-27,NEU,not ironic,
22926610,34232,34232,1795152272973787405,2024-05-27,POS,not ironic,
22926611,34233,34233,1795152270331441473,2024-05-27,NEG,ironic,
22926612,34234,34234,1795152270289428705,2024-05-27,NEG,not ironic,
22926613,34235,34235,1795152269748408426,2024-05-27,NEU,not ironic,
22926614,34236,34236,1795152268515295543,2024-05-27,NEU,not ironic,
22926615,34237,34237,1795152268146130969,2024-05-27,NEU,ironic,
22926616,34238,34238,1795152267512774979,2024-05-27,POS,ironic,
22926617,34239,34239,1795152267189821656,2024-05-27,NEU,not ironic,
22926618,34240,34240,1795152265038205313,2024-05-27,POS,not ironic,
22926619,34241,34241,1795152264878850295,2024-05-27,NEG,not ironic,
22926620,34242,34242,1795152264845316573,2024-05-27,NEU,not ironic,
22926621,34243,34243,1795152262911652181,2024-05-27,NEG,not ironic,
22926622,34244,34244,1795152262643204178,2024-05-27,NEG,ironic,
22926623,34245,34245,1795152262106370536,2024-05-27,POS,not ironic,
22926624,34246,34246,1795152261246501221,2024-05-27,NEU,not ironic,
22926625,34247,34247,1795152260961341521,2024-05-27,POS,ironic,
22926626,34248,34248,1795152260332171417,2024-05-27,POS,ironic,
22926627,34249,34249,1795152259497500774,2024-05-27,NEU,not ironic,
22926628,34250,34250,1795152259346534403,2024-05-27,NEG,ironic,
22926629,34251,34251,1795152255445832091,2024-05-27,NEU,not ironic,
22926630,34252,34252,1795152255093489689,2024-05-27,NEU,not ironic,
22926631,34253,34253,1795152252186890514,2024-05-27,NEU,not ironic,
22926632,34254,34254,1795152251838714186,2024-05-27,NEG,ironic,
22926633,34255,34255,1795152251784175637,2024-05-27,NEU,ironic,
22926634,34256,34256,1795152249787715640,2024-05-27,NEU,not ironic,
22926635,34257,34257,1795152249561252151,2024-05-27,NEU,not ironic,
22926636,34258,34258,1795152249078874135,2024-05-27,NEU,ironic,
22926637,34259,34259,1795152248210698738,2024-05-27,NEG,not ironic,
22926638,34260,34260,1795152247590092822,2024-05-27,NEG,not ironic,
22926639,34261,34261,1795152247246008795,2024-05-27,NEG,not ironic,
22926640,34262,34262,1795152247053009406,2024-05-27,NEU,not ironic,
22926641,34263,34263,1795152243181691111,2024-05-27,POS,not ironic,
22926642,34264,34264,1795152243047469101,2024-05-27,NEU,not ironic,
22926643,34265,34265,1795152241227124921,2024-05-27,NEG,ironic,
22926644,34266,34266,1795152239759122639,2024-05-27,NEG,not ironic,
22926645,34267,34267,1795152239285117417,2024-05-27,NEU,not ironic,
22926646,34268,34268,1795152237611659431,2024-05-27,NEG,not ironic,
22926647,34269,34269,1795152237590622363,2024-05-27,NEU,not ironic,
22926648,34270,34270,1795152236617581046,2024-05-27,NEU,not ironic,
22926649,34271,34271,1795152236617576567,2024-05-27,NEU,not ironic,
22926650,34272,34272,1795152234256236925,2024-05-27,NEG,ironic,
22926651,34273,34273,1795152233119486121,2024-05-27,NEU,not ironic,
22926652,34274,34274,1795152232586911934,2024-05-27,NEG,ironic,
22926653,34275,34275,1795152232050032731,2024-05-27,NEG,not ironic,
22926654,34276,34276,1795152231005618337,2024-05-27,NEG,not ironic,
22926655,34277,34277,1795152229294309544,2024-05-27,NEG,ironic,
22926656,34278,34278,1795152227742429349,2024-05-27,NEU,not ironic,
22926657,34279,34279,1795152227507540444,2024-05-27,NEG,not ironic,
22926658,34280,34280,1795152227314602481,2024-05-27,NEG,ironic,
22926659,34281,34281,1795152226794574330,2024-05-27,NEG,not ironic,
22926660,34282,34282,1795152225951527096,2024-05-27,NEU,ironic,
22926661,34283,34283,1795152224332513504,2024-05-27,NEU,not ironic,
22926662,34284,34284,1795152223518745025,2024-05-27,NEU,not ironic,
22926663,34285,34285,1795152223455862859,2024-05-27,NEG,not ironic,
22926664,34286,34286,1795152223439044869,2024-05-27,NEG,ironic,
22926665,34287,34287,1795152223254573362,2024-05-27,NEG,not ironic,
22926666,34288,34288,1795152221601939673,2024-05-27,NEG,not ironic,
22926667,34289,34289,1795152221421666445,2024-05-27,NEG,not ironic,
22926668,34290,34290,1795152220939485553,2024-05-27,NEG,not ironic,
22926669,34291,34291,1795152218229801359,2024-05-27,NEU,ironic,
22926670,34292,34292,1795152217839673719,2024-05-27,POS,ironic,
22926671,34293,34293,1795152217168662639,2024-05-27,NEG,ironic,
22926672,34294,34294,1795152216682061948,2024-05-27,NEU,ironic,
22926673,34295,34295,1795152215989948514,2024-05-27,POS,ironic,
22926674,34296,34296,1795152213871853917,2024-05-27,NEU,not ironic,
22926675,34297,34297,1795152212764553235,2024-05-27,NEU,not ironic,
22926676,34298,34298,1795152210713575476,2024-05-27,NEG,not ironic,
22926677,34299,34299,1795152210528997771,2024-05-27,NEG,not ironic,
22926678,34300,34300,1795152207542727003,2024-05-27,NEU,ironic,
22926679,34301,34301,1795152207077089756,2024-05-27,POS,ironic,
22926680,34302,34302,1795152206708068558,2024-05-27,NEU,not ironic,
22926681,34303,34303,1795152205428777119,2024-05-27,NEU,not ironic,
22926682,34304,34304,1795152205227377147,2024-05-27,NEG,ironic,
22926683,34305,34305,1795152204535357764,2024-05-27,NEG,ironic,
22926684,34306,34306,1795152203377750297,2024-05-27,NEU,not ironic,
22926685,34307,34307,1795152202777890983,2024-05-27,NEG,not ironic,
22926686,34308,34308,1795152202010337400,2024-05-27,NEG,ironic,
22926687,34309,34309,1795152200991203829,2024-05-27,NEU,not ironic,
22926688,34310,34310,1795152200718500021,2024-05-27,NEG,ironic,
22926689,34311,34311,1795152198277480632,2024-05-27,NEU,not ironic,
22926690,34312,34312,1795152197841453345,2024-05-27,NEU,ironic,
22926691,34313,34313,1795152196780068888,2024-05-27,NEG,ironic,
22926692,34314,34314,1795152195475640696,2024-05-27,NEU,not ironic,
22926693,34315,34315,1795152194854965306,2024-05-27,NEG,ironic,
22926694,34316,34316,1795152193269514271,2024-05-27,NEG,not ironic,
22926695,34317,34317,1795152193026138358,2024-05-27,NEU,not ironic,
22926696,34318,34318,1795152192950694183,2024-05-27,NEG,ironic,
22926697,34319,34319,1795152191189123442,2024-05-27,NEU,not ironic,
22926698,34320,34320,1795152190220140986,2024-05-27,POS,not ironic,
22926699,34321,34321,1795152190119584186,2024-05-27,NEU,not ironic,
22926700,34322,34322,1795152188995489884,2024-05-27,NEG,not ironic,
22926701,34323,34323,1795152188659941761,2024-05-27,NEU,not ironic,
22926702,34324,34324,1795152188068483389,2024-05-27,NEU,not ironic,
22926703,34325,34325,1795152186529231013,2024-05-27,NEG,ironic,
22926704,34326,34326,1795152186168549872,2024-05-27,NEG,ironic,
22926705,34327,34327,1795152183178007028,2024-05-27,NEU,not ironic,
22926706,34328,34328,1795152181533855831,2024-05-27,NEU,not ironic,
22926707,34329,34329,1795152181210820624,2024-05-27,NEG,not ironic,
22926708,34330,34330,1795152180908826994,2024-05-27,POS,ironic,
22926709,34331,34331,1795152180585865280,2024-05-27,NEG,ironic,
22926710,34332,34332,1795152179373703615,2024-05-27,POS,not ironic,
22926711,34333,34333,1795152178027311359,2024-05-27,NEU,not ironic,
22926712,34334,34334,1795152176693584187,2024-05-27,POS,ironic,
22926713,34335,34335,1795151983541629006,2024-05-27,NEU,not ironic,
22926714,34336,34336,1795151981113221435,2024-05-27,NEG,not ironic,
22926715,34337,34337,1795151980702151043,2024-05-27,NEU,not ironic,
22926716,34338,34338,1795151980278562898,2024-05-27,NEG,not ironic,
22926717,34339,34339,1795151978055581747,2024-05-27,NEU,not ironic,
22926718,34340,34340,1795151977845829728,2024-05-27,NEG,ironic,
22926719,34341,34341,1795151977703219474,2024-05-27,NEG,ironic,
22926720,34342,34342,1795151977522852025,2024-05-27,NEG,not ironic,
22926721,34343,34343,1795151977480851906,2024-05-27,NEU,not ironic,
22926722,34344,34344,1795151977166279042,2024-05-27,NEG,ironic,
22926723,34345,34345,1795151977132757112,2024-05-27,NEG,ironic,
22926724,34346,34346,1795151975538979185,2024-05-27,NEG,ironic,
22926725,34347,34347,1795151973437620569,2024-05-27,NEG,not ironic,
22926726,34348,34348,1795151972288311456,2024-05-27,NEG,ironic,
22926727,34349,34349,1795151972061901107,2024-05-27,NEG,ironic,
22926728,34350,34350,1795151972019937359,2024-05-27,NEU,not ironic,
22926729,34351,34351,1795151970367353280,2024-05-27,NEG,not ironic,
22926730,34352,34352,1795151969906004360,2024-05-27,NEG,ironic,
22926731,34353,34353,1795151969822122309,2024-05-27,NEU,not ironic,
22926732,34354,34354,1795151967854940262,2024-05-27,NEG,not ironic,
22926733,34355,34355,1795151965917245571,2024-05-27,NEU,not ironic,
22926734,34356,34356,1795151965321597379,2024-05-27,NEG,ironic,
22926735,34357,34357,1795151964868608249,2024-05-27,NEU,not ironic,
22926736,34358,34358,1795151964763828296,2024-05-27,NEU,not ironic,
22926737,34359,34359,1795151964625338447,2024-05-27,NEU,not ironic,
22926738,34360,34360,1795151963794903198,2024-05-27,POS,not ironic,
22926739,34361,34361,1795151963467718900,2024-05-27,NEG,ironic,
22926740,34362,34362,1795151963429970248,2024-05-27,NEG,not ironic,
22926741,34363,34363,1795151962242941063,2024-05-27,NEU,not ironic,
22926742,34364,34364,1795151961987145871,2024-05-27,POS,ironic,
22926743,34365,34365,1795151961638985829,2024-05-27,NEU,not ironic,
22926744,34366,34366,1795151961358057540,2024-05-27,POS,not ironic,
22926745,34367,34367,1795151961139867821,2024-05-27,NEU,not ironic,
22926746,34368,34368,1795151960003265006,2024-05-27,NEU,not ironic,
22926747,34369,34369,1795151959780991288,2024-05-27,NEG,not ironic,
22926748,34370,34370,1795151957658620354,2024-05-27,NEG,ironic,
22926749,34371,34371,1795151957151105277,2024-05-27,NEU,not ironic,
22926750,34372,34372,1795151956341580098,2024-05-27,NEG,ironic,
22926751,34373,34373,1795151956241010940,2024-05-27,NEU,not ironic,
22926752,34374,34374,1795151956081627413,2024-05-27,NEG,not ironic,
22926753,34375,34375,1795151954450022509,2024-05-27,NEG,not ironic,
22926754,34376,34376,1795151954378686598,2024-05-27,NEG,ironic,
22926755,34377,34377,1795151952847757359,2024-05-27,NEG,ironic,
22926756,34378,34378,1795151951006511526,2024-05-27,NEG,not ironic,
22926757,34379,34379,1795151950918414348,2024-05-27,NEU,ironic,
22926758,34380,34380,1795151949492330585,2024-05-27,NEG,ironic,
22926759,34381,34381,1795151949299404835,2024-05-27,NEU,ironic,
22926760,34382,34382,1795151948749938888,2024-05-27,NEU,not ironic,
22926761,34383,34383,1795151948619907399,2024-05-27,NEG,ironic,
22926762,34384,34384,1795151948414341323,2024-05-27,POS,not ironic,
22926763,34385,34385,1795151947080614158,2024-05-27,NEU,not ironic,
22926764,34386,34386,1795151945797136516,2024-05-27,NEU,not ironic,
22926765,34387,34387,1795151945755197887,2024-05-27,NEG,not ironic,
22926766,34388,34388,1795151944329142593,2024-05-27,NEG,ironic,
22926767,34389,34389,1795151943360233872,2024-05-27,NEU,ironic,
22926768,34390,34390,1795151942806561111,2024-05-27,NEG,not ironic,
22926769,34391,34391,1795151942231978445,2024-05-27,NEG,not ironic,
22926770,34392,34392,1795151941938315486,2024-05-27,POS,ironic,
22926771,34393,34393,1795151941044932762,2024-05-27,NEG,not ironic,
22926772,34394,34394,1795151939828682966,2024-05-27,NEG,ironic,
22926773,34395,34395,1795151939413377425,2024-05-27,NEG,ironic,
22926774,34396,34396,1795151938880786619,2024-05-27,NEU,not ironic,
22926775,34397,34397,1795151938230636696,2024-05-27,POS,not ironic,
22926776,34398,34398,1795151937911902423,2024-05-27,NEG,not ironic,
22926777,34399,34399,1795151936720674950,2024-05-27,NEG,ironic,
22926778,34400,34400,1795151934980014387,2024-05-27,NEG,not ironic,
22926779,34401,34401,1795151934631878687,2024-05-27,NEU,not ironic,
22926780,34402,34402,1795151934535372846,2024-05-27,NEG,ironic,
22926781,34403,34403,1795151934527070366,2024-05-27,NEG,not ironic,
22926782,34404,34404,1795151933101027484,2024-05-27,NEG,not ironic,
22926783,34405,34405,1795151932392190061,2024-05-27,NEU,not ironic,
22926784,34406,34406,1795151931939143693,2024-05-27,NEG,not ironic,
22926785,34407,34407,1795151931586805808,2024-05-27,NEG,not ironic,
22926786,34408,34408,1795151931167371633,2024-05-27,POS,not ironic,
22926787,34409,34409,1795151926142632245,2024-05-27,NEG,ironic,
22926788,34410,34410,1795151925685469388,2024-05-27,NEU,not ironic,
22926789,34411,34411,1795151925614170292,2024-05-27,NEG,not ironic,
22926790,34412,34412,1795151925140148526,2024-05-27,NEG,not ironic,
22926791,34413,34413,1795151924334903307,2024-05-27,NEG,not ironic,
22926792,34414,34414,1795151924049707329,2024-05-27,NEU,not ironic,
22926793,34415,34415,1795151918550986778,2024-05-27,NEU,ironic,
22926794,34416,34416,1795151913886843161,2024-05-27,NEG,ironic,
22926795,34417,34417,1795151912444088500,2024-05-27,NEG,not ironic,
22926796,34418,34418,1795151912188174660,2024-05-27,NEG,not ironic,
22926797,34419,34419,1795151910162305152,2024-05-27,NEG,not ironic,
22926798,34420,34420,1795151909185106366,2024-05-27,NEU,not ironic,
22926799,34421,34421,1795151909080228280,2024-05-27,NEG,not ironic,
22926800,34422,34422,1795151907935125848,2024-05-27,NEU,ironic,
22926801,34423,34423,1795151906496483576,2024-05-27,NEU,not ironic,
22926802,34424,34424,1795151906374848626,2024-05-27,NEG,ironic,
22926803,34425,34425,1795151905775145222,2024-05-27,NEU,ironic,
22926804,34426,34426,1795151905611468838,2024-05-27,NEG,not ironic,
22926805,34427,34427,1795151905053651244,2024-05-27,NEG,not ironic,
22926806,34428,34428,1795151904739078444,2024-05-27,NEG,not ironic,
22926807,34429,34429,1795151904676200669,2024-05-27,NEG,not ironic,
22926808,34430,34430,1795151904487444704,2024-05-27,NEG,not ironic,
22926809,34431,34431,1795151901756997718,2024-05-27,POS,not ironic,
22926810,34432,34432,1795151901203263870,2024-05-27,NEG,not ironic,
22926811,34433,34433,1795151900955881714,2024-05-27,POS,ironic,
22926812,34434,34434,1795151900683145279,2024-05-27,POS,ironic,
22926813,34435,34435,1795151900167283095,2024-05-27,POS,not ironic,
22926814,34436,34436,1795151900028907608,2024-05-27,NEG,ironic,
22926815,34437,34437,1795151898212708664,2024-05-27,NEG,ironic,
22926816,34438,34438,1795151896891588788,2024-05-27,NEU,ironic,
22926817,34439,34439,1795151896149188885,2024-05-27,NEG,not ironic,
22926818,34440,34440,1795151895998185637,2024-05-27,NEG,ironic,
22926819,34441,34441,1795151895163478080,2024-05-27,NEG,not ironic,
22926820,34442,34442,1795151894068777147,2024-05-27,NEG,not ironic,
22926821,34443,34443,1795151893708087768,2024-05-27,NEU,not ironic,
22926822,34444,34444,1795151893229875251,2024-05-27,NEG,not ironic,
22926823,34445,34445,1795151891812229289,2024-05-27,POS,ironic,
22926824,34446,34446,1795151891447300263,2024-05-27,NEU,ironic,
22926825,34447,34447,1795151891258626077,2024-05-27,NEG,not ironic,
22926826,34448,34448,1795151891233386658,2024-05-27,NEU,not ironic,
22926827,34449,34449,1795151890356777364,2024-05-27,POS,not ironic,
22926828,34450,34450,1795151889962619132,2024-05-27,NEG,ironic,
22926829,34451,34451,1795151889639612740,2024-05-27,NEG,ironic,
22926830,34452,34452,1795151889283113286,2024-05-27,NEG,ironic,
22926831,34453,34453,1795151888884621376,2024-05-27,NEG,not ironic,
22926832,34454,34454,1795151888700063933,2024-05-27,NEG,not ironic,
22926833,34455,34455,1795151887580254488,2024-05-27,NEG,ironic,
22926834,34456,34456,1795151886837756324,2024-05-27,POS,ironic,
22926835,34457,34457,1795151884304384237,2024-05-27,NEU,not ironic,
22926836,34458,34458,1795151884195369188,2024-05-27,NEG,not ironic,
22926837,34459,34459,1795151883851497505,2024-05-27,NEG,not ironic,
22926838,34460,34460,1795151883511922821,2024-05-27,NEG,not ironic,
22926839,34461,34461,1795151882547077466,2024-05-27,NEG,ironic,
22926840,34462,34462,1795151880424657286,2024-05-27,NEG,not ironic,
22926841,34463,34463,1795151879325761939,2024-05-27,POS,not ironic,
22926842,34464,34464,1795151879183163554,2024-05-27,POS,ironic,
22926843,34465,34465,1795151877794845058,2024-05-27,NEU,ironic,
22926844,34466,34466,1795151877492896185,2024-05-27,NEG,not ironic,
22926845,34467,34467,1795151877308400126,2024-05-27,NEG,ironic,
22926846,34468,34468,1795151876750557317,2024-05-27,NEU,not ironic,
22926847,34469,34469,1795151875454459992,2024-05-27,POS,ironic,
22926848,34470,34470,1795151874825310490,2024-05-27,NEU,not ironic,
22926849,34471,34471,1795151874414289301,2024-05-27,NEG,ironic,
22926850,34472,34472,1795151874317844858,2024-05-27,NEG,not ironic,
22926851,34473,34473,1795151874103865803,2024-05-27,POS,not ironic,
22926852,34474,34474,1795151872216428797,2024-05-27,POS,not ironic,
22926853,34475,34475,1795151872015335865,2024-05-27,POS,not ironic,
22926854,34476,34476,1795151871809667175,2024-05-27,NEU,not ironic,
22926855,34477,34477,1795151871067218296,2024-05-27,NEU,ironic,
22926856,34478,34478,1795151870337413186,2024-05-27,NEG,ironic,
22926857,34479,34479,1795151870257742140,2024-05-27,NEG,ironic,
22926858,34480,34480,1795151869548937656,2024-05-27,NEG,not ironic,
22926859,34481,34481,1795151869360091400,2024-05-27,POS,not ironic,
22926860,34482,34482,1795151869209096393,2024-05-27,NEG,ironic,
22926861,34483,34483,1795151868189925843,2024-05-27,NEU,ironic,
22926862,34484,34484,1795151867606950105,2024-05-27,NEG,ironic,
22926863,34485,34485,1795151865409126641,2024-05-27,NEG,not ironic,
22926864,34486,34486,1795151863387459990,2024-05-27,NEG,not ironic,
22926865,34487,34487,1795151863362486721,2024-05-27,NEG,not ironic,
22926866,34488,34488,1795151862200475693,2024-05-27,NEU,not ironic,
22926867,34489,34489,1795151862028456237,2024-05-27,NEG,not ironic,
22926868,34490,34490,1795151861785198754,2024-05-27,NEG,not ironic,
22926869,34491,34491,1795151860958941402,2024-05-27,NEG,ironic,
22926870,34492,34492,1795151859616735657,2024-05-27,NEU,not ironic,
22926871,34493,34493,1795151859444863482,2024-05-27,POS,not ironic,
22926872,34494,34494,1795151858027159767,2024-05-27,NEG,not ironic,
22926873,34495,34495,1795151857955869031,2024-05-27,NEU,ironic,
22926874,34496,34496,1795151857947467975,2024-05-27,NEG,not ironic,
22926875,34497,34497,1795151857100157122,2024-05-27,NEU,not ironic,
22926876,34498,34498,1795151855762174199,2024-05-27,NEG,ironic,
22926877,34499,34499,1795151853660917917,2024-05-27,NEG,not ironic,
22926878,34500,34500,1795151852067025131,2024-05-27,NEG,not ironic,
22926879,34501,34501,1795151851689476245,2024-05-27,NEG,ironic,
22926880,34502,34502,1795151851601494524,2024-05-27,NEG,ironic,
22926881,34503,34503,1795151850619986310,2024-05-27,NEG,not ironic,
22926882,34504,34504,1795151850355716462,2024-05-27,NEU,not ironic,
22926883,34505,34505,1795151849319768480,2024-05-27,NEU,not ironic,
22926884,34506,34506,1795151848074063910,2024-05-27,NEU,not ironic,
22926885,34507,34507,1795151847935614984,2024-05-27,NEG,ironic,
22926886,34508,34508,1795151847914693069,2024-05-27,NEG,not ironic,
22926887,34509,34509,1795151847730159876,2024-05-27,NEG,ironic,
22926888,34510,34510,1795151847579177376,2024-05-27,NEG,not ironic,
22926889,34511,34511,1795151847017037877,2024-05-27,NEU,not ironic,
22926890,34512,34512,1795151846975139869,2024-05-27,NEU,not ironic,
22926891,34513,34513,1795151845658112393,2024-05-27,NEU,ironic,
22926892,34514,34514,1795151845351932179,2024-05-27,NEG,not ironic,
22926893,34515,34515,1795151844487897479,2024-05-27,NEG,not ironic,
22926894,34516,34516,1795151843707785217,2024-05-27,NEG,ironic,
22926895,34517,34517,1795151843053490453,2024-05-27,NEG,not ironic,
22926896,34518,34518,1795151841036013645,2024-05-27,NEU,not ironic,
22926897,34519,34519,1795151840985723214,2024-05-27,NEU,ironic,
22926898,34520,34520,1795151840624926774,2024-05-27,NEG,ironic,
22926899,34521,34521,1795151840067129362,2024-05-27,NEG,not ironic,
22926900,34522,34522,1795151839437935071,2024-05-27,NEU,not ironic,
22926901,34523,34523,1795151838808801779,2024-05-27,NEG,ironic,
22926902,34524,34524,1795151836887802337,2024-05-27,NEG,not ironic,
22926903,34525,34525,1795151834849395004,2024-05-27,NEG,not ironic,
22926904,34526,34526,1795151833448460672,2024-05-27,NEG,not ironic,
22926905,34527,34527,1795151832970371147,2024-05-27,NEG,not ironic,
22926906,34528,34528,1795151830588018802,2024-05-27,NEG,not ironic,
22926907,34529,34529,1795151830151836142,2024-05-27,NEG,not ironic,
22926908,34530,34530,1795151829455491531,2024-05-27,POS,not ironic,
22926909,34531,34531,1795151828985827772,2024-05-27,NEU,not ironic,
22926910,34532,34532,1795151828855746746,2024-05-27,NEG,not ironic,
22926911,34533,34533,1795151828595658974,2024-05-27,POS,not ironic,
22926912,34534,34534,1795151827387736398,2024-05-27,POS,not ironic,
22926913,34535,34535,1795151826645356789,2024-05-27,NEG,ironic,
22926914,34536,34536,1795151825856774172,2024-05-27,NEG,not ironic,
22926915,34537,34537,1795151825328320589,2024-05-27,NEG,not ironic,
22926916,34538,34538,1795151825143787930,2024-05-27,NEU,not ironic,
22926917,34539,34539,1795151824023884090,2024-05-27,NEG,ironic,
22926918,34540,34540,1795151823549977000,2024-05-27,NEG,ironic,
22926919,34541,34541,1795151822358778355,2024-05-27,NEU,not ironic,
22926920,34542,34542,1795151820878213298,2024-05-27,POS,ironic,
22926921,34543,34543,1795151820269977620,2024-05-27,POS,not ironic,
22926922,34544,34544,1795151817698849261,2024-05-27,POS,not ironic,
22926923,34545,34545,1795151816537055463,2024-05-27,NEU,ironic,
22926924,34546,34546,1795151816444756328,2024-05-27,NEG,not ironic,
22926925,34547,34547,1795151815253578191,2024-05-27,NEG,not ironic,
22926926,34548,34548,1795151814897115645,2024-05-27,NEG,ironic,
22926927,34549,34549,1795151811839471821,2024-05-27,NEG,not ironic,
22926928,34550,34550,1795151811134849113,2024-05-27,NEG,ironic,
22926929,34551,34551,1795151810891497767,2024-05-27,NEG,not ironic,
22926930,34552,34552,1795151809603928444,2024-05-27,NEG,ironic,
22926931,34553,34553,1795151809444454474,2024-05-27,NEU,not ironic,
22926932,34554,34554,1795151808899211471,2024-05-27,NEU,not ironic,
22926933,34555,34555,1795151808899207640,2024-05-27,NEU,not ironic,
22926934,34556,34556,1795151808823783474,2024-05-27,NEU,ironic,
22926935,34557,34557,1795151808484016613,2024-05-27,NEU,not ironic,
22926936,34558,34558,1795151808131735573,2024-05-27,NEU,not ironic,
22926937,34559,34559,1795151808102388050,2024-05-27,NEU,not ironic,
22926938,34560,34560,1795151807766778009,2024-05-27,NEG,not ironic,
22926939,34561,34561,1795151807653556287,2024-05-27,NEU,ironic,
22926940,34562,34562,1795151806764298595,2024-05-27,NEU,not ironic,
22926941,34563,34563,1795151805833269641,2024-05-27,NEG,not ironic,
22926942,34564,34564,1795151805816406076,2024-05-27,NEU,not ironic,
22926943,34565,34565,1795151804344197461,2024-05-27,NEU,ironic,
22926944,34566,34566,1795151802293244147,2024-05-27,NEG,ironic,
22926945,34567,34567,1795151802079326383,2024-05-27,NEG,not ironic,
22926946,34568,34568,1795151801047470268,2024-05-27,NEG,not ironic,
22926947,34569,34569,1795151799797653715,2024-05-27,NEG,not ironic,
22926948,34570,34570,1795151799667544181,2024-05-27,POS,ironic,
22926949,34571,34571,1795151799193604390,2024-05-27,NEG,ironic,
22926950,34572,34572,1795151796895125770,2024-05-27,NEU,not ironic,
22926951,34573,34573,1795151795796242938,2024-05-27,NEG,ironic,
22926952,34574,34574,1795151795376857163,2024-05-27,NEG,not ironic,
22926953,34575,34575,1795151794479198428,2024-05-27,NEG,not ironic,
22926954,34576,34576,1795151793829052568,2024-05-27,NEG,ironic,
22926955,34577,34577,1795151793002881228,2024-05-27,NEG,ironic,
22926956,34578,34578,1795151790016528536,2024-05-27,NEG,not ironic,
22926957,34579,34579,1795151789626433791,2024-05-27,POS,ironic,
22926958,34580,34580,1795151784819745050,2024-05-27,NEG,ironic,
22926959,34581,34581,1795151784815583605,2024-05-27,NEG,not ironic,
22926960,34582,34582,1795151784744231305,2024-05-27,NEU,not ironic,
22926961,34583,34583,1795151784488439921,2024-05-27,NEU,not ironic,
22926962,34584,34584,1795151783943098598,2024-05-27,NEG,not ironic,
22926963,34585,34585,1795151778926715004,2024-05-27,NEG,ironic,
22926964,34586,34586,1795151778536681618,2024-05-27,NEU,not ironic,
22926965,34587,34587,1795151778029191641,2024-05-27,NEG,ironic,
22926966,34588,34588,1795151776443670589,2024-05-27,NEU,not ironic,
22926967,34589,34589,1795151775814623265,2024-05-27,NEG,ironic,
22926968,34590,34590,1795151775562961338,2024-05-27,NEG,not ironic,
22926969,34591,34591,1795151775323824262,2024-05-27,NEG,ironic,
22926970,34592,34592,1795151772824084849,2024-05-27,NEU,not ironic,
22926971,34593,34593,1795151772182262216,2024-05-27,NEG,not ironic,
22926972,34594,34594,1795151772043874341,2024-05-27,NEG,ironic,
22926973,34595,34595,1795151771871953230,2024-05-27,POS,not ironic,
22926974,34596,34596,1795151770835943753,2024-05-27,NEG,ironic,
22926975,34597,34597,1795151768730361952,2024-05-27,NEG,not ironic,
22926976,34598,34598,1795151768105406782,2024-05-27,NEU,not ironic,
22926977,34599,34599,1795151767409213943,2024-05-27,NEU,not ironic,
22926978,34600,34600,1795151766826185122,2024-05-27,NEG,ironic,
22926979,34601,34601,1795151766675235320,2024-05-27,NEU,ironic,
22926980,34602,34602,1795151763999281346,2024-05-27,NEG,not ironic,
22926981,34603,34603,1795151761730154945,2024-05-27,NEG,ironic,
22926982,34604,34604,1795151761381953993,2024-05-27,NEG,not ironic,
22926983,34605,34605,1795151761209950507,2024-05-27,NEU,not ironic,
22926984,34606,34606,1795151759209308235,2024-05-27,NEU,not ironic,
22926985,34607,34607,1795151759003787587,2024-05-27,NEG,ironic,
22926986,34608,34608,1795151758328496267,2024-05-27,NEU,not ironic,
22926987,34609,34609,1795151757242212505,2024-05-27,POS,not ironic,
22926988,34610,34610,1795151755673551180,2024-05-27,NEG,ironic,
22926989,34611,34611,1795151755665191347,2024-05-27,NEG,not ironic,
22926990,34612,34612,1795151755358998612,2024-05-27,NEU,not ironic,
22926991,34613,34613,1795151755077926942,2024-05-27,NEG,not ironic,
22926992,34614,34614,1795151755073794329,2024-05-27,NEG,ironic,
22926993,34615,34615,1795151754213937195,2024-05-27,NEU,not ironic,
22926994,34616,34616,1795151754176127193,2024-05-27,NEG,ironic,
22926995,34617,34617,1795151753962221953,2024-05-27,NEU,not ironic,
22926996,34618,34618,1795151753882608087,2024-05-27,NEG,not ironic,
22926997,34619,34619,1795151753605767662,2024-05-27,NEU,ironic,
22926998,34620,34620,1795151753597374922,2024-05-27,NEG,not ironic,
22926999,34621,34621,1795151753542807945,2024-05-27,NEG,ironic,
22927000,34622,34622,1795151753140150619,2024-05-27,NEG,not ironic,
22927001,34623,34623,1795151752456446362,2024-05-27,NEU,ironic,
22927002,34624,34624,1795151752452280650,2024-05-27,NEG,ironic,
22927003,34625,34625,1795151752284479713,2024-05-27,NEG,not ironic,
22927004,34626,34626,1795151751189868598,2024-05-27,NEG,not ironic,
22927005,34627,34627,1795151751101681808,2024-05-27,NEG,ironic,
22927006,34628,34628,1795151749776375989,2024-05-27,POS,not ironic,
22927007,34629,34629,1795151746840273378,2024-05-27,NEG,ironic,
22927008,34630,34630,1795151745212875122,2024-05-27,NEG,not ironic,
22927009,34631,34631,1795151743388381241,2024-05-27,POS,not ironic,
22927010,34632,34632,1795151743153565720,2024-05-27,NEG,not ironic,
22927011,34633,34633,1795151742625067340,2024-05-27,POS,ironic,
22927012,34634,34634,1795151742616625349,2024-05-27,NEG,ironic,
22927013,34635,34635,1795151742457241913,2024-05-27,POS,not ironic,
22927014,34636,34636,1795151741979132054,2024-05-27,NEG,ironic,
22927015,34637,34637,1795151741865898085,2024-05-27,POS,ironic,
22927016,34638,34638,1795151741316481245,2024-05-27,NEG,ironic,
22927017,34639,34639,1795151741102497814,2024-05-27,NEG,ironic,
22927018,34640,34640,1795151740972527626,2024-05-27,NEG,not ironic,
22927019,34641,34641,1795151740070658468,2024-05-27,NEG,not ironic,
22927020,34642,34642,1795151740058120432,2024-05-27,NEG,not ironic,
22927021,34643,34643,1795151739508650445,2024-05-27,NEU,not ironic,
22927022,34644,34644,1795151739194126337,2024-05-27,NEG,ironic,
22927023,34645,34645,1795151734920151538,2024-05-27,NEG,ironic,
22927024,34646,34646,1795151734743949403,2024-05-27,POS,ironic,
22927025,34647,34647,1795151734576226586,2024-05-27,NEU,ironic,
22927026,34648,34648,1795151734127427888,2024-05-27,NEU,not ironic,
22927027,34649,34649,1795151733338808549,2024-05-27,NEG,not ironic,
22927028,34650,34650,1795151732940390890,2024-05-27,NEG,not ironic,
22927029,34651,34651,1795151732747505751,2024-05-27,NEG,not ironic,
22927030,34652,34652,1795151732634239182,2024-05-27,NEG,not ironic,
22927031,34653,34653,1795151731858329638,2024-05-27,POS,ironic,
22927032,34654,34654,1795151731480748508,2024-05-27,NEU,not ironic,
22927033,34655,34655,1795151729320656933,2024-05-27,NEG,not ironic,
22927034,34656,34656,1795151728926446031,2024-05-27,POS,ironic,
22927035,34657,34657,1795151728397930942,2024-05-27,NEU,not ironic,
22927036,34658,34658,1795151727101886812,2024-05-27,NEG,not ironic,
22927037,34659,34659,1795151726816919586,2024-05-27,NEU,not ironic,
22927038,34660,34660,1795151726380519781,2024-05-27,POS,ironic,
22927039,34661,34661,1795151726300770679,2024-05-27,NEU,not ironic,
22927040,34662,34662,1795151726200160478,2024-05-27,POS,not ironic,
22927041,34663,34663,1795151724782432409,2024-05-27,NEG,ironic,
22927042,34664,34664,1795151724501479678,2024-05-27,POS,ironic,
22927043,34665,34665,1795151724199510078,2024-05-27,NEU,not ironic,
22927044,34666,34666,1795151722760810531,2024-05-27,NEU,not ironic,
22927045,34667,34667,1795151722534383646,2024-05-27,NEG,ironic,
22927046,34668,34668,1795151721347403874,2024-05-27,NEG,not ironic,
22927047,34669,34669,1795151720357531823,2024-05-27,NEU,not ironic,
22927048,34670,34670,1795151720298786817,2024-05-27,NEU,ironic,
22927049,34671,34671,1795151719589957823,2024-05-27,NEU,ironic,
22927050,34672,34672,1795151719568904296,2024-05-27,NEU,ironic,
22927051,34673,34673,1795151718885232994,2024-05-27,NEU,not ironic,
22927052,34674,34674,1795151714074435896,2024-05-27,NEG,ironic,
22927053,34675,34675,1795151711922782577,2024-05-27,NEG,ironic,
22927054,34676,34676,1795151711398474191,2024-05-27,POS,not ironic,
22927055,34677,34677,1795151711129960913,2024-05-27,NEU,not ironic,
22927056,34678,34678,1795151710282715542,2024-05-27,NEG,ironic,
22927057,34679,34679,1795151709255184590,2024-05-27,NEG,ironic,
22927058,34680,34680,1795151708802150736,2024-05-27,NEG,ironic,
22927059,34681,34681,1795151708311454091,2024-05-27,NEU,ironic,
22927060,34682,34682,1795151706465915291,2024-05-27,NEG,not ironic,
22927061,34683,34683,1795151705362817168,2024-05-27,POS,not ironic,
22927062,34684,34684,1795151705060868474,2024-05-27,NEG,not ironic,
22927063,34685,34685,1795151704725311584,2024-05-27,NEG,not ironic,
22927064,34686,34686,1795151703978697084,2024-05-27,POS,not ironic,
22927065,34687,34687,1795151703550923027,2024-05-27,POS,ironic,
22927066,34688,34688,1795151702749794774,2024-05-27,NEG,not ironic,
22927067,34689,34689,1795151701743206569,2024-05-27,NEU,not ironic,
22927068,34690,34690,1795151700681961946,2024-05-27,NEU,not ironic,
22927069,34691,34691,1795151699427971188,2024-05-27,NEG,not ironic,
22927070,34692,34692,1795151697997598771,2024-05-27,NEG,ironic,
22927071,34693,34693,1795151697859289215,2024-05-27,NEU,not ironic,
22927072,34694,34694,1795151697704108408,2024-05-27,NEG,not ironic,
22927073,34695,34695,1795151696273821911,2024-05-27,NEU,not ironic,
22927074,34696,34696,1795151695950823766,2024-05-27,NEG,not ironic,
22927075,34697,34697,1795151695787307319,2024-05-27,NEU,not ironic,
22927076,34698,34698,1795151695736975626,2024-05-27,NEU,ironic,
22927077,34699,34699,1795151695644635209,2024-05-27,POS,not ironic,
22927078,34700,34700,1795151695200063751,2024-05-27,POS,ironic,
22927079,34701,34701,1795151695002968071,2024-05-27,NEU,ironic,
22927080,34702,34702,1795151692792525099,2024-05-27,NEU,not ironic,
22927081,34703,34703,1795151691802681573,2024-05-27,NEU,ironic,
22927082,34704,34704,1795151691790131571,2024-05-27,NEU,not ironic,
22927083,34705,34705,1795151691781755245,2024-05-27,NEG,ironic,
22927084,34706,34706,1795151691047653695,2024-05-27,NEG,not ironic,
22927085,34707,34707,1795151689529356587,2024-05-27,NEG,not ironic,
22927086,34708,34708,1795151689168675202,2024-05-27,NEG,not ironic,
22927087,34709,34709,1795151687448989919,2024-05-27,NEU,not ironic,
22927088,34710,34710,1795151685062418940,2024-05-27,NEU,ironic,
22927089,34711,34711,1795151683913146807,2024-05-27,POS,ironic,
22927090,34712,34712,1795151683879661695,2024-05-27,NEU,not ironic,
22927091,34713,34713,1795151683577643154,2024-05-27,NEG,ironic,
22927092,34714,34714,1795151683497955718,2024-05-27,NEG,not ironic,
22927093,34715,34715,1795151683346944006,2024-05-27,NEG,not ironic,
22927094,34716,34716,1795151682793333241,2024-05-27,NEG,not ironic,
22927095,34717,34717,1795151681249755612,2024-05-27,NEU,not ironic,
22927096,34718,34718,1795151678666080546,2024-05-27,NEU,not ironic,
22927097,34719,34719,1795151678368288821,2024-05-27,NEU,not ironic,
22927098,34720,34720,1795151678200594873,2024-05-27,NEU,not ironic,
22927099,34721,34721,1795151678095646808,2024-05-27,NEG,ironic,
22927100,34722,34722,1795151677323903171,2024-05-27,NEU,not ironic,
22927101,34723,34723,1795151677051355174,2024-05-27,POS,not ironic,
22927102,34724,34724,1795151676212379707,2024-05-27,NEG,ironic,
22927103,34725,34725,1795151674719256906,2024-05-27,NEG,ironic,
22927104,34726,34726,1795151674308190398,2024-05-27,NEU,not ironic,
22927105,34727,34727,1795151673435857079,2024-05-27,NEG,ironic,
22927106,34728,34728,1795151673184141379,2024-05-27,NEG,not ironic,
22927107,34729,34729,1795151672978596165,2024-05-27,NEU,not ironic,
22927108,34730,34730,1795151672613695983,2024-05-27,NEG,not ironic,
22927109,34731,34731,1795151671149945071,2024-05-27,NEG,ironic,
22927110,34732,34732,1795151670504005960,2024-05-27,POS,not ironic,
22927111,34733,34733,1795151669564453294,2024-05-27,NEG,ironic,
22927112,34734,34734,1795151669560254496,2024-05-27,NEU,not ironic,
22927113,34735,34735,1795151669526741360,2024-05-27,NEU,not ironic,
22927114,34736,34736,1795151668683604209,2024-05-27,NEU,not ironic,
22927115,34737,34737,1795151665718341956,2024-05-27,NEG,not ironic,
22927116,34738,34738,1795151663847670209,2024-05-27,POS,ironic,
22927117,34739,34739,1795151663759597748,2024-05-27,NEG,ironic,
22927118,34740,34740,1795151662476149163,2024-05-27,NEG,not ironic,
22927119,34741,34741,1795151660991361300,2024-05-27,NEG,not ironic,
22927120,34742,34742,1795151660890640546,2024-05-27,NEG,not ironic,
22927121,34743,34743,1795151657103212650,2024-05-27,NEU,ironic,
22927122,34744,34744,1795151655891063015,2024-05-27,POS,not ironic,
22927123,34745,34745,1795151655479967817,2024-05-27,NEG,not ironic,
22927124,34746,34746,1795151655027003426,2024-05-27,NEG,ironic,
22927125,34747,34747,1795151654624313710,2024-05-27,NEG,not ironic,
22927126,34748,34748,1795151654343299324,2024-05-27,NEG,not ironic,
22927127,34749,34749,1795151654318194853,2024-05-27,NEU,ironic,
22927128,34750,34750,1795151652707607024,2024-05-27,NEU,ironic,
22927129,34751,34751,1795151651608707429,2024-05-27,NEU,ironic,
22927130,34752,34752,1795151651583533220,2024-05-27,NEG,ironic,
22927131,34753,34753,1795151646810402858,2024-05-27,NEG,not ironic,
22927132,34754,34754,1795151645166252536,2024-05-27,NEG,ironic,
22927133,34755,34755,1795151644708995557,2024-05-27,POS,ironic,
22927134,34756,34756,1795151644587352507,2024-05-27,POS,not ironic,
22927135,34757,34757,1795151644063109344,2024-05-27,NEG,ironic,
22927136,34758,34758,1795151643857563831,2024-05-27,NEU,not ironic,
22927137,34759,34759,1795151643412922572,2024-05-27,POS,not ironic,
22927138,34760,34760,1795151642054271069,2024-05-27,NEU,not ironic,
22927139,34761,34761,1795151641382969813,2024-05-27,NEG,not ironic,
22927140,34762,34762,1795151639281561822,2024-05-27,NEG,not ironic,
22927141,34763,34763,1795151639134753172,2024-05-27,NEG,ironic,
22927142,34764,34764,1795151636270039219,2024-05-27,NEG,not ironic,
22927143,34765,34765,1795151635565396011,2024-05-27,NEU,ironic,
22927144,34766,34766,1795151634227433897,2024-05-27,NEG,ironic,
22927145,34767,34767,1795151633803776459,2024-05-27,NEG,ironic,
22927146,34768,34768,1795151633728364567,2024-05-27,NEG,not ironic,
22927147,34769,34769,1795151633707344018,2024-05-27,NEU,not ironic,
22927148,34770,34770,1795151633006928356,2024-05-27,POS,ironic,
22927149,34771,34771,1795151632797184152,2024-05-27,NEG,not ironic,
22927150,34772,34772,1795151631140389021,2024-05-27,NEG,ironic,
22927151,34773,34773,1795151630779724237,2024-05-27,NEU,not ironic,
22927152,34774,34774,1795151630117044730,2024-05-27,NEG,ironic,
22927153,34775,34775,1795151629513048488,2024-05-27,NEU,not ironic,
22927154,34776,34776,1795151629013950520,2024-05-27,POS,not ironic,
22927155,34777,34777,1795151627373933039,2024-05-27,NEU,ironic,
22927156,34778,34778,1795151626723836057,2024-05-27,NEU,not ironic,
22927157,34779,34779,1795151624110838078,2024-05-27,NEG,not ironic,
22927158,34780,34780,1795151623838183488,2024-05-27,NEU,not ironic,
22927159,34781,34781,1795151623280365741,2024-05-27,NEG,ironic,
22927160,34782,34782,1795151623074758734,2024-05-27,NEG,not ironic,
22927161,34783,34783,1795151623066444086,2024-05-27,NEG,not ironic,
22927162,34784,34784,1795151621984268348,2024-05-27,NEG,ironic,
22927163,34785,34785,1795151621975859700,2024-05-27,POS,not ironic,
22927164,34786,34786,1795151621913002316,2024-05-27,NEG,not ironic,
22927165,34787,34787,1795151621426434188,2024-05-27,POS,ironic,
22927166,34788,34788,1795151620931461159,2024-05-27,POS,ironic,
22927167,34789,34789,1795151620445004067,2024-05-27,NEU,not ironic,
22927168,34790,34790,1795151620067545291,2024-05-27,NEU,not ironic,
22927169,34791,34791,1795151619903955236,2024-05-27,NEU,not ironic,
22927170,34792,34792,1795151618393936158,2024-05-27,NEU,not ironic,
22927171,34793,34793,1795151618087805334,2024-05-27,NEG,not ironic,
22927172,34794,34794,1795151617785823566,2024-05-27,NEG,ironic,
22927173,34795,34795,1795151617639027098,2024-05-27,NEU,not ironic,
22927174,34796,34796,1795151615718195710,2024-05-27,POS,not ironic,
22927175,34797,34797,1795151613947998468,2024-05-27,NEU,ironic,
22927176,34798,34798,1795151613629177872,2024-05-27,NEU,not ironic,
22927177,34799,34799,1795151612609974648,2024-05-27,NEU,not ironic,
22927178,34800,34800,1795151612362588520,2024-05-27,NEG,not ironic,
22927179,34801,34801,1795151611200741820,2024-05-27,NEU,ironic,
22927180,34802,34802,1795151611074871647,2024-05-27,NEU,not ironic,
22927181,34803,34803,1795151610877767796,2024-05-27,NEG,not ironic,
22927182,34804,34804,1795151608398950672,2024-05-27,NEU,ironic,
22927183,34805,34805,1795151605840396590,2024-05-27,NEG,not ironic,
22927184,34806,34806,1795151605467078731,2024-05-27,NEG,not ironic,
22927185,34807,34807,1795151605026730447,2024-05-27,NEU,ironic,
22927186,34808,34808,1795151603227406601,2024-05-27,NEG,ironic,
22927187,34809,34809,1795151602849816619,2024-05-27,NEG,ironic,
22927188,34810,34810,1795151602531152131,2024-05-27,POS,not ironic,
22927189,34811,34811,1795151600874410427,2024-05-27,NEG,ironic,
22927190,34812,34812,1795151600010317926,2024-05-27,NEG,not ironic,
22927191,34813,34813,1795151598827561008,2024-05-27,NEG,not ironic,
22927192,34814,34814,1795151596646486367,2024-05-27,NEG,not ironic,
22927193,34815,34815,1795151595987997120,2024-05-27,NEG,ironic,
22927194,34816,34816,1795151595161723312,2024-05-27,NEG,ironic,
22927195,34817,34817,1795151594549391839,2024-05-27,NEG,not ironic,
22927196,34818,34818,1795151593064542295,2024-05-27,POS,ironic,
22927197,34819,34819,1795151592955449553,2024-05-27,NEG,not ironic,
22927198,34820,34820,1795151592586358799,2024-05-27,NEG,not ironic,
22927199,34821,34821,1795151592456327668,2024-05-27,NEU,not ironic,
22927200,34822,34822,1795151592359952684,2024-05-27,NEG,not ironic,
22927201,34823,34823,1795151592179593322,2024-05-27,NEU,not ironic,
22927202,34824,34824,1795151591604949060,2024-05-27,POS,ironic,
22927203,34825,34825,1795151589902057579,2024-05-27,NEU,not ironic,
22927204,34826,34826,1795151588304007591,2024-05-27,NEG,not ironic,
22927205,34827,34827,1795151588182421517,2024-05-27,POS,not ironic,
22927206,34828,34828,1795151588027203661,2024-05-27,NEG,ironic,
22927207,34829,34829,1795151587888791650,2024-05-27,NEG,not ironic,
22927208,34830,34830,1795151587490341002,2024-05-27,NEG,not ironic,
22927209,34831,34831,1795151587393855858,2024-05-27,NEU,not ironic,
22927210,34832,34832,1795151586710196355,2024-05-27,NEG,not ironic,
22927211,34833,34833,1795151586668196022,2024-05-27,NEG,not ironic,
22927212,34834,34834,1795151585233740143,2024-05-27,NEG,not ironic,
22927213,34835,34835,1795151583908434302,2024-05-27,NEG,ironic,
22927214,34836,34836,1795151583879074196,2024-05-27,NEG,not ironic,
22927215,34837,34837,1795151582662738257,2024-05-27,NEU,not ironic,
22927216,34838,34838,1795151581593153603,2024-05-27,NEU,not ironic,
22927217,34839,34839,1795151581240836572,2024-05-27,NEU,ironic,
22927218,34840,34840,1795151580490043476,2024-05-27,NEG,not ironic,
22927219,34841,34841,1795151580229951685,2024-05-27,NEU,not ironic,
22927220,34842,34842,1795151579860828633,2024-05-27,NEG,ironic,
22927221,34843,34843,1795151579856716016,2024-05-27,NEU,not ironic,
22927222,34844,34844,1795151578862686234,2024-05-27,NEG,not ironic,
22927223,34845,34845,1795151577319158230,2024-05-27,NEU,not ironic,
22927224,34846,34846,1795151577273053485,2024-05-27,NEG,ironic,
22927225,34847,34847,1795151576690053455,2024-05-27,POS,ironic,
22927226,34848,34848,1795151576522280993,2024-05-27,NEG,not ironic,
22927227,34849,34849,1795151576006266890,2024-05-27,NEG,ironic,
22927228,34850,34850,1795151575851118594,2024-05-27,NEU,not ironic,
22927229,34851,34851,1795151574236315984,2024-05-27,NEG,ironic,
22927230,34852,34852,1795151573313630510,2024-05-27,NEU,not ironic,
22927231,34853,34853,1795151572134965701,2024-05-27,NEU,not ironic,
22927232,34854,34854,1795151571740749924,2024-05-27,NEU,not ironic,
22927233,34855,34855,1795151571119910930,2024-05-27,NEG,ironic,
22927234,34856,34856,1795151569597436145,2024-05-27,NEG,ironic,
22927235,34857,34857,1795151568506949807,2024-05-27,NEU,not ironic,
22927236,34858,34858,1795151567429173336,2024-05-27,NEG,ironic,
22927237,34859,34859,1795151567340830898,2024-05-27,NEG,ironic,
22927238,34860,34860,1795151567173111875,2024-05-27,NEG,not ironic,
22927239,34861,34861,1795151566749483127,2024-05-27,NEG,ironic,
22927240,34862,34862,1795151566397218876,2024-05-27,NEG,ironic,
22927241,34863,34863,1795151566015455616,2024-05-27,NEU,not ironic,
22927242,34864,34864,1795151565839384585,2024-05-27,NEG,not ironic,
22927243,34865,34865,1795151563721183534,2024-05-27,NEU,ironic,
22927244,34866,34866,1795151563645673542,2024-05-27,NEU,not ironic,
22927245,34867,34867,1795151562177761564,2024-05-27,NEU,ironic,
22927246,34868,34868,1795151561905057991,2024-05-27,NEG,not ironic,
22927247,34869,34869,1795151561267544544,2024-05-27,NEU,not ironic,
22927248,34870,34870,1795151560533512269,2024-05-27,NEG,not ironic,
22927249,34871,34871,1795151560084787486,2024-05-27,NEG,not ironic,
22927250,34872,34872,1795151559522668877,2024-05-27,NEG,ironic,
22927251,34873,34873,1795151559023644717,2024-05-27,NEG,not ironic,
22927252,34874,34874,1795151556926480545,2024-05-27,POS,ironic,
22927253,34875,34875,1795151556792250649,2024-05-27,NEU,not ironic,
22927254,34876,34876,1795151556590932365,2024-05-27,NEU,not ironic,
22927255,34877,34877,1795151555668111558,2024-05-27,NEG,ironic,
22927256,34878,34878,1795151555634540945,2024-05-27,NEG,ironic,
22927257,34879,34879,1795151554783129658,2024-05-27,NEG,ironic,
22927258,34880,34880,1795151552421724598,2024-05-27,NEU,not ironic,
22927259,34881,34881,1795151551733907637,2024-05-27,POS,not ironic,
22927260,34882,34882,1795151550794408251,2024-05-27,NEG,not ironic,
22927261,34883,34883,1795151549049561522,2024-05-27,NEG,not ironic,
22927262,34884,34884,1795151548223242564,2024-05-27,NEU,not ironic,
22927263,34885,34885,1795151546356801579,2024-05-27,NEU,not ironic,
22927264,34886,34886,1795151545094312033,2024-05-27,NEU,not ironic,
22927265,34887,34887,1795151544905519366,2024-05-27,NEG,ironic,
22927266,34888,34888,1795151544008015924,2024-05-27,NEG,not ironic,
22927267,34889,34889,1795151543320150220,2024-05-27,NEU,ironic,
22927268,34890,34890,1795151542720381362,2024-05-27,NEG,not ironic,
22927269,34891,34891,1795151541214519595,2024-05-27,POS,ironic,
22927270,34892,34892,1795151541181039101,2024-05-27,POS,not ironic,
22927271,34893,34893,1795151540677738600,2024-05-27,NEG,not ironic,
22927272,34894,34894,1795151540572819917,2024-05-27,NEG,not ironic,
22927273,34895,34895,1795151540409258151,2024-05-27,NEG,not ironic,
22927274,34896,34896,1795151538991571323,2024-05-27,NEG,not ironic,
22927275,34897,34897,1795151538928660715,2024-05-27,NEU,ironic,
22927276,34898,34898,1795151538693837261,2024-05-27,NEG,not ironic,
22927277,34899,34899,1795151534864375951,2024-05-27,NEG,not ironic,
22927278,34900,34900,1795151533425721478,2024-05-27,NEG,ironic,
22927279,34901,34901,1795151531664117807,2024-05-27,NEU,not ironic,
22927280,34902,34902,1795151531005624653,2024-05-27,NEG,not ironic,
22927281,34903,34903,1795151530342912069,2024-05-27,NEU,not ironic,
22927282,34904,34904,1795151529852190725,2024-05-27,NEU,ironic,
22927283,34905,34905,1795151529290109024,2024-05-27,NEU,ironic,
22927284,34906,34906,1795151529235599489,2024-05-27,NEG,not ironic,
22927285,34907,34907,1795151529097232502,2024-05-27,NEU,ironic,
22927286,34908,34908,1795151528996606116,2024-05-27,NEU,not ironic,
22927287,34909,34909,1795151528539410658,2024-05-27,NEU,ironic,
22927288,34910,34910,1795151528304500868,2024-05-27,NEU,not ironic,
22927289,34911,34911,1795151527083979236,2024-05-27,NEU,not ironic,
22927290,34912,34912,1795151526584873294,2024-05-27,NEU,not ironic,
22927291,34913,34913,1795151526547141107,2024-05-27,NEG,not ironic,
22927292,34914,34914,1795151525964046575,2024-05-27,NEU,ironic,
22927293,34915,34915,1795151525955698771,2024-05-27,NEU,not ironic,
22927294,34916,34916,1795151525557211137,2024-05-27,NEG,not ironic,
22927295,34917,34917,1795151524915450088,2024-05-27,NEU,ironic,
22927296,34918,34918,1795151524655399299,2024-05-27,NEG,ironic,
22927297,34919,34919,1795151522638012630,2024-05-27,POS,not ironic,
22927298,34920,34920,1795151522059141168,2024-05-27,NEG,ironic,
22927299,34921,34921,1795151521790702068,2024-05-27,NEG,ironic,
22927300,34922,34922,1795151521459413255,2024-05-27,NEG,not ironic,
22927301,34923,34923,1795151519718723605,2024-05-27,NEU,ironic,
22927302,34924,34924,1795151518716269040,2024-05-27,POS,ironic,
22927303,34925,34925,1795151517441237226,2024-05-27,POS,ironic,
22927304,34926,34926,1795151516849844729,2024-05-27,NEU,not ironic,
22927305,34927,34927,1795151516350693510,2024-05-27,NEU,not ironic,
22927306,34928,34928,1795151515075645670,2024-05-27,NEG,ironic,
22927307,34929,34929,1795151513699893621,2024-05-27,NEG,not ironic,
22927308,34930,34930,1795151513439936539,2024-05-27,NEG,ironic,
22927309,34931,34931,1795151513276276745,2024-05-27,POS,not ironic,
22927310,34932,34932,1795151513074946084,2024-05-27,NEG,ironic,
22927311,34933,34933,1795151512911392844,2024-05-27,NEG,not ironic,
22927312,34934,34934,1795151512705884205,2024-05-27,NEU,not ironic,
22927313,34935,34935,1795151512068329684,2024-05-27,NEU,not ironic,
22927314,34936,34936,1795151512051552715,2024-05-27,POS,ironic,
22927315,34937,34937,1795151510927520137,2024-05-27,NEU,not ironic,
22927316,34938,34938,1795151510784897167,2024-05-27,NEG,not ironic,
22927317,34939,34939,1795151510168277240,2024-05-27,NEU,not ironic,
22927318,34940,34940,1795151509602095479,2024-05-27,NEG,not ironic,
22927319,34941,34941,1795151505525272709,2024-05-27,NEU,not ironic,
22927320,34942,34942,1795151505227465156,2024-05-27,NEG,ironic,
22927321,34943,34943,1795151505000993215,2024-05-27,NEU,not ironic,
22927322,34944,34944,1795151503784612342,2024-05-27,NEG,not ironic,
22927323,34945,34945,1795151503616778366,2024-05-27,NEG,ironic,
22927324,34946,34946,1795151503537193020,2024-05-27,POS,ironic,
22927325,34947,34947,1795151503247712615,2024-05-27,NEU,not ironic,
22927326,34948,34948,1795151503134433769,2024-05-27,NEU,not ironic,
22927327,34949,34949,1795151501016420560,2024-05-27,NEG,not ironic,
22927328,34950,34950,1795151500651397330,2024-05-27,NEG,not ironic,
22927329,34951,34951,1795151499028214057,2024-05-27,NEU,not ironic,
22927330,34952,34952,1795151497447014450,2024-05-27,NEU,not ironic,
22927331,34953,34953,1795151495312101756,2024-05-27,POS,ironic,
22927332,34954,34954,1795151494057992236,2024-05-27,NEG,not ironic,
22927333,34955,34955,1795151493638611040,2024-05-27,NEG,not ironic,
22927334,34956,34956,1795151493584068910,2024-05-27,POS,not ironic,
22927335,34957,34957,1795151490601873605,2024-05-27,NEG,not ironic,
22927336,34958,34958,1795151490421575934,2024-05-27,NEG,ironic,
22927337,34959,34959,1795151490383823313,2024-05-27,NEG,ironic,
22927338,34960,34960,1795151489616244968,2024-05-27,NEG,not ironic,
22927339,34961,34961,1795151489234596174,2024-05-27,NEG,not ironic,
22927340,34962,34962,1795151487783387586,2024-05-27,POS,not ironic,
22927341,34963,34963,1795151486176887248,2024-05-27,POS,ironic,
22927342,34964,34964,1795151485958799755,2024-05-27,NEG,not ironic,
22927343,34965,34965,1795151485484831140,2024-05-27,NEG,not ironic,
22927344,34966,34966,1795151482972471679,2024-05-27,NEG,ironic,
22927345,34967,34967,1795151482666234277,2024-05-27,NEU,not ironic,
22927346,34968,34968,1795151480581681352,2024-05-27,POS,not ironic,
22927347,34969,34969,1795151480086839353,2024-05-27,NEG,not ironic,
22927348,34970,34970,1795151478761378049,2024-05-27,NEG,not ironic,
22927349,34971,34971,1795151476102230253,2024-05-27,POS,not ironic,
22927350,34972,34972,1795151475670200767,2024-05-27,NEU,ironic,
22927351,34973,34973,1795151474801901690,2024-05-27,NEG,not ironic,
22927352,34974,34974,1795151474747404713,2024-05-27,NEG,ironic,
22927353,34975,34975,1795151473925317114,2024-05-27,NEG,ironic,
22927354,34976,34976,1795151473606574260,2024-05-27,NEG,not ironic,
22927355,34977,34977,1795151473157771325,2024-05-27,POS,not ironic,
22927356,34978,34978,1795151472964903411,2024-05-27,POS,not ironic,
22927357,34979,34979,1795151470825713908,2024-05-27,NEU,not ironic,
22927358,34980,34980,1795151470507000205,2024-05-27,NEG,ironic,
22927359,34981,34981,1795151470259556608,2024-05-27,NEU,not ironic,
22927360,34982,34982,1795151468330201145,2024-05-27,NEU,not ironic,
22927361,34983,34983,1795151467453563279,2024-05-27,NEU,not ironic,
22927362,34984,34984,1795151465335370129,2024-05-27,NEG,ironic,
22927363,34985,34985,1795151464697942270,2024-05-27,NEU,not ironic,
22927364,34986,34986,1795151463724798179,2024-05-27,NEU,not ironic,
22927365,34987,34987,1795151463649259548,2024-05-27,NEG,not ironic,
22927366,34988,34988,1795151462277734654,2024-05-27,NEU,not ironic,
22927367,34989,34989,1795151461053092133,2024-05-27,NEG,not ironic,
22927368,34990,34990,1795151460746858555,2024-05-27,NEG,not ironic,
22927369,34991,34991,1795151460159590593,2024-05-27,NEU,ironic,
22927370,34992,34992,1795151460059041950,2024-05-27,NEG,not ironic,
22927371,34993,34993,1795151459547292157,2024-05-27,NEU,not ironic,
22927372,34994,34994,1795151459140387312,2024-05-27,NEG,ironic,
22927373,34995,34995,1795151458200936618,2024-05-27,POS,ironic,
22927374,34996,34996,1795151456850338062,2024-05-27,NEG,not ironic,
22927375,34997,34997,1795151456133083240,2024-05-27,NEG,ironic,
22927376,34998,34998,1795151456091193510,2024-05-27,NEG,not ironic,
22927377,34999,34999,1795151454958661712,2024-05-27,NEG,ironic,
22927378,35000,35000,1795151454946144689,2024-05-27,NEG,not ironic,
22927379,35001,35001,1795151454765785187,2024-05-27,NEG,not ironic,
22927380,35002,35002,1795151453641650212,2024-05-27,NEG,not ironic,
22927381,35003,35003,1795151453243289694,2024-05-27,NEG,not ironic,
22927382,35004,35004,1795151452580487299,2024-05-27,NEU,not ironic,
22927383,35005,35005,1795151452106641696,2024-05-27,NEG,ironic,
22927384,35006,35006,1795151451418763489,2024-05-27,NEU,not ironic,
22927385,35007,35007,1795151450474959026,2024-05-27,NEU,not ironic,
22927386,35008,35008,1795151448587608066,2024-05-27,NEU,not ironic,
22927387,35009,35009,1795151448180666518,2024-05-27,NEU,not ironic,
22927388,35010,35010,1795151448142918031,2024-05-27,NEG,ironic,
22927389,35011,35011,1795151445131452457,2024-05-27,NEG,not ironic,
22927390,35012,35012,1795151444468785440,2024-05-27,NEU,not ironic,
22927391,35013,35013,1795151444330401995,2024-05-27,NEG,not ironic,
22927392,35014,35014,1795151440974848203,2024-05-27,NEU,not ironic,
22927393,35015,35015,1795151440853275121,2024-05-27,NEG,ironic,
22927394,35016,35016,1795151439326482516,2024-05-27,NEU,not ironic,
22927395,35017,35017,1795151439041290310,2024-05-27,NEG,ironic,
22927396,35018,35018,1795151438412231089,2024-05-27,NEU,ironic,
22927397,35019,35019,1795151438198247534,2024-05-27,NEG,ironic,
22927398,35020,35020,1795151437690741179,2024-05-27,NEG,ironic,
22927399,35021,35021,1795151437401321538,2024-05-27,NEG,ironic,
22927400,35022,35022,1795151437338476630,2024-05-27,NEG,not ironic,
22927401,35023,35023,1795151436637970786,2024-05-27,NEG,ironic,
22927402,35024,35024,1795151436268921343,2024-05-27,NEG,not ironic,
22927403,35025,35025,1795151435866194016,2024-05-27,NEU,not ironic,
22927404,35026,35026,1795151434087833613,2024-05-27,NEG,ironic,
22927405,35027,35027,1795151433811054931,2024-05-27,NEU,not ironic,
22927406,35028,35028,1795151431684571245,2024-05-27,NEU,not ironic,
22927407,35029,35029,1795151430782726600,2024-05-27,NEG,ironic,
22927408,35030,35030,1795151430212362397,2024-05-27,NEG,ironic,
22927409,35031,35031,1795151429834866886,2024-05-27,NEG,ironic,
22927410,35032,35032,1795151427121164310,2024-05-27,NEG,not ironic,
22927411,35033,35033,1795151427041456168,2024-05-27,NEU,ironic,
22927412,35034,35034,1795151426257035410,2024-05-27,NEG,ironic,
22927413,35035,35035,1795151423866314835,2024-05-27,NEU,not ironic,
22927414,35036,35036,1795151423543415183,2024-05-27,NEG,ironic,
22927415,35037,35037,1795151423279100213,2024-05-27,POS,not ironic,
22927416,35038,35038,1795151422469652491,2024-05-27,NEG,not ironic,
22927417,35039,35039,1795151422385737749,2024-05-27,NEU,not ironic,
22927418,35040,35040,1795151421173559339,2024-05-27,NEG,not ironic,
22927419,35041,35041,1795151419948806647,2024-05-27,NEG,not ironic,
22927420,35042,35042,1795151416945709145,2024-05-27,NEG,not ironic,
22927421,35043,35043,1795151414429106284,2024-05-27,NEG,not ironic,
22927422,35044,35044,1795151414420717581,2024-05-27,NEG,not ironic,
22927423,35045,35045,1795151413682553262,2024-05-27,NEG,not ironic,
22927424,35046,35046,1795151412524937304,2024-05-27,NEU,not ironic,
22927425,35047,35047,1795151412512354466,2024-05-27,NEG,ironic,
22927426,35048,35048,1795151411438637432,2024-05-27,POS,not ironic,
22927427,35049,35049,1795151408829763833,2024-05-27,NEG,not ironic,
22927428,35050,35050,1795151408540385557,2024-05-27,NEG,not ironic,
22927429,35051,35051,1795151408456462462,2024-05-27,NEU,ironic,
22927430,35052,35052,1795151408187973814,2024-05-27,NEU,not ironic,
22927431,35053,35053,1795151407558877402,2024-05-27,NEG,not ironic,
22927432,35054,35054,1795151406036349399,2024-05-27,NEG,not ironic,
22927433,35055,35055,1795151405394587756,2024-05-27,NEU,ironic,
22927434,35056,35056,1795151405281358317,2024-05-27,NEG,ironic,
22927435,35057,35057,1795151403326800279,2024-05-27,NEG,not ironic,
22927436,35058,35058,1795151403050013010,2024-05-27,NEG,not ironic,
22927437,35059,35059,1795151402769006943,2024-05-27,NEG,ironic,
22927438,35060,35060,1795151400122397008,2024-05-27,POS,not ironic,
22927439,35061,35061,1795151399161913848,2024-05-27,NEG,not ironic,
22927440,35062,35062,1795151398394355768,2024-05-27,NEG,ironic,
22927441,35063,35063,1795151398327222338,2024-05-27,NEG,not ironic,
22927442,35064,35064,1795151397597380937,2024-05-27,NEG,not ironic,
22927443,35065,35065,1795151397286990032,2024-05-27,NEU,not ironic,
22927444,35066,35066,1795151397140193376,2024-05-27,NEG,not ironic,
22927445,35067,35067,1795151397136085180,2024-05-27,NEU,ironic,
22927446,35068,35068,1795151396578222443,2024-05-27,NEU,not ironic,
22927447,35069,35069,1795151396490092836,2024-05-27,NEU,ironic,
22927448,35070,35070,1795151396448108996,2024-05-27,NEG,ironic,
22927449,35071,35071,1795151395617706101,2024-05-27,POS,ironic,
22927450,35072,35072,1795151395223433229,2024-05-27,NEG,not ironic,
22927451,35073,35073,1795151394405511605,2024-05-27,NEG,ironic,
22927452,35074,35074,1795151394384543928,2024-05-27,NEG,ironic,
22927453,35075,35075,1795151394283917718,2024-05-27,NEU,not ironic,
22927454,35076,35076,1795151394082566476,2024-05-27,NEG,not ironic,
22927455,35077,35077,1795151393646391741,2024-05-27,NEU,not ironic,
22927456,35078,35078,1795151392643965256,2024-05-27,NEG,not ironic,
22927457,35079,35079,1795151391192731853,2024-05-27,NEU,not ironic,
22927458,35080,35080,1795151390890762705,2024-05-27,NEU,not ironic,
22927459,35081,35081,1795151390437695840,2024-05-27,NEG,ironic,
22927460,35082,35082,1795151389254955439,2024-05-27,NEG,not ironic,
22927461,35083,35083,1795151389133332693,2024-05-27,POS,ironic,
22927462,35084,35084,1795151387396845798,2024-05-27,NEU,not ironic,
22927463,35085,35085,1795151386847367367,2024-05-27,NEU,not ironic,
22927464,35086,35086,1795151386507661778,2024-05-27,NEG,not ironic,
22927465,35087,35087,1795151386486735190,2024-05-27,NEU,not ironic,
22927466,35088,35088,1795151384955769160,2024-05-27,NEU,not ironic,
22927467,35089,35089,1795151383630323888,2024-05-27,NEG,ironic,
22927468,35090,35090,1795151383185719584,2024-05-27,NEU,not ironic,
22927469,35091,35091,1795151380165857651,2024-05-27,NEG,not ironic,
22927470,35092,35092,1795151378429485471,2024-05-27,NEG,not ironic,
22927471,35093,35093,1795151378324627558,2024-05-27,NEG,ironic,
22927472,35094,35094,1795151377565368508,2024-05-27,NEU,not ironic,
22927473,35095,35095,1795151377359880306,2024-05-27,POS,not ironic,
22927474,35096,35096,1795151375610819013,2024-05-27,POS,ironic,
22927475,35097,35097,1795151374449078340,2024-05-27,NEU,not ironic,
22927476,35098,35098,1795151370171056305,2024-05-27,NEU,not ironic,
22927477,35099,35099,1795151369046831359,2024-05-27,NEU,not ironic,
22927478,35100,35100,1795151366983241855,2024-05-27,NEU,not ironic,
22927479,35101,35101,1795151366907662764,2024-05-27,NEG,ironic,
22927480,35102,35102,1795151366307958863,2024-05-27,NEU,not ironic,
22927481,35103,35103,1795151366182088738,2024-05-27,NEG,ironic,
22927482,35104,35104,1795151366110736721,2024-05-27,NEG,ironic,
22927483,35105,35105,1795151365905219889,2024-05-27,NEU,not ironic,
22927484,35106,35106,1795151365204840467,2024-05-27,NEG,ironic,
22927485,35107,35107,1795151365104144569,2024-05-27,NEG,ironic,
22927486,35108,35108,1795151364609184039,2024-05-27,POS,not ironic,
22927487,35109,35109,1795151363636171007,2024-05-27,NEU,not ironic,
22927488,35110,35110,1795151363053134172,2024-05-27,NEG,not ironic,
22927489,35111,35111,1795151362407198998,2024-05-27,NEG,ironic,
22927490,35112,35112,1795151361916518693,2024-05-27,NEG,not ironic,
22927491,35113,35113,1795151361715155390,2024-05-27,NEU,not ironic,
22927492,35114,35114,1795151360419123412,2024-05-27,NEU,not ironic,
22927493,35115,35115,1795151360381325410,2024-05-27,NEG,not ironic,
22927494,35116,35116,1795151359416644046,2024-05-27,NEU,ironic,
22927495,35117,35117,1795151359173366007,2024-05-27,NEG,ironic,
22927496,35118,35118,1795151356174520615,2024-05-27,NEU,not ironic,
22927497,35119,35119,1795151353708253406,2024-05-27,NEU,not ironic,
22927498,35120,35120,1795151353465143636,2024-05-27,NEU,not ironic,
22927499,35121,35121,1795151351464210825,2024-05-27,POS,ironic,
22927500,35122,35122,1795151351355174966,2024-05-27,NEG,not ironic,
22927501,35123,35123,1795151350029828196,2024-05-27,NEG,ironic,
22927502,35124,35124,1795151349056786529,2024-05-27,NEU,not ironic,
22927503,35125,35125,1795151348494680083,2024-05-27,NEG,ironic,
22927504,35126,35126,1795151348029141048,2024-05-27,NEU,not ironic,
22927505,35127,35127,1795151347601272865,2024-05-27,NEG,ironic,
22927506,35128,35128,1795151346963726690,2024-05-27,NEG,not ironic,
22927507,35129,35129,1795151346733105628,2024-05-27,NEG,not ironic,
22927508,35130,35130,1795151345701286102,2024-05-27,POS,ironic,
22927509,35131,35131,1795151345382547500,2024-05-27,NEG,not ironic,
22927510,35132,35132,1795151344589832435,2024-05-27,NEU,ironic,
22927511,35133,35133,1795151344329699699,2024-05-27,NEG,not ironic,
22927512,35134,35134,1795151344287789234,2024-05-27,NEG,ironic,
22927513,35135,35135,1795151344170590531,2024-05-27,NEG,ironic,
22927514,35136,35136,1795151343784431862,2024-05-27,NEG,not ironic,
22927515,35137,35137,1795151343629259140,2024-05-27,NEU,ironic,
22927516,35138,35138,1795151343163679020,2024-05-27,POS,not ironic,
22927517,35139,35139,1795151340139610625,2024-05-27,NEG,not ironic,
22927518,35140,35140,1795151340013793375,2024-05-27,NEG,ironic,
22927519,35141,35141,1795151339896311870,2024-05-27,NEU,not ironic,
22927520,35142,35142,1795151338554155152,2024-05-27,NEG,not ironic,
22927521,35143,35143,1795151337732047242,2024-05-27,NEG,ironic,
22927522,35144,35144,1795151337052570102,2024-05-27,NEG,not ironic,
22927523,35145,35145,1795151334678683895,2024-05-27,NEG,ironic,
22927524,35146,35146,1795151334183760208,2024-05-27,NEU,not ironic,
22927525,35147,35147,1795151333953085838,2024-05-27,NEU,ironic,
22927526,35148,35148,1795151333672005990,2024-05-27,POS,ironic,
22927527,35149,35149,1795151333374234769,2024-05-27,NEG,ironic,
22927528,35150,35150,1795151333026083098,2024-05-27,NEG,ironic,
22927529,35151,35151,1795151332367569317,2024-05-27,NEG,not ironic,
22927530,35152,35152,1795151331792962021,2024-05-27,NEG,not ironic,
22927531,35153,35153,1795151329205039443,2024-05-27,NEG,ironic,
22927532,35154,35154,1795151328953422006,2024-05-27,POS,not ironic,
22927533,35155,35155,1795151327242174782,2024-05-27,NEU,ironic,
22927534,35156,35156,1795151325673447658,2024-05-27,NEG,not ironic,
22927535,35157,35157,1795151325132423567,2024-05-27,NEU,not ironic,
22927536,35158,35158,1795151324629152229,2024-05-27,NEU,not ironic,
22927537,35159,35159,1795151324608098803,2024-05-27,NEG,ironic,
22927538,35160,35160,1795151324486529048,2024-05-27,NEG,not ironic,
22927539,35161,35161,1795151322456486396,2024-05-27,NEG,not ironic,
22927540,35162,35162,1795151322196418709,2024-05-27,NEG,ironic,
22927541,35163,35163,1795151321894375454,2024-05-27,NEG,not ironic,
22927542,35164,35164,1795151321865032188,2024-05-27,POS,not ironic,
22927543,35165,35165,1795151321663680789,2024-05-27,NEG,ironic,
22927544,35166,35166,1795151317704245719,2024-05-27,NEG,ironic,
22927545,35167,35167,1795151315745530229,2024-05-27,NEU,not ironic,
22927546,35168,35168,1795151311798735018,2024-05-27,NEU,not ironic,
22927547,35169,35169,1795151311559704921,2024-05-27,NEG,not ironic,
22927548,35170,35170,1795151311148634397,2024-05-27,NEG,ironic,
22927549,35171,35171,1795151310854947312,2024-05-27,NEU,not ironic,
22927550,35172,35172,1795151310838174184,2024-05-27,NEG,ironic,
22927551,35173,35173,1795151307939930226,2024-05-27,NEU,ironic,
22927552,35174,35174,1795151306975219808,2024-05-27,NEU,not ironic,
22927553,35175,35175,1795151306421580003,2024-05-27,NEG,ironic,
22927554,35176,35176,1795151306279076007,2024-05-27,NEU,not ironic,
22927555,35177,35177,1795151303884099783,2024-05-27,NEU,not ironic,
22927556,35178,35178,1795151303187800452,2024-05-27,NEU,ironic,
22927557,35179,35179,1795151302806147532,2024-05-27,NEG,not ironic,
22927558,35180,35180,1795151302340595961,2024-05-27,NEG,not ironic,
22927559,35181,35181,1795151300029501560,2024-05-27,NEG,not ironic,
22927560,35182,35182,1795151299308044419,2024-05-27,NEU,ironic,
22927561,35183,35183,1795151298163003503,2024-05-27,POS,ironic,
22927562,35184,35184,1795151297974297034,2024-05-27,NEU,not ironic,
22927563,35185,35185,1795151297798115650,2024-05-27,NEG,not ironic,
22927564,35186,35186,1795151297542295892,2024-05-27,POS,not ironic,
22927565,35187,35187,1795151297236111418,2024-05-27,NEU,not ironic,
22927566,35188,35188,1795151294740472067,2024-05-27,NEU,not ironic,
22927567,35189,35189,1795151294052614387,2024-05-27,NEG,ironic,
22927568,35190,35190,1795151293356376560,2024-05-27,NEG,ironic,
22927569,35191,35191,1795151290881782246,2024-05-27,NEU,not ironic,
22927570,35192,35192,1795151290281910763,2024-05-27,NEG,not ironic,
22927571,35193,35193,1795151288495223097,2024-05-27,NEG,ironic,
22927572,35194,35194,1795151288327344594,2024-05-27,NEU,ironic,
22927573,35195,35195,1795151288163828061,2024-05-27,POS,not ironic,
22927574,35196,35196,1795151287421436066,2024-05-27,NEG,ironic,
22927575,35197,35197,1795151286611935334,2024-05-27,NEG,not ironic,
22927576,35198,35198,1795151286586704274,2024-05-27,NEG,not ironic,
22927577,35199,35199,1795151286507049272,2024-05-27,NEU,not ironic,
22927578,35200,35200,1795151286330908713,2024-05-27,NEG,not ironic,
22927579,35201,35201,1795151286167323111,2024-05-27,NEG,ironic,
22927580,35202,35202,1795151285823365374,2024-05-27,POS,ironic,
22927581,35203,35203,1795151285609460221,2024-05-27,NEG,not ironic,
22927582,35204,35204,1795151285500399668,2024-05-27,NEG,not ironic,
22927583,35205,35205,1795151285391343747,2024-05-27,NEG,not ironic,
22927584,35206,35206,1795151285068366149,2024-05-27,NEG,not ironic,
22927585,35207,35207,1795151283730411784,2024-05-27,NEU,not ironic,
22927586,35208,35208,1795151281972982229,2024-05-27,NEG,ironic,
22927587,35209,35209,1795151281461375148,2024-05-27,NEG,ironic,
22927588,35210,35210,1795151280249168327,2024-05-27,NEU,not ironic,
22927589,35211,35211,1795151278789529753,2024-05-27,NEG,not ironic,
22927590,35212,35212,1795151278256894366,2024-05-27,NEG,ironic,
22927591,35213,35213,1795151275832557932,2024-05-27,NEG,not ironic,
22927592,35214,35214,1795151275140485433,2024-05-27,NEG,not ironic,
22927593,35215,35215,1795151274792403030,2024-05-27,NEU,not ironic,
22927594,35216,35216,1795151273525723597,2024-05-27,NEU,ironic,
22927595,35217,35217,1795151270656823654,2024-05-27,NEG,ironic,
22927596,35218,35218,1795151270522532261,2024-05-27,NEG,not ironic,
22927597,35219,35219,1795151270514147522,2024-05-27,NEU,not ironic,
22927598,35220,35220,1795151269717262503,2024-05-27,NEG,not ironic,
22927599,35221,35221,1795151268354097203,2024-05-27,NEG,ironic,
22927600,35222,35222,1795151268286984273,2024-05-27,NEG,ironic,
22927601,35223,35223,1795151268245119185,2024-05-27,NEG,not ironic,
22927602,35224,35224,1795151267079086127,2024-05-27,NEU,not ironic,
22927603,35225,35225,1795151266902937645,2024-05-27,NEG,not ironic,
22927604,35226,35226,1795151266764542222,2024-05-27,POS,ironic,
22927605,35227,35227,1795151226168037801,2024-05-27,NEU,not ironic,
22927606,35228,35228,1795151226104889489,2024-05-27,NEG,ironic,
22927607,35229,35229,1795151224280396169,2024-05-27,NEG,ironic,
22927608,35230,35230,1795151223194022096,2024-05-27,NEU,not ironic,
22927609,35231,35231,1795151223068192848,2024-05-27,NEU,not ironic,
22927610,35232,35232,1795151221717639607,2024-05-27,NEU,not ironic,
22927611,35233,35233,1795151221537263922,2024-05-27,NEU,not ironic,
22927612,35234,35234,1795151221470204333,2024-05-27,POS,ironic,
22927613,35235,35235,1795151220908208193,2024-05-27,NEG,not ironic,
22927614,35236,35236,1795151220551688670,2024-05-27,NEG,ironic,
22927615,35237,35237,1795151219024883980,2024-05-27,NEG,not ironic,
22927616,35238,35238,1795151218450334062,2024-05-27,POS,ironic,
22927617,35239,35239,1795151218236617170,2024-05-27,NEU,not ironic,
22927618,35240,35240,1795151217221316692,2024-05-27,NEU,ironic,
22927619,35241,35241,1795151217187766722,2024-05-27,NEG,not ironic,
22927620,35242,35242,1795151215673610474,2024-05-27,NEG,ironic,
22927621,35243,35243,1795151215065534502,2024-05-27,NEU,not ironic,
22927622,35244,35244,1795151214650257906,2024-05-27,NEG,not ironic,
22927623,35245,35245,1795151214327324873,2024-05-27,NEG,ironic,
22927624,35246,35246,1795151212947370480,2024-05-27,NEU,not ironic,
22927625,35247,35247,1795151212087570846,2024-05-27,NEG,ironic,
22927626,35248,35248,1795151211852705896,2024-05-27,NEU,not ironic,
22927627,35249,35249,1795151211752042605,2024-05-27,NEU,not ironic,
22927628,35250,35250,1795151211617833255,2024-05-27,POS,ironic,
22927629,35251,35251,1795151209650663865,2024-05-27,POS,not ironic,
22927630,35252,35252,1795151209344520304,2024-05-27,NEU,not ironic,
22927631,35253,35253,1795151208862130373,2024-05-27,NEU,ironic,
22927632,35254,35254,1795151208375538140,2024-05-27,NEG,not ironic,
22927633,35255,35255,1795151206257434962,2024-05-27,NEG,ironic,
22927634,35256,35256,1795151205666095576,2024-05-27,NEU,not ironic,
22927635,35257,35257,1795151205406015825,2024-05-27,NEU,ironic,
22927636,35258,35258,1795151205397594336,2024-05-27,NEG,ironic,
22927637,35259,35259,1795151204693033324,2024-05-27,NEU,not ironic,
22927638,35260,35260,1795151204562895221,2024-05-27,NEG,ironic,
22927639,35261,35261,1795151201731838168,2024-05-27,POS,not ironic,
22927640,35262,35262,1795151200867733910,2024-05-27,NEG,ironic,
22927641,35263,35263,1795151200418922682,2024-05-27,NEU,not ironic,
22927642,35264,35264,1795151199215161807,2024-05-27,NEU,not ironic,
22927643,35265,35265,1795151198346965295,2024-05-27,NEG,ironic,
22927644,35266,35266,1795151198040776864,2024-05-27,NEU,ironic,
22927645,35267,35267,1795151197533343976,2024-05-27,NEU,not ironic,
22927646,35268,35268,1795151194244952316,2024-05-27,NEG,not ironic,
22927647,35269,35269,1795151193435492568,2024-05-27,NEU,not ironic,
22927648,35270,35270,1795151192584073624,2024-05-27,NEG,not ironic,
22927649,35271,35271,1795151192500076973,2024-05-27,NEU,not ironic,
22927650,35272,35272,1795151191824892221,2024-05-27,NEG,not ironic,
22927651,35273,35273,1795151191581630502,2024-05-27,NEG,ironic,
22927652,35274,35274,1795151189681545701,2024-05-27,NEG,ironic,
22927653,35275,35275,1795151189664784763,2024-05-27,NEG,not ironic,
22927654,35276,35276,1795151189312504005,2024-05-27,NEG,ironic,
22927655,35277,35277,1795151188985258312,2024-05-27,NEG,ironic,
22927656,35278,35278,1795151188180062259,2024-05-27,NEU,not ironic,
22927657,35279,35279,1795151185617326422,2024-05-27,NEU,not ironic,
22927658,35280,35280,1795151185042612264,2024-05-27,NEU,not ironic,
22927659,35281,35281,1795151183926964592,2024-05-27,NEG,ironic,
22927660,35282,35282,1795151181318124023,2024-05-27,NEU,ironic,
22927661,35283,35283,1795151179975974949,2024-05-27,NEG,not ironic,
22927662,35284,35284,1795151178386333793,2024-05-27,NEG,not ironic,
22927663,35285,35285,1795151178327601366,2024-05-27,NEU,not ironic,
22927664,35286,35286,1795151176633028788,2024-05-27,NEG,ironic,
22927665,35287,35287,1795151175752302737,2024-05-27,POS,not ironic,
22927666,35288,35288,1795151174292660596,2024-05-27,POS,not ironic,
22927667,35289,35289,1795151173713887271,2024-05-27,POS,not ironic,
22927668,35290,35290,1795151173453795526,2024-05-27,NEG,not ironic,
22927669,35291,35291,1795151173109899549,2024-05-27,NEG,ironic,
22927670,35292,35292,1795151172208083446,2024-05-27,NEG,not ironic,
22927671,35293,35293,1795151171537011099,2024-05-27,NEG,not ironic,
22927672,35294,35294,1795151171511845055,2024-05-27,NEG,ironic,
22927673,35295,35295,1795151169624424926,2024-05-27,NEG,ironic,
22927674,35296,35296,1795151168345116900,2024-05-27,POS,ironic,
22927675,35297,35297,1795151166763852005,2024-05-27,NEG,not ironic,
22927676,35298,35298,1795151165996323150,2024-05-27,NEU,ironic,
22927677,35299,35299,1795151164532563987,2024-05-27,NEG,ironic,
22927678,35300,35300,1795151164276867113,2024-05-27,NEU,ironic,
22927679,35301,35301,1795151163345469744,2024-05-27,NEU,not ironic,
22927680,35302,35302,1795151162645111183,2024-05-27,NEG,ironic,
22927681,35303,35303,1795151162141708400,2024-05-27,NEG,ironic,
22927682,35304,35304,1795151161835573684,2024-05-27,NEG,not ironic,
22927683,35305,35305,1795151161667797072,2024-05-27,NEU,ironic,
22927684,35306,35306,1795151161219043606,2024-05-27,NEG,not ironic,
22927685,35307,35307,1795151160854163626,2024-05-27,NEG,not ironic,
22927686,35308,35308,1795151160518590696,2024-05-27,NEG,not ironic,
22927687,35309,35309,1795151159633629659,2024-05-27,NEG,not ironic,
22927688,35310,35310,1795151158912102670,2024-05-27,NEG,not ironic,
22927689,35311,35311,1795151157116944507,2024-05-27,NEG,not ironic,
22927690,35312,35312,1795151156588544363,2024-05-27,NEG,not ironic,
22927691,35313,35313,1795151155900629296,2024-05-27,NEU,ironic,
22927692,35314,35314,1795151155112124800,2024-05-27,NEU,not ironic,
22927693,35315,35315,1795151154944332039,2024-05-27,NEU,not ironic,
22927694,35316,35316,1795151154906607937,2024-05-27,POS,ironic,
22927695,35317,35317,1795151154310983750,2024-05-27,NEG,ironic,
22927696,35318,35318,1795151153593790586,2024-05-27,NEG,not ironic,
22927697,35319,35319,1795151152381571202,2024-05-27,POS,not ironic,
22927698,35320,35320,1795151151567958417,2024-05-27,NEG,not ironic,
22927699,35321,35321,1795151151379157070,2024-05-27,NEG,not ironic,
22927700,35322,35322,1795151150850703767,2024-05-27,POS,ironic,
22927701,35323,35323,1795151150397714788,2024-05-27,NEG,ironic,
22927702,35324,35324,1795151149143667090,2024-05-27,NEU,not ironic,
22927703,35325,35325,1795151147377856777,2024-05-27,POS,ironic,
22927704,35326,35326,1795151147138789823,2024-05-27,NEG,ironic,
22927705,35327,35327,1795151146312413664,2024-05-27,NEG,ironic,
22927706,35328,35328,1795151146031391181,2024-05-27,NEG,not ironic,
22927707,35329,35329,1795151143540011269,2024-05-27,POS,not ironic,
22927708,35330,35330,1795151143502315728,2024-05-27,POS,not ironic,
22927709,35331,35331,1795151142902513893,2024-05-27,NEG,not ironic,
22927710,35332,35332,1795151142663422314,2024-05-27,NEG,ironic,
22927711,35333,35333,1795151142420172801,2024-05-27,NEG,not ironic,
22927712,35334,35334,1795151141484810534,2024-05-27,NEG,not ironic,
22927713,35335,35335,1795151141191249963,2024-05-27,NEU,ironic,
22927714,35336,35336,1795151140130013481,2024-05-27,NEG,not ironic,
22927715,35337,35337,1795151139530240493,2024-05-27,NEU,not ironic,
22927716,35338,35338,1795151137567359237,2024-05-27,NEU,not ironic,
22927717,35339,35339,1795151137512829052,2024-05-27,NEG,ironic,
22927718,35340,35340,1795151137001091569,2024-05-27,NEU,ironic,
22927719,35341,35341,1795151136720130532,2024-05-27,POS,not ironic,
22927720,35342,35342,1795151136367731189,2024-05-27,NEU,not ironic,
22927721,35343,35343,1795151135629508933,2024-05-27,NEU,not ironic,
22927722,35344,35344,1795151135570878879,2024-05-27,NEU,ironic,
22927723,35345,35345,1795151135008866734,2024-05-27,NEG,not ironic,
22927724,35346,35346,1795151132530008533,2024-05-27,NEU,not ironic,
22927725,35347,35347,1795151131506557232,2024-05-27,NEU,not ironic,
22927726,35348,35348,1795151130860703891,2024-05-27,NEG,ironic,
22927727,35349,35349,1795151130067902555,2024-05-27,NEG,ironic,
22927728,35350,35350,1795151127559696669,2024-05-27,NEG,not ironic,
22927729,35351,35351,1795151127324852473,2024-05-27,NEG,ironic,
22927730,35352,35352,1795151124443304358,2024-05-27,NEU,not ironic,
22927731,35353,35353,1795151124434928045,2024-05-27,NEU,not ironic,
22927732,35354,35354,1795151124057493960,2024-05-27,NEG,not ironic,
22927733,35355,35355,1795151123256381812,2024-05-27,NEU,not ironic,
22927734,35356,35356,1795151121901592756,2024-05-27,NEU,not ironic,
22927735,35357,35357,1795151121188573277,2024-05-27,NEU,ironic,
22927736,35358,35358,1795151120416809252,2024-05-27,NEU,ironic,
22927737,35359,35359,1795151120383328746,2024-05-27,NEG,ironic,
22927738,35360,35360,1795151120114819221,2024-05-27,NEU,not ironic,
22927739,35361,35361,1795151119926059348,2024-05-27,NEG,ironic,
22927740,35362,35362,1795151119821242455,2024-05-27,NEG,not ironic,
22927741,35363,35363,1795151117589832010,2024-05-27,NEU,not ironic,
22927742,35364,35364,1795151117497651641,2024-05-27,NEU,ironic,
22927743,35365,35365,1795151116943892818,2024-05-27,NEG,ironic,
22927744,35366,35366,1795151116746776839,2024-05-27,NEG,not ironic,
22927745,35367,35367,1795151115660452260,2024-05-27,NEG,not ironic,
22927746,35368,35368,1795151115568234708,2024-05-27,NEU,ironic,
22927747,35369,35369,1795151115152994460,2024-05-27,NEG,ironic,
22927748,35370,35370,1795151114653839788,2024-05-27,NEG,ironic,
22927749,35371,35371,1795151113898832045,2024-05-27,NEG,not ironic,
22927750,35372,35372,1795151113861075347,2024-05-27,NEU,not ironic,
22927751,35373,35373,1795151113135562786,2024-05-27,NEU,not ironic,
22927752,35374,35374,1795151112548311201,2024-05-27,NEG,not ironic,
22927753,35375,35375,1795151112506335385,2024-05-27,NEG,not ironic,
22927754,35376,35376,1795151112418271695,2024-05-27,NEU,not ironic,
22927755,35377,35377,1795151111600422925,2024-05-27,NEG,not ironic,
22927756,35378,35378,1795151111013163191,2024-05-27,NEU,not ironic,
22927757,35379,35379,1795151110673502418,2024-05-27,NEU,not ironic,
22927758,35380,35380,1795151108144283902,2024-05-27,NEU,ironic,
22927759,35381,35381,1795150976380231796,2024-05-27,NEU,not ironic,
22927760,35382,35382,1795150974878707890,2024-05-27,NEU,ironic,
22927761,35383,35383,1795150974627029065,2024-05-27,NEU,not ironic,
22927762,35384,35384,1795150973981073751,2024-05-27,NEG,ironic,
22927763,35385,35385,1795150973733609703,2024-05-27,POS,not ironic,
22927764,35386,35386,1795150972894765363,2024-05-27,NEG,not ironic,
22927765,35387,35387,1795150971351208086,2024-05-27,NEG,ironic,
22927766,35388,35388,1795150970780819550,2024-05-27,NEU,ironic,
22927767,35389,35389,1795150970512433262,2024-05-27,NEG,not ironic,
22927768,35390,35390,1795150969618993235,2024-05-27,NEG,not ironic,
22927769,35391,35391,1795150968385908877,2024-05-27,NEG,ironic,
22927770,35392,35392,1795150967085699217,2024-05-27,NEG,not ironic,
22927771,35393,35393,1795150966871695675,2024-05-27,NEU,not ironic,
22927772,35394,35394,1795150966519464249,2024-05-27,NEU,ironic,
22927773,35395,35395,1795150965512847865,2024-05-27,POS,not ironic,
22927774,35396,35396,1795150965328294173,2024-05-27,NEG,ironic,
22927775,35397,35397,1795150965328253086,2024-05-27,NEU,not ironic,
22927776,35398,35398,1795150964569096481,2024-05-27,NEG,ironic,
22927777,35399,35399,1795150964019581347,2024-05-27,NEG,not ironic,
22927778,35400,35400,1795150963914784911,2024-05-27,NEG,not ironic,
22927779,35401,35401,1795150963654664384,2024-05-27,NEG,not ironic,
22927780,35402,35402,1795150960798368025,2024-05-27,NEU,not ironic,
22927781,35403,35403,1795150960571879523,2024-05-27,POS,ironic,
22927782,35404,35404,1795150960420954497,2024-05-27,POS,ironic,
22927783,35405,35405,1795150959091282078,2024-05-27,NEG,ironic,
22927784,35406,35406,1795150958747341147,2024-05-27,NEG,ironic,
22927785,35407,35407,1795150958692868488,2024-05-27,NEU,ironic,
22927786,35408,35408,1795150958478909840,2024-05-27,NEG,not ironic,
22927787,35409,35409,1795150956524372336,2024-05-27,NEU,not ironic,
22927788,35410,35410,1795150952766353856,2024-05-27,NEU,ironic,
22927789,35411,35411,1795150952535613950,2024-05-27,NEG,not ironic,
22927790,35412,35412,1795150951256322468,2024-05-27,NEU,not ironic,
22927791,35413,35413,1795150951159824605,2024-05-27,NEU,not ironic,
22927792,35414,35414,1795150951067631618,2024-05-27,NEG,ironic,
22927793,35415,35415,1795150949775732916,2024-05-27,NEG,not ironic,
22927794,35416,35416,1795150949348000151,2024-05-27,NEU,not ironic,
22927795,35417,35417,1795150948995674354,2024-05-27,NEG,not ironic,
22927796,35418,35418,1795150948400054659,2024-05-27,NEG,ironic,
22927797,35419,35419,1795150948194496974,2024-05-27,POS,not ironic,
22927798,35420,35420,1795150947934433319,2024-05-27,NEU,ironic,
22927799,35421,35421,1795150947573719190,2024-05-27,NEG,not ironic,
22927800,35422,35422,1795150947024314523,2024-05-27,NEG,ironic,
22927801,35423,35423,1795150946118295771,2024-05-27,NEU,not ironic,
22927802,35424,35424,1795150945048789186,2024-05-27,NEG,not ironic,
22927803,35425,35425,1795150944058937373,2024-05-27,NEG,ironic,
22927804,35426,35426,1795150943341748439,2024-05-27,NEG,ironic,
22927805,35427,35427,1795150943090061316,2024-05-27,NEU,ironic,
22927806,35428,35428,1795150942414811647,2024-05-27,NEU,not ironic,
22927807,35429,35429,1795150939906601197,2024-05-27,NEG,not ironic,
22927808,35430,35430,1795150933849981326,2024-05-27,NEU,ironic,
22927809,35431,35431,1795150933543784742,2024-05-27,NEU,ironic,
22927810,35432,35432,1795150931203387834,2024-05-27,NEU,ironic,
22927811,35433,35433,1795150931161407577,2024-05-27,NEG,ironic,
22927812,35434,35434,1795150929873756176,2024-05-27,NEG,ironic,
22927813,35435,35435,1795150929458553205,2024-05-27,NEG,ironic,
22927814,35436,35436,1795150928561017041,2024-05-27,POS,not ironic,
22927815,35437,35437,1795150927881540002,2024-05-27,POS,ironic,
22927816,35438,35438,1795150927634083969,2024-05-27,NEG,not ironic,
22927817,35439,35439,1795150926434509181,2024-05-27,NEG,not ironic,
22927818,35440,35440,1795150925780156889,2024-05-27,NEU,ironic,
22927819,35441,35441,1795150925507567974,2024-05-27,NEG,not ironic,
22927820,35442,35442,1795150922869363161,2024-05-27,POS,ironic,
22927821,35443,35443,1795150919773913203,2024-05-27,NEU,ironic,
22927822,35444,35444,1795150916057788594,2024-05-27,NEU,not ironic,
22927823,35445,35445,1795150913578885289,2024-05-27,NEG,not ironic,
22927824,35446,35446,1795150913369227740,2024-05-27,NEG,not ironic,
22927825,35447,35447,1795150911876026396,2024-05-27,NEG,ironic,
22927826,35448,35448,1795150911188197859,2024-05-27,NEG,not ironic,
22927827,35449,35449,1795150909963444483,2024-05-27,NEG,not ironic,
22927828,35450,35450,1795150908814168271,2024-05-27,NEG,not ironic,
22927829,35451,35451,1795150908428308780,2024-05-27,NEU,not ironic,
22927830,35452,35452,1795150907711103155,2024-05-27,NEU,ironic,
22927831,35453,35453,1795150907157467210,2024-05-27,POS,ironic,
22927832,35454,35454,1795150906926784686,2024-05-27,NEU,ironic,
22927833,35455,35455,1795150906855391737,2024-05-27,NEU,not ironic,
22927834,35456,35456,1795150906700243052,2024-05-27,NEG,ironic,
22927835,35457,35457,1795150905127379195,2024-05-27,NEG,not ironic,
22927836,35458,35458,1795150904783511947,2024-05-27,NEU,not ironic,
22927837,35459,35459,1795150904196223001,2024-05-27,NEG,ironic,
22927838,35460,35460,1795150902489120783,2024-05-27,NEG,not ironic,
22927839,35461,35461,1795150902015168614,2024-05-27,NEG,ironic,
22927840,35462,35462,1795150901419905312,2024-05-27,NEG,not ironic,
22927841,35463,35463,1795150900475891990,2024-05-27,NEG,not ironic,
22927842,35464,35464,1795150900123635749,2024-05-27,NEG,ironic,
22927843,35465,35465,1795150897527320687,2024-05-27,NEG,not ironic,
22927844,35466,35466,1795150895358861687,2024-05-27,POS,ironic,
22927845,35467,35467,1795150894578729159,2024-05-27,NEG,not ironic,
22927846,35468,35468,1795150894335455321,2024-05-27,NEG,not ironic,
22927847,35469,35469,1795150893765075074,2024-05-27,POS,ironic,
22927848,35470,35470,1795150893538591219,2024-05-27,NEG,not ironic,
22927849,35471,35471,1795150892808745097,2024-05-27,NEU,not ironic,
22927850,35472,35472,1795150891919552689,2024-05-27,NEU,not ironic,
22927851,35473,35473,1795150890686370160,2024-05-27,NEG,not ironic,
22927852,35474,35474,1795150890258612689,2024-05-27,NEU,not ironic,
22927853,35475,35475,1795150889516192254,2024-05-27,NEG,not ironic,
22927854,35476,35476,1795150889293914123,2024-05-27,NEU,ironic,
22927855,35477,35477,1795150889008689241,2024-05-27,NEG,ironic,
22927856,35478,35478,1795150887758794778,2024-05-27,NEU,not ironic,
22927857,35479,35479,1795150887372914770,2024-05-27,NEG,ironic,
22927858,35480,35480,1795150886609494335,2024-05-27,NEG,not ironic,
22927859,35481,35481,1795150886194343978,2024-05-27,NEG,not ironic,
22927860,35482,35482,1795150884894122010,2024-05-27,NEG,ironic,
22927861,35483,35483,1795150883434500585,2024-05-27,NEG,ironic,
22927862,35484,35484,1795150883400933475,2024-05-27,NEG,not ironic,
22927863,35485,35485,1795150883031838789,2024-05-27,NEG,not ironic,
22927864,35486,35486,1795150882822090763,2024-05-27,NEG,not ironic,
22927865,35487,35487,1795150877918969933,2024-05-27,NEU,ironic,
22927866,35488,35488,1795150877612965987,2024-05-27,NEU,not ironic,
22927867,35489,35489,1795150875565961436,2024-05-27,POS,not ironic,
22927868,35490,35490,1795150875079377274,2024-05-27,NEU,not ironic,
22927869,35491,35491,1795150875016438104,2024-05-27,NEU,ironic,
22927870,35492,35492,1795150874118853034,2024-05-27,POS,ironic,
22927871,35493,35493,1795150872583770380,2024-05-27,NEU,not ironic,
22927872,35494,35494,1795150869014409267,2024-05-27,NEG,not ironic,
22927873,35495,35495,1795150867680698774,2024-05-27,NEG,ironic,
22927874,35496,35496,1795150866887885199,2024-05-27,NEG,ironic,
22927875,35497,35497,1795150866242044032,2024-05-27,NEU,not ironic,
22927876,35498,35498,1795150865067557203,2024-05-27,NEU,not ironic,
22927877,35499,35499,1795150863746400600,2024-05-27,NEG,ironic,
22927878,35500,35500,1795150863406608677,2024-05-27,NEU,not ironic,
22927879,35501,35501,1795150863192695095,2024-05-27,NEG,ironic,
22927880,35502,35502,1795150862651679182,2024-05-27,NEG,not ironic,
22927881,35503,35503,1795150859132616879,2024-05-27,NEG,ironic,
22927882,35504,35504,1795150858683883785,2024-05-27,NEG,not ironic,
22927883,35505,35505,1795150857358520366,2024-05-27,NEG,ironic,
22927884,35506,35506,1795150857274577311,2024-05-27,NEU,not ironic,
22927885,35507,35507,1795150857106796745,2024-05-27,NEG,not ironic,
22927886,35508,35508,1795150857027170583,2024-05-27,NEG,not ironic,
22927887,35509,35509,1795150856163086740,2024-05-27,NEU,not ironic,
22927888,35510,35510,1795150855546560851,2024-05-27,NEG,not ironic,
22927889,35511,35511,1795150853587779710,2024-05-27,NEU,not ironic,
22927890,35512,35512,1795150853474586873,2024-05-27,NEG,ironic,
22927891,35513,35513,1795150853269078094,2024-05-27,NEG,ironic,
22927892,35514,35514,1795150853151560007,2024-05-27,NEG,not ironic,
22927893,35515,35515,1795150852031713497,2024-05-27,NEG,ironic,
22927894,35516,35516,1795150848487493880,2024-05-27,NEU,not ironic,
22927895,35517,35517,1795150847661199409,2024-05-27,NEG,not ironic,
22927896,35518,35518,1795150846864367721,2024-05-27,NEU,not ironic,
22927897,35519,35519,1795150845924839799,2024-05-27,NEU,ironic,
22927898,35520,35520,1795150845463474687,2024-05-27,NEG,not ironic,
22927899,35521,35521,1795150845157282035,2024-05-27,NEU,not ironic,
22927900,35522,35522,1795150845090136336,2024-05-27,NEG,not ironic,
22927901,35523,35523,1795150844700098601,2024-05-27,NEU,not ironic,
22927902,35524,35524,1795150842644820414,2024-05-27,POS,not ironic,
22927903,35525,35525,1795150841411699044,2024-05-27,NEU,not ironic,
22927904,35526,35526,1795150840786714822,2024-05-27,NEG,not ironic,
22927905,35527,35527,1795150839822061609,2024-05-27,NEU,ironic,
22927906,35528,35528,1795150839197147290,2024-05-27,NEG,not ironic,
22927907,35529,35529,1795150838312079863,2024-05-27,NEU,ironic,
22927908,35530,35530,1795150837158662403,2024-05-27,NEG,not ironic,
22927909,35531,35531,1795150836315697197,2024-05-27,NEU,not ironic,
22927910,35532,35532,1795150835451621456,2024-05-27,NEG,ironic,
22927911,35533,35533,1795150835355136434,2024-05-27,NEU,not ironic,
22927912,35534,35534,1795150834361061878,2024-05-27,NEU,not ironic,
22927913,35535,35535,1795150830825304530,2024-05-27,POS,not ironic,
22927914,35536,35536,1795150830728876359,2024-05-27,NEU,not ironic,
22927915,35537,35537,1795150829193703851,2024-05-27,NEG,not ironic,
22927916,35538,35538,1795150825745993863,2024-05-27,NEG,ironic,
22927917,35539,35539,1795150823707771183,2024-05-27,NEG,ironic,
22927918,35540,35540,1795150819072881123,2024-05-27,NEU,not ironic,
22927919,35541,35541,1795150818863108435,2024-05-27,NEG,ironic,
22927920,35542,35542,1795150818745680204,2024-05-27,POS,ironic,
22927921,35543,35543,1795150818045292634,2024-05-27,NEU,ironic,
22927922,35544,35544,1795150817567051878,2024-05-27,NEU,ironic,
22927923,35545,35545,1795150817013408088,2024-05-27,NEG,not ironic,
22927924,35546,35546,1795150816451477878,2024-05-27,POS,not ironic,
22927925,35547,35547,1795150812940824882,2024-05-27,NEG,not ironic,
22927926,35548,35548,1795150812865245412,2024-05-27,NEG,not ironic,
22927927,35549,35549,1795150810432618635,2024-05-27,NEG,ironic,
22927928,35550,35550,1795150809740505434,2024-05-27,NEG,not ironic,
22927929,35551,35551,1795150808863936941,2024-05-27,NEU,not ironic,
22927930,35552,35552,1795150807999889746,2024-05-27,NEU,not ironic,
22927931,35553,35553,1795150807622361593,2024-05-27,NEG,not ironic,
22927932,35554,35554,1795150805021986869,2024-05-27,NEG,not ironic,
22927933,35555,35555,1795150803994378538,2024-05-27,NEG,not ironic,
22927934,35556,35556,1795150803868557676,2024-05-27,NEG,not ironic,
22927935,35557,35557,1795150802375381166,2024-05-27,NEG,not ironic,
22927936,35558,35558,1795150802253754622,2024-05-27,NEG,not ironic,
22927937,35559,35559,1795150801821667474,2024-05-27,NEU,ironic,
22927938,35560,35560,1795150800815001959,2024-05-27,NEG,ironic,
22927939,35561,35561,1795150800030720257,2024-05-27,NEG,not ironic,
22927940,35562,35562,1795150799753949494,2024-05-27,NEG,not ironic,
22927941,35563,35563,1795150799502274711,2024-05-27,NEG,ironic,
22927942,35564,35564,1795150799095414995,2024-05-27,POS,ironic,
22927943,35565,35565,1795150798688518423,2024-05-27,NEG,not ironic,
22927944,35566,35566,1795150797547643002,2024-05-27,POS,ironic,
22927945,35567,35567,1795150796780146698,2024-05-27,POS,ironic,
22927946,35568,35568,1795150794376806540,2024-05-27,NEG,not ironic,
22927947,35569,35569,1795150794297090507,2024-05-27,NEU,not ironic,
22927948,35570,35570,1795150792791384413,2024-05-27,NEG,not ironic,
22927949,35571,35571,1795150792430645439,2024-05-27,NEU,ironic,
22927950,35572,35572,1795150791507882055,2024-05-27,NEG,ironic,
22927951,35573,35573,1795150790719390147,2024-05-27,POS,ironic,
22927952,35574,35574,1795150789893140487,2024-05-27,NEU,ironic,
22927953,35575,35575,1795150788651610525,2024-05-27,NEG,ironic,
22927954,35576,35576,1795150787548512310,2024-05-27,NEU,not ironic,
22927955,35577,35577,1795150787099701360,2024-05-27,NEU,ironic,
22927956,35578,35578,1795150786860666986,2024-05-27,NEU,not ironic,
22927957,35579,35579,1795150783501005169,2024-05-27,NEU,ironic,
22927958,35580,35580,1795150781680582901,2024-05-27,NEU,not ironic,
22927959,35581,35581,1795150781382873318,2024-05-27,NEG,not ironic,
22927960,35582,35582,1795150780527198404,2024-05-27,NEG,ironic,
22927961,35583,35583,1795150780481069100,2024-05-27,NEG,not ironic,
22927962,35584,35584,1795150779797438500,2024-05-27,NEG,ironic,
22927963,35585,35585,1795150777981260097,2024-05-27,NEU,not ironic,
22927964,35586,35586,1795150774701355433,2024-05-27,POS,not ironic,
22927965,35587,35587,1795150774642602254,2024-05-27,NEG,ironic,
22927966,35588,35588,1795150774311240124,2024-05-27,NEG,ironic,
22927967,35589,35589,1795150773438886139,2024-05-27,NEU,not ironic,
22927968,35590,35590,1795150773082300774,2024-05-27,NEU,not ironic,
22927969,35591,35591,1795150772960653650,2024-05-27,NEG,ironic,
22927970,35592,35592,1795150772952342684,2024-05-27,NEU,not ironic,
22927971,35593,35593,1795150772738392241,2024-05-27,POS,not ironic,
22927972,35594,35594,1795150772717441249,2024-05-27,NEG,ironic,
22927973,35595,35595,1795150771790422369,2024-05-27,NEU,not ironic,
22927974,35596,35596,1795150770536346101,2024-05-27,POS,not ironic,
22927975,35597,35597,1795150767759708499,2024-05-27,NEU,not ironic,
22927976,35598,35598,1795150766652395846,2024-05-27,NEG,ironic,
22927977,35599,35599,1795150766614683664,2024-05-27,NEG,not ironic,
22927978,35600,35600,1795150765780070869,2024-05-27,NEU,not ironic,
22927979,35601,35601,1795150764567871560,2024-05-27,POS,not ironic,
22927980,35602,35602,1795150762579779798,2024-05-27,NEG,not ironic,
22927981,35603,35603,1795150762005127215,2024-05-27,NEG,ironic,
22927982,35604,35604,1795150760734347461,2024-05-27,NEG,ironic,
22927983,35605,35605,1795150760428150823,2024-05-27,NEG,not ironic,
22927984,35606,35606,1795150759513735444,2024-05-27,NEG,not ironic,
22927985,35607,35607,1795150759383687253,2024-05-27,NEU,not ironic,
22927986,35608,35608,1795150758905602431,2024-05-27,NEU,ironic,
22927987,35609,35609,1795150757546635763,2024-05-27,NEG,ironic,
22927988,35610,35610,1795150757466939888,2024-05-27,NEG,not ironic,
22927989,35611,35611,1795150755629809879,2024-05-27,NEG,not ironic,
22927990,35612,35612,1795150753000030509,2024-05-27,NEG,not ironic,
22927991,35613,35613,1795150752169533882,2024-05-27,NEG,not ironic,
22927992,35614,35614,1795150751645176008,2024-05-27,NEG,ironic,
22927993,35615,35615,1795150751611629843,2024-05-27,NEU,not ironic,
22927994,35616,35616,1795150747186729267,2024-05-27,NEU,not ironic,
22927995,35617,35617,1795150745894793458,2024-05-27,NEU,ironic,
22927996,35618,35618,1795150744170930633,2024-05-27,NEG,ironic,
22927997,35619,35619,1795150743759888841,2024-05-27,NEG,ironic,
22927998,35620,35620,1795150743722217516,2024-05-27,NEU,not ironic,
22927999,35621,35621,1795150740396069152,2024-05-27,POS,not ironic,
22928000,35622,35622,1795150739267887145,2024-05-27,NEG,not ironic,
22928001,35623,35623,1795150739204964418,2024-05-27,NEG,not ironic,
22928002,35624,35624,1795150739158843728,2024-05-27,NEG,not ironic,
22928003,35625,35625,1795150739062292648,2024-05-27,NEU,not ironic,
22928004,35626,35626,1795150738869415962,2024-05-27,NEU,not ironic,
22928005,35627,35627,1795150738676412856,2024-05-27,NEG,not ironic,
22928006,35628,35628,1795150738349301893,2024-05-27,NEU,not ironic,
22928007,35629,35629,1795150736570929608,2024-05-27,NEU,not ironic,
22928008,35630,35630,1795150736507928712,2024-05-27,NEG,ironic,
22928009,35631,35631,1795150735983759625,2024-05-27,NEG,not ironic,
22928010,35632,35632,1795150735216140518,2024-05-27,NEG,ironic,
22928011,35633,35633,1795150734930878468,2024-05-27,NEG,ironic,
22928012,35634,35634,1795150734607983012,2024-05-27,NEG,ironic,
22928013,35635,35635,1795150734117208149,2024-05-27,POS,not ironic,
22928014,35636,35636,1795150731231510888,2024-05-27,NEG,ironic,
22928015,35637,35637,1795150730891866221,2024-05-27,POS,ironic,
22928016,35638,35638,1795150730824716697,2024-05-27,NEG,not ironic,
22928017,35639,35639,1795150729130217628,2024-05-27,NEG,ironic,
22928018,35640,35640,1795150728949903864,2024-05-27,NEU,ironic,
22928019,35641,35641,1795150728828248181,2024-05-27,POS,ironic,
22928020,35642,35642,1795150725460218345,2024-05-27,NEU,not ironic,
22928021,35643,35643,1795150724394828227,2024-05-27,NEG,not ironic,
22928022,35644,35644,1795150722381533481,2024-05-27,NEG,ironic,
22928023,35645,35645,1795150721836314890,2024-05-27,NEG,ironic,
22928024,35646,35646,1795150721064571024,2024-05-27,NEU,ironic,
22928025,35647,35647,1795150720523464896,2024-05-27,POS,ironic,
22928026,35648,35648,1795150716484337681,2024-05-27,NEG,ironic,
22928027,35649,35649,1795150715842609602,2024-05-27,NEU,not ironic,
22928028,35650,35650,1795150715343577523,2024-05-27,NEG,ironic,
22928029,35651,35651,1795150715091865603,2024-05-27,NEG,ironic,
22928030,35652,35652,1795150714706010422,2024-05-27,NEG,ironic,
22928031,35653,35653,1795150713661644886,2024-05-27,NEU,not ironic,
22928032,35654,35654,1795150712898249209,2024-05-27,NEU,not ironic,
22928033,35655,35655,1795150711996432793,2024-05-27,POS,ironic,
22928034,35656,35656,1795150710633271679,2024-05-27,NEU,not ironic,
22928035,35657,35657,1795150709903552753,2024-05-27,POS,not ironic,
22928036,35658,35658,1795150709438001161,2024-05-27,POS,not ironic,
22928037,35659,35659,1795150708242534836,2024-05-27,NEG,ironic,
22928038,35660,35660,1795150708078989726,2024-05-27,NEG,not ironic,
22928039,35661,35661,1795150705482756099,2024-05-27,NEG,not ironic,
22928040,35662,35662,1795150704824262854,2024-05-27,NEU,ironic,
22928041,35663,35663,1795150704639705516,2024-05-27,NEG,not ironic,
22928042,35664,35664,1795150704471900586,2024-05-27,NEG,not ironic,
22928043,35665,35665,1795150704467705962,2024-05-27,NEG,not ironic,
22928044,35666,35666,1795150702743826688,2024-05-27,NEG,not ironic,
22928045,35667,35667,1795150702689362051,2024-05-27,NEG,ironic,
22928046,35668,35668,1795150702492168516,2024-05-27,NEG,not ironic,
22928047,35669,35669,1795150697660334423,2024-05-27,NEG,ironic,
22928048,35670,35670,1795150696758542669,2024-05-27,NEG,not ironic,
22928049,35671,35671,1795150696330801343,2024-05-27,NEU,not ironic,
22928050,35672,35672,1795150695902933026,2024-05-27,NEG,ironic,
22928051,35673,35673,1795150694149701822,2024-05-27,NEU,not ironic,
22928052,35674,35674,1795150693306597432,2024-05-27,NEU,not ironic,
22928053,35675,35675,1795150693109543203,2024-05-27,NEG,ironic,
22928054,35676,35676,1795150692471992529,2024-05-27,NEG,ironic,
22928055,35677,35677,1795150692375576794,2024-05-27,NEG,ironic,
22928056,35678,35678,1795150691633152214,2024-05-27,NEG,ironic,
22928057,35679,35679,1795150690748178481,2024-05-27,NEG,not ironic,
22928058,35680,35680,1795150689510801624,2024-05-27,NEG,not ironic,
22928059,35681,35681,1795150688378384426,2024-05-27,NEG,ironic,
22928060,35682,35682,1795150687652712862,2024-05-27,NEG,not ironic,
22928061,35683,35683,1795150686918771007,2024-05-27,NEU,not ironic,
22928062,35684,35684,1795150685366780061,2024-05-27,NEG,not ironic,
22928063,35685,35685,1795150684263755965,2024-05-27,NEU,not ironic,
22928064,35686,35686,1795150683601011156,2024-05-27,NEG,ironic,
22928065,35687,35687,1795150682678251927,2024-05-27,NEG,not ironic,
22928066,35688,35688,1795150681864630634,2024-05-27,NEG,ironic,
22928067,35689,35689,1795150681579368932,2024-05-27,NEG,ironic,
22928068,35690,35690,1795150680845385795,2024-05-27,NEG,ironic,
22928069,35691,35691,1795150680006508971,2024-05-27,NEG,ironic,
22928070,35692,35692,1795150679796781174,2024-05-27,NEG,not ironic,
22928071,35693,35693,1795150678416851332,2024-05-27,NEU,ironic,
22928072,35694,35694,1795150678064529831,2024-05-27,NEG,not ironic,
22928073,35695,35695,1795150677838106690,2024-05-27,NEG,not ironic,
22928074,35696,35696,1795150677406085291,2024-05-27,NEG,not ironic,
22928075,35697,35697,1795150677108253049,2024-05-27,POS,not ironic,
22928076,35698,35698,1795150676378403159,2024-05-27,NEG,ironic,
22928077,35699,35699,1795150675510284676,2024-05-27,NEG,not ironic,
22928078,35700,35700,1795150671970214023,2024-05-27,NEU,ironic,
22928079,35701,35701,1795150671924080644,2024-05-27,NEU,ironic,
22928080,35702,35702,1795150671370416573,2024-05-27,NEU,not ironic,
22928081,35703,35703,1795150671286575597,2024-05-27,POS,ironic,
22928082,35704,35704,1795150671131427113,2024-05-27,NEG,ironic,
22928083,35705,35705,1795150670233846196,2024-05-27,NEG,not ironic,
22928084,35706,35706,1795150670066045245,2024-05-27,POS,ironic,
22928085,35707,35707,1795150670036615241,2024-05-27,NEU,ironic,
22928086,35708,35708,1795150668212117859,2024-05-27,NEU,not ironic,
22928087,35709,35709,1795150667599724746,2024-05-27,NEG,ironic,
22928088,35710,35710,1795150666555351149,2024-05-27,NEG,ironic,
22928089,35711,35711,1795150664894468420,2024-05-27,NEG,not ironic,
22928090,35712,35712,1795150663904620962,2024-05-27,NEU,not ironic,
22928091,35713,35713,1795150663640350857,2024-05-27,NEU,not ironic,
22928092,35714,35714,1795150663602631121,2024-05-27,NEG,not ironic,
22928093,35715,35715,1795150663103500434,2024-05-27,NEU,ironic,
22928094,35716,35716,1795150663011205408,2024-05-27,POS,ironic,
22928095,35717,35717,1795150661723496706,2024-05-27,NEG,not ironic,
22928096,35718,35718,1795150661232767010,2024-05-27,NEU,not ironic,
22928097,35719,35719,1795150661006344366,2024-05-27,NEG,ironic,
22928098,35720,35720,1795150660951806415,2024-05-27,NEU,not ironic,
22928099,35721,35721,1795150660200955995,2024-05-27,NEU,not ironic,
22928100,35722,35722,1795150659366330584,2024-05-27,POS,not ironic,
22928101,35723,35723,1795150656174448745,2024-05-27,NEU,ironic,
22928102,35724,35724,1795150655956332689,2024-05-27,NEG,ironic,
22928103,35725,35725,1795150655637578131,2024-05-27,NEG,not ironic,
22928104,35726,35726,1795150654970761555,2024-05-27,NEG,not ironic,
22928105,35727,35727,1795150654664511900,2024-05-27,NEG,not ironic,
22928106,35728,35728,1795150654224097607,2024-05-27,NEG,not ironic,
22928107,35729,35729,1795150653620142134,2024-05-27,NEG,not ironic,
22928108,35730,35730,1795150653548814694,2024-05-27,NEU,ironic,
22928109,35731,35731,1795150651854373097,2024-05-27,NEU,not ironic,
22928110,35732,35732,1795150649362989413,2024-05-27,NEU,not ironic,
22928111,35733,35733,1795150647899103398,2024-05-27,NEU,not ironic,
22928112,35734,35734,1795150647592980656,2024-05-27,POS,ironic,
22928113,35735,35735,1795150647345430971,2024-05-27,NEG,not ironic,
22928114,35736,35736,1795150645902635371,2024-05-27,NEU,not ironic,
22928115,35737,35737,1795150645042778421,2024-05-27,NEU,ironic,
22928116,35738,35738,1795150644568830433,2024-05-27,NEG,ironic,
22928117,35739,35739,1795150643151192467,2024-05-27,POS,not ironic,
22928118,35740,35740,1795150642484285743,2024-05-27,NEG,not ironic,
22928119,35741,35741,1795150641334985135,2024-05-27,NEU,not ironic,
22928120,35742,35742,1795150639586021879,2024-05-27,NEU,not ironic,
22928121,35743,35743,1795150639342686290,2024-05-27,NEU,not ironic,
22928122,35744,35744,1795150638264824053,2024-05-27,NEG,not ironic,
22928123,35745,35745,1795150637795017012,2024-05-27,POS,ironic,
22928124,35746,35746,1795150637501432015,2024-05-27,POS,not ironic,
22928125,35747,35747,1795150637321146819,2024-05-27,NEU,not ironic,
22928126,35748,35748,1795150636486361349,2024-05-27,NEG,not ironic,
22928127,35749,35749,1795150636113105041,2024-05-27,NEG,ironic,
22928128,35750,35750,1795150635060297944,2024-05-27,NEG,not ironic,
22928129,35751,35751,1795150634733179390,2024-05-27,NEU,ironic,
22928130,35752,35752,1795150632711557243,2024-05-27,NEU,not ironic,
22928131,35753,35753,1795150632707354741,2024-05-27,NEG,ironic,
22928132,35754,35754,1795150632497668134,2024-05-27,NEU,not ironic,
22928133,35755,35755,1795150632438968556,2024-05-27,NEG,ironic,
22928134,35756,35756,1795150632287916498,2024-05-27,NEG,not ironic,
22928135,35757,35757,1795150630194909231,2024-05-27,NEU,ironic,
22928136,35758,35758,1795150630081679694,2024-05-27,NEG,not ironic,
22928137,35759,35759,1795150627217211485,2024-05-27,NEU,not ironic,
22928138,35760,35760,1795150624956285312,2024-05-27,NEG,ironic,
22928139,35761,35761,1795150624868163724,2024-05-27,NEG,not ironic,
22928140,35762,35762,1795150624545255486,2024-05-27,NEG,not ironic,
22928141,35763,35763,1795150624092266806,2024-05-27,NEU,ironic,
22928142,35764,35764,1795150623832187066,2024-05-27,NEU,not ironic,
22928143,35765,35765,1795150622590894475,2024-05-27,NEU,not ironic,
22928144,35766,35766,1795150622540390874,2024-05-27,NEU,ironic,
22928145,35767,35767,1795150621940515107,2024-05-27,NEG,ironic,
22928146,35768,35768,1795150621600784643,2024-05-27,NEG,ironic,
22928147,35769,35769,1795150620720005205,2024-05-27,NEU,not ironic,
22928148,35770,35770,1795150617788416258,2024-05-27,NEU,not ironic,
22928149,35771,35771,1795150617066807417,2024-05-27,NEG,not ironic,
22928150,35772,35772,1795150616874152334,2024-05-27,NEU,not ironic,
22928151,35773,35773,1795150616404295704,2024-05-27,NEU,not ironic,
22928152,35774,35774,1795150615800057914,2024-05-27,NEU,not ironic,
22928153,35775,35775,1795150615003136350,2024-05-27,NEU,ironic,
22928154,35776,35776,1795150614814400578,2024-05-27,NEU,not ironic,
22928155,35777,35777,1795150613145092554,2024-05-27,NEG,ironic,
22928156,35778,35778,1795150613124198477,2024-05-27,NEU,not ironic,
22928157,35779,35779,1795150612901818563,2024-05-27,NEG,not ironic,
22928158,35780,35780,1795150612578857202,2024-05-27,NEG,not ironic,
22928159,35781,35781,1795150611773608280,2024-05-27,POS,ironic,
22928160,35782,35782,1795150611224109084,2024-05-27,NEU,not ironic,
22928161,35783,35783,1795150610418766057,2024-05-27,NEG,not ironic,
22928162,35784,35784,1795150608703401997,2024-05-27,NEU,ironic,
22928163,35785,35785,1795150608661418176,2024-05-27,NEG,not ironic,
22928164,35786,35786,1795150608430694520,2024-05-27,NEU,not ironic,
22928165,35787,35787,1795150607977779310,2024-05-27,NEG,ironic,
22928166,35788,35788,1795150607960944991,2024-05-27,NEU,not ironic,
22928167,35789,35789,1795150607671550289,2024-05-27,NEG,ironic,
22928168,35790,35790,1795150607361192354,2024-05-27,NEU,not ironic,
22928169,35791,35791,1795150606581035486,2024-05-27,POS,ironic,
22928170,35792,35792,1795150605754732920,2024-05-27,NEU,not ironic,
22928171,35793,35793,1795150604978827310,2024-05-27,NEU,not ironic,
22928172,35794,35794,1795150604894900228,2024-05-27,NEG,not ironic,
22928173,35795,35795,1795150603649167522,2024-05-27,NEU,not ironic,
22928174,35796,35796,1795150602198012014,2024-05-27,POS,not ironic,
22928175,35797,35797,1795150601535263094,2024-05-27,NEU,not ironic,
22928176,35798,35798,1795150601300377678,2024-05-27,NEU,ironic,
22928177,35799,35799,1795150600109236616,2024-05-27,NEG,not ironic,
22928178,35800,35800,1795150599916339390,2024-05-27,NEG,not ironic,
22928179,35801,35801,1795150599366787074,2024-05-27,NEU,not ironic,
22928180,35802,35802,1795150598679015757,2024-05-27,NEG,ironic,
22928181,35803,35803,1795150598305689713,2024-05-27,NEU,not ironic,
22928182,35804,35804,1795150597563273261,2024-05-27,NEG,ironic,
22928183,35805,35805,1795150597491970208,2024-05-27,NEG,not ironic,
22928184,35806,35806,1795150596246290617,2024-05-27,NEG,not ironic,
22928185,35807,35807,1795150596246221293,2024-05-27,NEU,not ironic,
22928186,35808,35808,1795150595344486618,2024-05-27,NEG,ironic,
22928187,35809,35809,1795150595302543871,2024-05-27,NEG,ironic,
22928188,35810,35810,1795150595302502684,2024-05-27,NEU,not ironic,
22928189,35811,35811,1795150594757275984,2024-05-27,NEG,not ironic,
22928190,35812,35812,1795150594589528554,2024-05-27,NEG,ironic,
22928191,35813,35813,1795150592668537321,2024-05-27,NEG,ironic,
22928192,35814,35814,1795150592458817722,2024-05-27,NEG,not ironic,
22928193,35815,35815,1795150592051905005,2024-05-27,POS,not ironic,
22928194,35816,35816,1795150591703896378,2024-05-27,NEG,not ironic,
22928195,35817,35817,1795150591175324047,2024-05-27,NEU,not ironic,
22928196,35818,35818,1795150590617530870,2024-05-27,NEG,not ironic,
22928197,35819,35819,1795150590604898314,2024-05-27,NEG,not ironic,
22928198,35820,35820,1795150590089081108,2024-05-27,NEG,ironic,
22928199,35821,35821,1795150589841514597,2024-05-27,NEG,not ironic,
22928200,35822,35822,1795150589837377562,2024-05-27,NEG,not ironic,
22928201,35823,35823,1795150589816434839,2024-05-27,POS,ironic,
22928202,35824,35824,1795150589145333883,2024-05-27,NEU,ironic,
22928203,35825,35825,1795150588889424264,2024-05-27,NEG,not ironic,
22928204,35826,35826,1795150588763611487,2024-05-27,NEU,not ironic,
22928205,35827,35827,1795150587526320436,2024-05-27,NEU,ironic,
22928206,35828,35828,1795150587325018564,2024-05-27,NEG,not ironic,
22928207,35829,35829,1795150586888786347,2024-05-27,NEU,not ironic,
22928208,35830,35830,1795150586750566489,2024-05-27,NEG,ironic,
22928209,35831,35831,1795150586129604869,2024-05-27,NEU,not ironic,
22928210,35832,35832,1795150584812646834,2024-05-27,NEG,not ironic,
22928211,35833,35833,1795150584623821158,2024-05-27,NEG,not ironic,
22928212,35834,35834,1795150582572822970,2024-05-27,NEG,not ironic,
22928213,35835,35835,1795150581750780212,2024-05-27,POS,ironic,
22928214,35836,35836,1795150581700415742,2024-05-27,NEG,ironic,
22928215,35837,35837,1795150580589134024,2024-05-27,NEG,not ironic,
22928216,35838,35838,1795150579993309420,2024-05-27,POS,not ironic,
22928217,35839,35839,1795150579712368890,2024-05-27,NEU,not ironic,
22928218,35840,35840,1795150578496012639,2024-05-27,NEG,not ironic,
22928219,35841,35841,1795150578051420398,2024-05-27,NEU,ironic,
22928220,35842,35842,1795150576289763690,2024-05-27,NEG,not ironic,
22928221,35843,35843,1795150575891263510,2024-05-27,NEG,ironic,
22928222,35844,35844,1795150575237029954,2024-05-27,NEG,not ironic,
22928223,35845,35845,1795150575056593369,2024-05-27,POS,not ironic,
22928224,35846,35846,1795150574322659641,2024-05-27,NEG,not ironic,
22928225,35847,35847,1795150574142275592,2024-05-27,POS,ironic,
22928226,35848,35848,1795150573613765054,2024-05-27,NEG,ironic,
22928227,35849,35849,1795150572980478364,2024-05-27,NEG,ironic,
22928228,35850,35850,1795150572263284791,2024-05-27,NEG,not ironic,
22928229,35851,35851,1795150571587940427,2024-05-27,POS,ironic,
22928230,35852,35852,1795150571495666136,2024-05-27,NEU,ironic,
22928231,35853,35853,1795150571399237801,2024-05-27,NEU,not ironic,
22928232,35854,35854,1795150571239886975,2024-05-27,NEG,not ironic,
22928233,35855,35855,1795150570656796904,2024-05-27,NEU,not ironic,
22928234,35856,35856,1795150569385939030,2024-05-27,NEG,not ironic,
22928235,35857,35857,1795150569255887007,2024-05-27,POS,not ironic,
22928236,35858,35858,1795150567301431527,2024-05-27,NEG,ironic,
22928237,35859,35859,1795150567074897954,2024-05-27,NEU,ironic,
22928238,35860,35860,1795150567016149139,2024-05-27,NEU,not ironic,
22928239,35861,35861,1795150566353510725,2024-05-27,NEU,not ironic,
22928240,35862,35862,1795150565539766301,2024-05-27,NEU,not ironic,
22928241,35863,35863,1795150565246136677,2024-05-27,NEG,ironic,
22928242,35864,35864,1795150564642214357,2024-05-27,NEU,ironic,
22928243,35865,35865,1795150563434266832,2024-05-27,POS,ironic,
22928244,35866,35866,1795150563224490307,2024-05-27,NEG,ironic,
22928245,35867,35867,1795150562339569852,2024-05-27,NEG,ironic,
22928246,35868,35868,1795150562142331180,2024-05-27,NEU,not ironic,
22928247,35869,35869,1795150561962025111,2024-05-27,NEG,ironic,
22928248,35870,35870,1795150560783425861,2024-05-27,NEU,not ironic,
22928249,35871,35871,1795150559093174665,2024-05-27,NEG,ironic,
22928250,35872,35872,1795150556266160338,2024-05-27,NEU,not ironic,
22928251,35873,35873,1795150556039708830,2024-05-27,NEU,not ironic,
22928252,35874,35874,1795150555817574765,2024-05-27,POS,not ironic,
22928253,35875,35875,1795150554479403480,2024-05-27,NEG,not ironic,
22928254,35876,35876,1795150554450006480,2024-05-27,NEU,ironic,
22928255,35877,35877,1795150553577652628,2024-05-27,NEG,not ironic,
22928256,35878,35878,1795150552113762680,2024-05-27,NEG,ironic,
22928257,35879,35879,1795150551828607111,2024-05-27,NEU,not ironic,
22928258,35880,35880,1795150551002251652,2024-05-27,POS,ironic,
22928259,35881,35881,1795150550771597503,2024-05-27,NEG,ironic,
22928260,35882,35882,1795150550343782607,2024-05-27,NEG,not ironic,
22928261,35883,35883,1795150549286875580,2024-05-27,NEU,ironic,
22928262,35884,35884,1795150548015964565,2024-05-27,NEG,not ironic,
22928263,35885,35885,1795150546610901116,2024-05-27,NEU,not ironic,
22928264,35886,35886,1795150546468315365,2024-05-27,NEU,ironic,
22928265,35887,35887,1795150545478377848,2024-05-27,NEU,not ironic,
22928266,35888,35888,1795150543481962526,2024-05-27,NEG,not ironic,
22928267,35889,35889,1795150539921179040,2024-05-27,NEG,not ironic,
22928268,35890,35890,1795150538260037917,2024-05-27,NEG,not ironic,
22928269,35891,35891,1795150538146714096,2024-05-27,NEU,ironic,
22928270,35892,35892,1795150537341485080,2024-05-27,NEG,ironic,
22928271,35893,35893,1795150537211384066,2024-05-27,NEG,not ironic,
22928272,35894,35894,1795150535114338555,2024-05-27,NEG,not ironic,
22928273,35895,35895,1795150533340110911,2024-05-27,POS,not ironic,
22928274,35896,35896,1795150532824236081,2024-05-27,POS,not ironic,
22928275,35897,35897,1795150530265731315,2024-05-27,NEG,not ironic,
22928276,35898,35898,1795150530018222215,2024-05-27,POS,ironic,
22928277,35899,35899,1795150528835396085,2024-05-27,NEG,ironic,
22928278,35900,35900,1795150527300263950,2024-05-27,NEU,not ironic,
22928279,35901,35901,1795150526444642755,2024-05-27,NEG,ironic,
22928280,35902,35902,1795150525811298683,2024-05-27,NEG,not ironic,
22928281,35903,35903,1795150525077356698,2024-05-27,NEG,ironic,
22928282,35904,35904,1795150524968259780,2024-05-27,NEG,ironic,
22928283,35905,35905,1795150524628574327,2024-05-27,NEG,not ironic,
22928284,35906,35906,1795150522619437342,2024-05-27,NEU,not ironic,
22928285,35907,35907,1795150522321604979,2024-05-27,POS,ironic,
22928286,35908,35908,1795150520866246787,2024-05-27,POS,not ironic,
22928287,35909,35909,1795150520492965934,2024-05-27,NEU,ironic,
22928288,35910,35910,1795150520350298406,2024-05-27,NEU,not ironic,
22928289,35911,35911,1795150519528305117,2024-05-27,NEU,not ironic,
22928290,35912,35912,1795150519284978127,2024-05-27,NEG,not ironic,
22928291,35913,35913,1795150516273418577,2024-05-27,NEG,ironic,
22928292,35914,35914,1795150514285408571,2024-05-27,NEU,ironic,
22928293,35915,35915,1795150513849143316,2024-05-27,POS,not ironic,
22928294,35916,35916,1795150513136152696,2024-05-27,POS,not ironic,
22928295,35917,35917,1795150510959288437,2024-05-27,NEU,ironic,
22928296,35918,35918,1795150509310988485,2024-05-27,NEG,not ironic,
22928297,35919,35919,1795150508144967982,2024-05-27,NEU,ironic,
22928298,35920,35920,1795150506395890072,2024-05-27,NEG,not ironic,
22928299,35921,35921,1795150505745735927,2024-05-27,NEG,ironic,
22928300,35922,35922,1795150503464128578,2024-05-27,NEG,not ironic,
22928301,35923,35923,1795150502193230009,2024-05-27,NEG,not ironic,
22928302,35924,35924,1795150501538906510,2024-05-27,NEG,not ironic,
22928303,35925,35925,1795150501127815308,2024-05-27,NEG,ironic,
22928304,35926,35926,1795150500767121753,2024-05-27,NEG,not ironic,
22928305,35927,35927,1795150500599374000,2024-05-27,NEG,not ironic,
22928306,35928,35928,1795150500393832950,2024-05-27,NEU,not ironic,
22928307,35929,35929,1795150497453687074,2024-05-27,NEG,not ironic,
22928308,35930,35930,1795150497378103522,2024-05-27,NEG,not ironic,
22928309,35931,35931,1795150496401113273,2024-05-27,NEG,not ironic,
22928310,35932,35932,1795150496346304992,2024-05-27,NEU,not ironic,
22928311,35933,35933,1795150494911906282,2024-05-27,NEU,not ironic,
22928312,35934,35934,1795150493020278886,2024-05-27,NEU,ironic,
22928313,35935,35935,1795150492906967309,2024-05-27,NEU,not ironic,
22928314,35936,35936,1795150492139499711,2024-05-27,POS,not ironic,
22928315,35937,35937,1795150491296395421,2024-05-27,NEG,ironic,
22928316,35938,35938,1795150491267006510,2024-05-27,NEG,not ironic,
22928317,35939,35939,1795150489572528245,2024-05-27,NEG,not ironic,
22928318,35940,35940,1795150489283145947,2024-05-27,NEG,ironic,
22928319,35941,35941,1795150488079331359,2024-05-27,NEU,ironic,
22928320,35942,35942,1795150483260100755,2024-05-27,NEU,not ironic,
22928321,35943,35943,1795150482677129577,2024-05-27,NEU,not ironic,
22928322,35944,35944,1795150482207342908,2024-05-27,NEG,not ironic,
22928323,35945,35945,1795150481888538781,2024-05-27,NEU,ironic,
22928324,35946,35946,1795150481041367054,2024-05-27,NEG,not ironic,
22928325,35947,35947,1795150480089166220,2024-05-27,NEU,ironic,
22928326,35948,35948,1795150479548203063,2024-05-27,NEU,not ironic,
22928327,35949,35949,1795150479237714135,2024-05-27,NEU,ironic,
22928328,35950,35950,1795150479082611060,2024-05-27,NEG,not ironic,
22928329,35951,35951,1795150477832728635,2024-05-27,NEG,not ironic,
22928330,35952,35952,1795150477165801933,2024-05-27,NEU,not ironic,
22928331,35953,35953,1795150477060972704,2024-05-27,NEG,ironic,
22928332,35954,35954,1795150476255625552,2024-05-27,NEG,not ironic,
22928333,35955,35955,1795150476045894060,2024-05-27,NEG,not ironic,
22928334,35956,35956,1795150475689349569,2024-05-27,NEU,not ironic,
22928335,35957,35957,1795150475072856548,2024-05-27,NEG,not ironic,
22928336,35958,35958,1795150475056078988,2024-05-27,NEG,not ironic,
22928337,35959,35959,1795150471381811414,2024-05-27,POS,ironic,
22928338,35960,35960,1795150470400372866,2024-05-27,NEG,ironic,
22928339,35961,35961,1795150470308048993,2024-05-27,POS,ironic,
22928340,35962,35962,1795150470295716266,2024-05-27,NEG,not ironic,
22928341,35963,35963,1795150470035419547,2024-05-27,POS,not ironic,
22928342,35964,35964,1795150468160581878,2024-05-27,NEU,not ironic,
22928343,35965,35965,1795150467829309536,2024-05-27,NEG,not ironic,
22928344,35966,35966,1795150464176058456,2024-05-27,NEG,ironic,
22928345,35967,35967,1795150462900961411,2024-05-27,NEU,not ironic,
22928346,35968,35968,1795150461713961349,2024-05-27,NEG,not ironic,
22928347,35969,35969,1795150459675574442,2024-05-27,NEU,not ironic,
22928348,35970,35970,1795150458077475306,2024-05-27,NEG,not ironic,
22928349,35971,35971,1795150457213681864,2024-05-27,NEG,ironic,
22928350,35972,35972,1795150457033183315,2024-05-27,NEG,ironic,
22928351,35973,35973,1795150456101965975,2024-05-27,NEG,ironic,
22928352,35974,35974,1795150455393140787,2024-05-27,NEG,not ironic,
22928353,35975,35975,1795150455388967210,2024-05-27,NEG,not ironic,
22928354,35976,35976,1795150454763950227,2024-05-27,NEG,not ironic,
22928355,35977,35977,1795150454399045793,2024-05-27,NEU,not ironic,
22928356,35978,35978,1795150453560299948,2024-05-27,NEG,ironic,
22928357,35979,35979,1795150453094617098,2024-05-27,NEG,not ironic,
22928358,35980,35980,1795150450813174071,2024-05-27,NEG,ironic,
22928359,35981,35981,1795150450007683464,2024-05-27,NEG,not ironic,
22928360,35982,35982,1795150448980017562,2024-05-27,NEU,ironic,
22928361,35983,35983,1795150448682226034,2024-05-27,POS,ironic,
22928362,35984,35984,1795150448648913337,2024-05-27,NEU,ironic,
22928363,35985,35985,1795150448359268448,2024-05-27,NEG,ironic,
22928364,35986,35986,1795150447897936305,2024-05-27,NEG,ironic,
22928365,35987,35987,1795150447440801796,2024-05-27,NEG,ironic,
22928366,35988,35988,1795150446459240593,2024-05-27,NEG,not ironic,
22928367,35989,35989,1795150446413197529,2024-05-27,POS,ironic,
22928368,35990,35990,1795150446190829952,2024-05-27,NEG,ironic,
22928369,35991,35991,1795150445771452553,2024-05-27,NEG,ironic,
22928370,35992,35992,1795150445255504208,2024-05-27,NEG,not ironic,
22928371,35993,35993,1795150444802547847,2024-05-27,NEG,ironic,
22928372,35994,35994,1795150443754004767,2024-05-27,NEG,ironic,
22928373,35995,35995,1795150443238109231,2024-05-27,NEG,not ironic,
22928374,35996,35996,1795150442105638952,2024-05-27,NEG,not ironic,
22928375,35997,35997,1795150441522585610,2024-05-27,NEU,not ironic,
22928376,35998,35998,1795150441098981516,2024-05-27,NEU,not ironic,
22928377,35999,35999,1795150440436265082,2024-05-27,NEU,not ironic,
22928378,36000,36000,1795150440146849825,2024-05-27,NEU,ironic,
22928379,36001,36001,1795150439186387280,2024-05-27,NEU,not ironic,
22928380,36002,36002,1795150439102468242,2024-05-27,NEU,not ironic,
22928381,36003,36003,1795150438867571183,2024-05-27,POS,ironic,
22928382,36004,36004,1795150438309712085,2024-05-27,NEU,not ironic,
22928383,36005,36005,1795150437043089807,2024-05-27,NEG,not ironic,
22928384,36006,36006,1795150437001101511,2024-05-27,NEG,not ironic,
22928385,36007,36007,1795150436602679328,2024-05-27,NEU,not ironic,
22928386,36008,36008,1795150435860218173,2024-05-27,NEG,ironic,
22928387,36009,36009,1795150432815186294,2024-05-27,NEG,ironic,
22928388,36010,36010,1795150431561121905,2024-05-27,NEG,not ironic,
22928389,36011,36011,1795150431301075369,2024-05-27,NEG,not ironic,
22928390,36012,36012,1795150430575431723,2024-05-27,NEG,ironic,
22928391,36013,36013,1795150430537711677,2024-05-27,POS,ironic,
22928392,36014,36014,1795150430474809615,2024-05-27,NEU,not ironic,
22928393,36015,36015,1795150427123494993,2024-05-27,NEU,not ironic,
22928394,36016,36016,1795150427014479948,2024-05-27,NEG,ironic,
22928395,36017,36017,1795150426620219595,2024-05-27,NEG,ironic,
22928396,36018,36018,1795150426603401619,2024-05-27,NEG,not ironic,
22928397,36019,36019,1795150424925782102,2024-05-27,NEG,ironic,
22928398,36020,36020,1795150422912467252,2024-05-27,NEG,not ironic,
22928399,36021,36021,1795150422828560453,2024-05-27,NEG,not ironic,
22928400,36022,36022,1795150422488879425,2024-05-27,NEU,not ironic,
22928401,36023,36023,1795150422253912472,2024-05-27,NEG,ironic,
22928402,36024,36024,1795150422178484490,2024-05-27,NEU,not ironic,
22928403,36025,36025,1795150421796720949,2024-05-27,NEG,not ironic,
22928404,36026,36026,1795150420668534900,2024-05-27,NEG,ironic,
22928405,36027,36027,1795150420618191324,2024-05-27,POS,not ironic,
22928406,36028,36028,1795150420442075308,2024-05-27,NEU,not ironic,
22928407,36029,36029,1795150418936254508,2024-05-27,NEG,not ironic,
22928408,36030,36030,1795150416759456182,2024-05-27,NEU,ironic,
22928409,36031,36031,1795150415891177735,2024-05-27,NEG,not ironic,
22928410,36032,36032,1795150415539077226,2024-05-27,NEU,not ironic,
22928411,36033,36033,1795150415287198187,2024-05-27,NEG,ironic,
22928412,36034,36034,1795150415123628231,2024-05-27,NEG,not ironic,
22928413,36035,36035,1795150413525569994,2024-05-27,NEG,not ironic,
22928414,36036,36036,1795150413429080394,2024-05-27,NEG,ironic,
22928415,36037,36037,1795150413362086150,2024-05-27,NEG,not ironic,
22928416,36038,36038,1795150412586095004,2024-05-27,NEG,not ironic,
22928417,36039,36039,1795150412116328701,2024-05-27,POS,not ironic,
22928418,36040,36040,1795150410757382290,2024-05-27,NEG,ironic,
22928419,36041,36041,1795150409872425159,2024-05-27,NEU,not ironic,
22928420,36042,36042,1795150409746501760,2024-05-27,POS,not ironic,
22928421,36043,36043,1795150409318674462,2024-05-27,NEU,not ironic,
22928422,36044,36044,1795150408723149094,2024-05-27,NEU,ironic,
22928423,36045,36045,1795150407242744064,2024-05-27,NEU,not ironic,
22928424,36046,36046,1795150407049589065,2024-05-27,NEU,not ironic,
22928425,36047,36047,1795150406823076044,2024-05-27,NEU,not ironic,
22928426,36048,36048,1795150404767957369,2024-05-27,NEG,not ironic,
22928427,36049,36049,1795150404012880123,2024-05-27,NEG,not ironic,
22928428,36050,36050,1795150402691662150,2024-05-27,POS,ironic,
22928429,36051,36051,1795150402263941145,2024-05-27,NEG,not ironic,
22928430,36052,36052,1795150401592762765,2024-05-27,NEG,not ironic,
22928431,36053,36053,1795150398652629495,2024-05-27,NEG,ironic,
22928432,36054,36054,1795150397587198048,2024-05-27,NEU,ironic,
22928433,36055,36055,1795150396312240472,2024-05-27,NEG,not ironic,
22928434,36056,36056,1795150395687252355,2024-05-27,NEG,not ironic,
22928435,36057,36057,1795150395024568687,2024-05-27,NEU,not ironic,
22928436,36058,36058,1795150392604455320,2024-05-27,NEG,ironic,
22928437,36059,36059,1795150391836819959,2024-05-27,NEU,ironic,
22928438,36060,36060,1795150390461141015,2024-05-27,NEG,not ironic,
22928439,36061,36061,1795150390264017113,2024-05-27,NEG,not ironic,
22928440,36062,36062,1795150389022511597,2024-05-27,NEG,not ironic,
22928441,36063,36063,1795150388758302935,2024-05-27,NEU,not ironic,
22928442,36064,36064,1795150388695339066,2024-05-27,NEG,ironic,
22928443,36065,36065,1795150388473057490,2024-05-27,NEG,not ironic,
22928444,36066,36066,1795150386921157036,2024-05-27,NEU,not ironic,
22928445,36067,36067,1795150386518495545,2024-05-27,NEG,not ironic,
22928446,36068,36068,1795150386392653944,2024-05-27,NEG,ironic,
22928447,36069,36069,1795150385490915702,2024-05-27,NEG,not ironic,
22928448,36070,36070,1795150384471622039,2024-05-27,NEU,not ironic,
22928449,36071,36071,1795150383490142469,2024-05-27,NEG,not ironic,
22928450,36072,36072,1795150381648875702,2024-05-27,NEG,not ironic,
22928451,36073,36073,1795150379774009501,2024-05-27,NEG,not ironic,
22928452,36074,36074,1795150379430170886,2024-05-27,NEG,not ironic,
22928453,36075,36075,1795150379400749275,2024-05-27,NEG,not ironic,
22928454,36076,36076,1795150378331148698,2024-05-27,NEG,not ironic,
22928455,36077,36077,1795150377618211272,2024-05-27,NEG,not ironic,
22928456,36078,36078,1795150377039360169,2024-05-27,NEG,not ironic,
22928457,36079,36079,1795150374841487839,2024-05-27,NEU,ironic,
22928458,36080,36080,1795150373663146110,2024-05-27,NEU,not ironic,
22928459,36081,36081,1795150372735951005,2024-05-27,NEG,not ironic,
22928460,36082,36082,1795150372484546893,2024-05-27,NEU,ironic,
22928461,36083,36083,1795150371372872151,2024-05-27,NEG,ironic,
22928462,36084,36084,1795150371356024884,2024-05-27,NEU,not ironic,
22928463,36085,36085,1795150370533994967,2024-05-27,NEG,ironic,
22928464,36086,36086,1795150369791602734,2024-05-27,NEU,not ironic,
22928465,36087,36087,1795150369154068782,2024-05-27,NEG,not ironic,
22928466,36088,36088,1795150368785027568,2024-05-27,NEG,not ironic,
22928467,36089,36089,1795150368176799878,2024-05-27,NEG,ironic,
22928468,36090,36090,1795150367711183277,2024-05-27,NEG,ironic,
22928469,36091,36091,1795150363424624992,2024-05-27,NEG,ironic,
22928470,36092,36092,1795150361449107879,2024-05-27,NEG,not ironic,
22928471,36093,36093,1795150359037411333,2024-05-27,NEU,not ironic,
22928472,36094,36094,1795150358471155801,2024-05-27,NEG,ironic,
22928473,36095,36095,1795150358219567369,2024-05-27,NEG,not ironic,
22928474,36096,36096,1795150356546003413,2024-05-27,NEG,not ironic,
22928475,36097,36097,1795150355757494483,2024-05-27,NEG,not ironic,
22928476,36098,36098,1795150355723948195,2024-05-27,POS,not ironic,
22928477,36099,36099,1795150355669381480,2024-05-27,NEG,ironic,
22928478,36100,36100,1795150353500917828,2024-05-27,NEU,not ironic,
22928479,36101,36101,1795150352733307064,2024-05-27,NEG,ironic,
22928480,36102,36102,1795150351349199202,2024-05-27,NEG,ironic,
22928481,36103,36103,1795150350078390552,2024-05-27,NEU,ironic,
22928482,36104,36104,1795150349952500006,2024-05-27,NEG,not ironic,
22928483,36105,36105,1795150349159841941,2024-05-27,NEG,ironic,
22928484,36106,36106,1795150349025570922,2024-05-27,NEG,ironic,
22928485,36107,36107,1795150348958515517,2024-05-27,NEG,not ironic,
22928486,36108,36108,1795150347477880917,2024-05-27,NEG,ironic,
22928487,36109,36109,1795150347217895915,2024-05-27,NEU,not ironic,
22928488,36110,36110,1795150346496496079,2024-05-27,POS,not ironic,
22928489,36111,36111,1795150346249015760,2024-05-27,NEG,ironic,
22928490,36112,36112,1795150346223755599,2024-05-27,NEU,not ironic,
22928491,36113,36113,1795150345301016764,2024-05-27,NEG,not ironic,
22928492,36114,36114,1795150345129119910,2024-05-27,NEG,ironic,
22928493,36115,36115,1795150345108328942,2024-05-27,POS,ironic,
22928494,36116,36116,1795150345099751703,2024-05-27,NEG,ironic,
22928495,36117,36117,1795150343673614642,2024-05-27,NEU,not ironic,
22928496,36118,36118,1795150342717427758,2024-05-27,NEG,not ironic,
22928497,36119,36119,1795150342151155982,2024-05-27,NEU,ironic,
22928498,36120,36120,1795150219274858540,2024-05-27,NEG,not ironic,
22928499,36121,36121,1795150219086070081,2024-05-27,POS,not ironic,
22928500,36122,36122,1795150218939294161,2024-05-27,NEG,ironic,
22928501,36123,36123,1795150218712973825,2024-05-27,NEG,ironic,
22928502,36124,36124,1795150217739641282,2024-05-27,NEG,ironic,
22928503,36125,36125,1795150216707952774,2024-05-27,NEG,not ironic,
22928504,36126,36126,1795150215613190553,2024-05-27,NEG,ironic,
22928505,36127,36127,1795150214514278483,2024-05-27,NEG,not ironic,
22928506,36128,36128,1795150214082252993,2024-05-27,NEG,not ironic,
22928507,36129,36129,1795150213742551472,2024-05-27,NEG,not ironic,
22928508,36130,36130,1795150213520212226,2024-05-27,NEU,not ironic,
22928509,36131,36131,1795150212178055591,2024-05-27,NEG,ironic,
22928510,36132,36132,1795150210189898142,2024-05-27,NEG,not ironic,
22928511,36133,36133,1795150210043126247,2024-05-27,NEG,not ironic,
22928512,36134,36134,1795150209418178677,2024-05-27,NEG,ironic,
22928513,36135,36135,1795150208738738296,2024-05-27,NEU,not ironic,
22928514,36136,36136,1795150207740526945,2024-05-27,NEU,ironic,
22928515,36137,36137,1795150207346163852,2024-05-27,NEG,ironic,
22928516,36138,36138,1795150207140626786,2024-05-27,NEU,not ironic,
22928517,36139,36139,1795150207123869749,2024-05-27,NEU,not ironic,
22928518,36140,36140,1795150206427607197,2024-05-27,NEG,ironic,
22928519,36141,36141,1795150204968050894,2024-05-27,NEU,not ironic,
22928520,36142,36142,1795150203822989478,2024-05-27,NEG,not ironic,
22928521,36143,36143,1795150202338197703,2024-05-27,NEU,ironic,
22928522,36144,36144,1795150202262725071,2024-05-27,NEG,not ironic,
22928523,36145,36145,1795150201914626196,2024-05-27,NEU,ironic,
22928524,36146,36146,1795150200152994169,2024-05-27,NEG,not ironic,
22928525,36147,36147,1795150199989444739,2024-05-27,NEG,ironic,
22928526,36148,36148,1795150198961852444,2024-05-27,NEG,ironic,
22928527,36149,36149,1795150197808418997,2024-05-27,NEG,not ironic,
22928528,36150,36150,1795150197560914266,2024-05-27,POS,not ironic,
22928529,36151,36151,1795150196625514992,2024-05-27,NEU,not ironic,
22928530,36152,36152,1795150193404330145,2024-05-27,POS,not ironic,
22928531,36153,36153,1795150192502595898,2024-05-27,NEU,not ironic,
22928532,36154,36154,1795150192204722346,2024-05-27,NEG,not ironic,
22928533,36155,36155,1795150191592378607,2024-05-27,NEG,ironic,
22928534,36156,36156,1795150190799704251,2024-05-27,NEU,ironic,
22928535,36157,36157,1795150190329872480,2024-05-27,NEU,not ironic,
22928536,36158,36158,1795150189612732856,2024-05-27,NEU,not ironic,
22928537,36159,36159,1795150187930783906,2024-05-27,NEU,ironic,
22928538,36160,36160,1795150187486224791,2024-05-27,NEG,not ironic,
22928539,36161,36161,1795150186383110635,2024-05-27,POS,ironic,
22928540,36162,36162,1795150184143343844,2024-05-27,NEU,not ironic,
22928541,36163,36163,1795150182042022194,2024-05-27,NEG,not ironic,
22928542,36164,36164,1795150181266227429,2024-05-27,NEG,not ironic,
22928543,36165,36165,1795150179227554242,2024-05-27,NEG,not ironic,
22928544,36166,36166,1795150178166379000,2024-05-27,NEU,ironic,
22928545,36167,36167,1795150176123768973,2024-05-27,NEG,not ironic,
22928546,36168,36168,1795150176077697382,2024-05-27,NEU,ironic,
22928547,36169,36169,1795150175352021141,2024-05-27,NEG,not ironic,
22928548,36170,36170,1795150175272304645,2024-05-27,NEG,not ironic,
22928549,36171,36171,1795150171287802262,2024-05-27,NEG,not ironic,
22928550,36172,36172,1795150170146939192,2024-05-27,NEU,ironic,
22928551,36173,36173,1795150167110254972,2024-05-27,NEG,not ironic,
22928552,36174,36174,1795150164866314550,2024-05-27,NEG,not ironic,
22928553,36175,36175,1795150161158480230,2024-05-27,NEG,not ironic,
22928554,36176,36176,1795150160760053853,2024-05-27,NEU,not ironic,
22928555,36177,36177,1795150158348345441,2024-05-27,NEU,not ironic,
22928556,36178,36178,1795150158109474844,2024-05-27,NEG,ironic,
22928557,36179,36179,1795150158092697783,2024-05-27,NEG,not ironic,
22928558,36180,36180,1795150157610090660,2024-05-27,NEU,not ironic,
22928559,36181,36181,1795150157085880788,2024-05-27,NEG,ironic,
22928560,36182,36182,1795150156620329387,2024-05-27,POS,not ironic,
22928561,36183,36183,1795150156225994993,2024-05-27,NEG,not ironic,
22928562,36184,36184,1795150154707714195,2024-05-27,NEG,not ironic,
22928563,36185,36185,1795150154535669947,2024-05-27,NEG,not ironic,
22928564,36186,36186,1795150153306808669,2024-05-27,POS,not ironic,
22928565,36187,36187,1795150153302618203,2024-05-27,NEG,not ironic,
22928566,36188,36188,1795150153151590892,2024-05-27,NEG,ironic,
22928567,36189,36189,1795150151155093846,2024-05-27,NEG,ironic,
22928568,36190,36190,1795150150555292112,2024-05-27,NEU,not ironic,
22928569,36191,36191,1795150150114873500,2024-05-27,NEU,not ironic,
22928570,36192,36192,1795150148516884840,2024-05-27,NEG,ironic,
22928571,36193,36193,1795150147287978263,2024-05-27,NEG,not ironic,
22928572,36194,36194,1795150147099426921,2024-05-27,NEG,not ironic,
22928573,36195,36195,1795150146717585609,2024-05-27,NEU,not ironic,
22928574,36196,36196,1795150146449117315,2024-05-27,NEG,not ironic,
22928575,36197,36197,1795150145195020621,2024-05-27,NEG,not ironic,
22928576,36198,36198,1795150144968491373,2024-05-27,NEG,ironic,
22928577,36199,36199,1795150144800747792,2024-05-27,NEG,not ironic,
22928578,36200,36200,1795150144356110631,2024-05-27,NEU,not ironic,
22928579,36201,36201,1795150143643087040,2024-05-27,NEG,not ironic,
22928580,36202,36202,1795150143630495941,2024-05-27,NEG,ironic,
22928581,36203,36203,1795150142800077138,2024-05-27,NEU,not ironic,
22928582,36204,36204,1795150142045114484,2024-05-27,NEG,ironic,
22928583,36205,36205,1795150140392542706,2024-05-27,NEU,not ironic,
22928584,36206,36206,1795150140342239422,2024-05-27,NEG,not ironic,
22928585,36207,36207,1795150139608223988,2024-05-27,NEG,not ironic,
22928586,36208,36208,1795150134944088370,2024-05-27,NEG,not ironic,
22928587,36209,36209,1795150134042312929,2024-05-27,NEG,ironic,
22928588,36210,36210,1795150133643870510,2024-05-27,NEG,ironic,
22928589,36211,36211,1795150132750713205,2024-05-27,POS,ironic,
22928590,36212,36212,1795150132478181814,2024-05-27,NEU,not ironic,
22928591,36213,36213,1795150130124931451,2024-05-27,NEU,not ironic,
22928592,36214,36214,1795150129349136472,2024-05-27,NEU,not ironic,
22928593,36215,36215,1795150128979816803,2024-05-27,NEG,ironic,
22928594,36216,36216,1795150127952257323,2024-05-27,NEG,not ironic,
22928595,36217,36217,1795150127847313510,2024-05-27,NEG,ironic,
22928596,36218,36218,1795150126471659935,2024-05-27,NEG,not ironic,
22928597,36219,36219,1795150125888602297,2024-05-27,NEG,not ironic,
22928598,36220,36220,1795150125817270479,2024-05-27,NEG,not ironic,
22928599,36221,36221,1795150123724398741,2024-05-27,POS,not ironic,
22928600,36222,36222,1795150123456135599,2024-05-27,NEG,not ironic,
22928601,36223,36223,1795150122927473024,2024-05-27,POS,ironic,
22928602,36224,36224,1795150122843766839,2024-05-27,NEG,not ironic,
22928603,36225,36225,1795150120935100848,2024-05-27,NEU,not ironic,
22928604,36226,36226,1795150120343753074,2024-05-27,NEG,not ironic,
22928605,36227,36227,1795150120238903547,2024-05-27,NEG,ironic,
22928606,36228,36228,1795150117990752527,2024-05-27,NEG,not ironic,
22928607,36229,36229,1795150116577304856,2024-05-27,NEU,not ironic,
22928608,36230,36230,1795150115910373758,2024-05-27,NEU,not ironic,
22928609,36231,36231,1795150115868438760,2024-05-27,NEG,not ironic,
22928610,36232,36232,1795150115532857744,2024-05-27,NEG,ironic,
22928611,36233,36233,1795150115071721537,2024-05-27,NEG,ironic,
22928612,36234,36234,1795150114714993058,2024-05-27,NEG,not ironic,
22928613,36235,36235,1795150114501095461,2024-05-27,NEU,ironic,
22928614,36236,36236,1795150112865309018,2024-05-27,NEG,not ironic,
22928615,36237,36237,1795150111762157839,2024-05-27,NEG,not ironic,
22928616,36238,36238,1795150111623811498,2024-05-27,NEG,not ironic,
22928617,36239,36239,1795150110944354624,2024-05-27,NEG,not ironic,
22928618,36240,36240,1795150109858042228,2024-05-27,NEG,not ironic,
22928619,36241,36241,1795150108910125203,2024-05-27,POS,ironic,
22928620,36242,36242,1795150108700389713,2024-05-27,NEG,ironic,
22928621,36243,36243,1795150108150976661,2024-05-27,NEU,not ironic,
22928622,36244,36244,1795150108100612269,2024-05-27,NEG,not ironic,
22928623,36245,36245,1795150106053795868,2024-05-27,NEU,not ironic,
22928624,36246,36246,1795150105701490798,2024-05-27,NEG,not ironic,
22928625,36247,36247,1795150104237609013,2024-05-27,NEG,not ironic,
22928626,36248,36248,1795150104208281638,2024-05-27,NEU,not ironic,
22928627,36249,36249,1795150103985934781,2024-05-27,NEG,not ironic,
22928628,36250,36250,1795150103251968226,2024-05-27,POS,not ironic,
22928629,36251,36251,1795150103029645403,2024-05-27,POS,ironic,
22928630,36252,36252,1795150102333427974,2024-05-27,NEG,not ironic,
22928631,36253,36253,1795150102174089219,2024-05-27,NEU,ironic,
22928632,36254,36254,1795150102157209743,2024-05-27,NEU,not ironic,
22928633,36255,36255,1795150099485446157,2024-05-27,POS,not ironic,
22928634,36256,36256,1795150099426722128,2024-05-27,NEG,not ironic,
22928635,36257,36257,1795150098630050153,2024-05-27,NEG,not ironic,
22928636,36258,36258,1795150097317073370,2024-05-27,NEG,not ironic,
22928637,36259,36259,1795150096683704423,2024-05-27,NEU,ironic,
22928638,36260,36260,1795150095622496368,2024-05-27,POS,not ironic,
22928639,36261,36261,1795150094376800284,2024-05-27,NEG,not ironic,
22928640,36262,36262,1795150094305485205,2024-05-27,NEU,not ironic,
22928641,36263,36263,1795150092137050329,2024-05-27,NEU,not ironic,
22928642,36264,36264,1795150091952562572,2024-05-27,NEU,not ironic,
22928643,36265,36265,1795150091516309867,2024-05-27,NEG,not ironic,
22928644,36266,36266,1795150091512123707,2024-05-27,NEG,not ironic,
22928645,36267,36267,1795150090148933974,2024-05-27,NEG,not ironic,
22928646,36268,36268,1795150089645654491,2024-05-27,NEG,not ironic,
22928647,36269,36269,1795150088987148516,2024-05-27,NEG,ironic,
22928648,36270,36270,1795150088479609189,2024-05-27,NEG,ironic,
22928649,36271,36271,1795150088257331588,2024-05-27,NEG,ironic,
22928650,36272,36272,1795150086890193135,2024-05-27,NEU,not ironic,
22928651,36273,36273,1795150086671933850,2024-05-27,NEG,ironic,
22928652,36274,36274,1795150085757534577,2024-05-27,NEG,not ironic,
22928653,36275,36275,1795150083966525676,2024-05-27,NEG,not ironic,
22928654,36276,36276,1795150083735867872,2024-05-27,POS,ironic,
22928655,36277,36277,1795150082079113388,2024-05-27,NEG,not ironic,
22928656,36278,36278,1795150081508692266,2024-05-27,NEU,not ironic,
22928657,36279,36279,1795150081173131279,2024-05-27,POS,not ironic,
22928658,36280,36280,1795150080359399542,2024-05-27,NEG,ironic,
22928659,36281,36281,1795150079784820776,2024-05-27,NEG,ironic,
22928660,36282,36282,1795150079742906583,2024-05-27,NEG,ironic,
22928661,36283,36283,1795150079583510905,2024-05-27,NEG,not ironic,
22928662,36284,36284,1795150079247991187,2024-05-27,NEG,ironic,
22928663,36285,36285,1795150077624729642,2024-05-27,NEU,not ironic,
22928664,36286,36286,1795150077457019330,2024-05-27,NEG,ironic,
22928665,36287,36287,1795150076475576686,2024-05-27,NEG,ironic,
22928666,36288,36288,1795150075800220116,2024-05-27,NEU,not ironic,
22928667,36289,36289,1795150075447886334,2024-05-27,NEG,not ironic,
22928668,36290,36290,1795150075427004769,2024-05-27,NEG,ironic,
22928669,36291,36291,1795150075393380407,2024-05-27,NEU,not ironic,
22928670,36292,36292,1795150075120824483,2024-05-27,NEG,not ironic,
22928671,36293,36293,1795150075032723770,2024-05-27,NEU,ironic,
22928672,36294,36294,1795150074982387795,2024-05-27,NEG,ironic,
22928673,36295,36295,1795150074055471292,2024-05-27,NEG,not ironic,
22928674,36296,36296,1795150073740878089,2024-05-27,NEG,ironic,
22928675,36297,36297,1795150072797151356,2024-05-27,NEG,ironic,
22928676,36298,36298,1795150072109228053,2024-05-27,POS,not ironic,
22928677,36299,36299,1795150071148748966,2024-05-27,NEU,not ironic,
22928678,36300,36300,1795150070993559757,2024-05-27,NEG,ironic,
22928679,36301,36301,1795150070112743523,2024-05-27,NEG,not ironic,
22928680,36302,36302,1795150070007918926,2024-05-27,NEG,not ironic,
22928681,36303,36303,1795150068942618708,2024-05-27,POS,ironic,
22928682,36304,36304,1795150068095291897,2024-05-27,NEU,ironic,
22928683,36305,36305,1795150067692609997,2024-05-27,NEU,not ironic,
22928684,36306,36306,1795150067264868617,2024-05-27,POS,ironic,
22928685,36307,36307,1795150065398321506,2024-05-27,NEU,not ironic,
22928686,36308,36308,1795150064249192923,2024-05-27,NEU,not ironic,
22928687,36309,36309,1795150064173596870,2024-05-27,NEG,not ironic,
22928688,36310,36310,1795150063422898223,2024-05-27,NEG,ironic,
22928689,36311,36311,1795150061359206435,2024-05-27,NEG,not ironic,
22928690,36312,36312,1795150060860195221,2024-05-27,NEG,not ironic,
22928691,36313,36313,1795150060813943134,2024-05-27,NEU,not ironic,
22928692,36314,36314,1795150060180926837,2024-05-27,NEG,not ironic,
22928693,36315,36315,1795150059593466109,2024-05-27,NEU,not ironic,
22928694,36316,36316,1795150059186622934,2024-05-27,NEU,not ironic,
22928695,36317,36317,1795150058687459459,2024-05-27,NEU,not ironic,
22928696,36318,36318,1795150058624520249,2024-05-27,NEG,ironic,
22928697,36319,36319,1795150058372903261,2024-05-27,NEG,not ironic,
22928698,36320,36320,1795150058335162628,2024-05-27,NEG,ironic,
22928699,36321,36321,1795150057190097300,2024-05-27,POS,ironic,
22928700,36322,36322,1795150056816824741,2024-05-27,NEU,ironic,
22928701,36323,36323,1795150056741368209,2024-05-27,NEG,not ironic,
22928702,36324,36324,1795150054384124412,2024-05-27,NEU,not ironic,
22928703,36325,36325,1795150053834686493,2024-05-27,NEG,ironic,
22928704,36326,36326,1795150053742411962,2024-05-27,NEG,not ironic,
22928705,36327,36327,1795150053461422442,2024-05-27,NEU,ironic,
22928706,36328,36328,1795150052618321967,2024-05-27,NEG,ironic,
22928707,36329,36329,1795150052538613948,2024-05-27,NEG,not ironic,
22928708,36330,36330,1795150052174008501,2024-05-27,NEG,not ironic,
22928709,36331,36331,1795150051423006956,2024-05-27,NEG,not ironic,
22928710,36332,36332,1795150050726719879,2024-05-27,NEU,not ironic,
22928711,36333,36333,1795150049527120055,2024-05-27,NEG,not ironic,
22928712,36334,36334,1795150048986009945,2024-05-27,NEU,not ironic,
22928713,36335,36335,1795150046939214209,2024-05-27,NEG,not ironic,
22928714,36336,36336,1795150045156647268,2024-05-27,NEG,ironic,
22928715,36337,36337,1795150044271682029,2024-05-27,NEG,not ironic,
22928716,36338,36338,1795150043541860562,2024-05-27,NEU,not ironic,
22928717,36339,36339,1795150042862371194,2024-05-27,NEU,ironic,
22928718,36340,36340,1795150042447122935,2024-05-27,NEG,not ironic,
22928719,36341,36341,1795150042187039031,2024-05-27,POS,ironic,
22928720,36342,36342,1795150039255228869,2024-05-27,NEU,not ironic,
22928721,36343,36343,1795150038940729344,2024-05-27,NEG,not ironic,
22928722,36344,36344,1795150038319915499,2024-05-27,NEU,not ironic,
22928723,36345,36345,1795150038273765833,2024-05-27,NEU,ironic,
22928724,36346,36346,1795150038139555886,2024-05-27,NEU,not ironic,
22928725,36347,36347,1795150032984822136,2024-05-27,NEU,not ironic,
22928726,36348,36348,1795150031412133988,2024-05-27,NEG,not ironic,
22928727,36349,36349,1795150027934871643,2024-05-27,NEG,ironic,
22928728,36350,36350,1795150026550788176,2024-05-27,NEG,not ironic,
22928729,36351,36351,1795150025141420204,2024-05-27,POS,ironic,
22928730,36352,36352,1795150024923291932,2024-05-27,NEG,ironic,
22928731,36353,36353,1795150024621330631,2024-05-27,NEU,ironic,
22928732,36354,36354,1795150024231289246,2024-05-27,NEG,ironic,
22928733,36355,36355,1795150023967072666,2024-05-27,NEG,not ironic,
22928734,36356,36356,1795150022280970347,2024-05-27,NEG,not ironic,
22928735,36357,36357,1795150021395955955,2024-05-27,NEG,ironic,
22928736,36358,36358,1795150020422811783,2024-05-27,NEU,not ironic,
22928737,36359,36359,1795150019042955772,2024-05-27,POS,not ironic,
22928738,36360,36360,1795150016761282703,2024-05-27,NEG,ironic,
22928739,36361,36361,1795150015637094607,2024-05-27,NEG,not ironic,
22928740,36362,36362,1795150014701818322,2024-05-27,NEU,ironic,
22928741,36363,36363,1795150011228954691,2024-05-27,NEG,ironic,
22928742,36364,36364,1795150010146844690,2024-05-27,NEG,not ironic,
22928743,36365,36365,1795150009018499366,2024-05-27,NEG,not ironic,
22928744,36366,36366,1795150007936430431,2024-05-27,NEG,ironic,
22928745,36367,36367,1795150007386939538,2024-05-27,POS,ironic,
22928746,36368,36368,1795150006854230358,2024-05-27,NEU,ironic,
22928747,36369,36369,1795150003301683695,2024-05-27,NEG,not ironic,
22928748,36370,36370,1795150002987102640,2024-05-27,NEU,not ironic,
22928749,36371,36371,1795150002563502390,2024-05-27,POS,ironic,
22928750,36372,36372,1795150002534121578,2024-05-27,NEU,not ironic,
22928751,36373,36373,1795150001712029727,2024-05-27,NEG,ironic,
22928752,36374,36374,1795149999329759539,2024-05-27,NEG,ironic,
22928753,36375,36375,1795149998566297646,2024-05-27,NEG,not ironic,
22928754,36376,36376,1795149997874245897,2024-05-27,NEU,not ironic,
22928755,36377,36377,1795149997685543134,2024-05-27,NEG,not ironic,
22928756,36378,36378,1795149997572342110,2024-05-27,NEU,not ironic,
22928757,36379,36379,1795149995991089324,2024-05-27,NEG,ironic,
22928758,36380,36380,1795149992325243097,2024-05-27,NEU,not ironic,
22928759,36381,36381,1795149991750640068,2024-05-27,NEU,ironic,
22928760,36382,36382,1795149991641481298,2024-05-27,NEG,not ironic,
22928761,36383,36383,1795149990894899646,2024-05-27,POS,ironic,
22928762,36384,36384,1795149990584606794,2024-05-27,POS,ironic,
22928763,36385,36385,1795149989724696617,2024-05-27,NEU,ironic,
22928764,36386,36386,1795149986771976502,2024-05-27,NEU,not ironic,
22928765,36387,36387,1795149986688118976,2024-05-27,POS,not ironic,
22928766,36388,36388,1795149986067329501,2024-05-27,NEU,not ironic,
22928767,36389,36389,1795149985501106180,2024-05-27,NEU,not ironic,
22928768,36390,36390,1795149984423092432,2024-05-27,NEG,not ironic,
22928769,36391,36391,1795149983856877923,2024-05-27,POS,ironic,
22928770,36392,36392,1795149982229524759,2024-05-27,NEG,not ironic,
22928771,36393,36393,1795149981545791966,2024-05-27,NEG,not ironic,
22928772,36394,36394,1795149981327781935,2024-05-27,POS,not ironic,
22928773,36395,36395,1795149980409188652,2024-05-27,NEG,ironic,
22928774,36396,36396,1795149979415171147,2024-05-27,NEG,not ironic,
22928775,36397,36397,1795149978781778295,2024-05-27,NEU,not ironic,
22928776,36398,36398,1795149977150230542,2024-05-27,NEG,not ironic,
22928777,36399,36399,1795149976722395325,2024-05-27,NEU,not ironic,
22928778,36400,36400,1795149973006295247,2024-05-27,NEG,not ironic,
22928779,36401,36401,1795149972754645055,2024-05-27,NEU,not ironic,
22928780,36402,36402,1795149972666556758,2024-05-27,NEG,ironic,
22928781,36403,36403,1795149972666556757,2024-05-27,NEG,not ironic,
22928782,36404,36404,1795149971852792231,2024-05-27,POS,not ironic,
22928783,36405,36405,1795149969885725097,2024-05-27,NEG,ironic,
22928784,36406,36406,1795149969806012879,2024-05-27,POS,ironic,
22928785,36407,36407,1795149969285906514,2024-05-27,NEU,not ironic,
22928786,36408,36408,1795149969285865890,2024-05-27,NEG,not ironic,
22928787,36409,36409,1795149968203722872,2024-05-27,NEG,ironic,
22928788,36410,36410,1795149967406805099,2024-05-27,NEU,not ironic,
22928789,36411,36411,1795149967335502324,2024-05-27,NEG,not ironic,
22928790,36412,36412,1795149965989224690,2024-05-27,NEG,not ironic,
22928791,36413,36413,1795149965603324316,2024-05-27,NEG,not ironic,
22928792,36414,36414,1795149964718280858,2024-05-27,NEG,ironic,
22928793,36415,36415,1795149964554784958,2024-05-27,NEU,not ironic,
22928794,36416,36416,1795149963913011523,2024-05-27,NEG,ironic,
22928795,36417,36417,1795149963111842086,2024-05-27,NEU,not ironic,
22928796,36418,36418,1795149961207636172,2024-05-27,NEU,not ironic,
22928797,36419,36419,1795149960888946788,2024-05-27,NEU,not ironic,
22928798,36420,36420,1795149958628233563,2024-05-27,NEG,not ironic,
22928799,36421,36421,1795149958187749473,2024-05-27,NEG,not ironic,
22928800,36422,36422,1795149956019294566,2024-05-27,NEG,ironic,
22928801,36423,36423,1795149955562180620,2024-05-27,NEU,not ironic,
22928802,36424,36424,1795149955167895853,2024-05-27,NEU,not ironic,
22928803,36425,36425,1795149954668753005,2024-05-27,NEG,not ironic,
22928804,36426,36426,1795149954417033487,2024-05-27,NEU,not ironic,
22928805,36427,36427,1795149954333241689,2024-05-27,NEG,ironic,
22928806,36428,36428,1795149954224198085,2024-05-27,NEU,not ironic,
22928807,36429,36429,1795149952584167574,2024-05-27,NEG,not ironic,
22928808,36430,36430,1795149952273785098,2024-05-27,NEU,not ironic,
22928809,36431,36431,1795149951271383400,2024-05-27,NEU,not ironic,
22928810,36432,36432,1795149950835138892,2024-05-27,NEU,ironic,
22928811,36433,36433,1795149949857911026,2024-05-27,POS,not ironic,
22928812,36434,36434,1795149949241332151,2024-05-27,NEG,not ironic,
22928813,36435,36435,1795149949031596282,2024-05-27,POS,not ironic,
22928814,36436,36436,1795149948826038749,2024-05-27,NEG,not ironic,
22928815,36437,36437,1795149946477224263,2024-05-27,POS,ironic,
22928816,36438,36438,1795149946024296530,2024-05-27,NEU,not ironic,
22928817,36439,36439,1795149944975757635,2024-05-27,NEG,ironic,
22928818,36440,36440,1795149943071543359,2024-05-27,NEG,ironic,
22928819,36441,36441,1795149942228443180,2024-05-27,NEG,not ironic,
22928820,36442,36442,1795149941498691740,2024-05-27,NEU,not ironic,
22928821,36443,36443,1795149941196595295,2024-05-27,NEG,ironic,
22928822,36444,36444,1795149941163102538,2024-05-27,NEG,ironic,
22928823,36445,36445,1795149940995371308,2024-05-27,NEG,not ironic,
22928824,36446,36446,1795149940802335224,2024-05-27,NEG,ironic,
22928825,36447,36447,1795149939690922188,2024-05-27,NEU,not ironic,
22928826,36448,36448,1795149936759071039,2024-05-27,POS,not ironic,
22928827,36449,36449,1795149935936975239,2024-05-27,NEG,ironic,
22928828,36450,36450,1795149935639224630,2024-05-27,NEG,not ironic,
22928829,36451,36451,1795149933332296056,2024-05-27,NEU,not ironic,
22928830,36452,36452,1795149932707361104,2024-05-27,NEU,not ironic,
22928831,36453,36453,1795149931138908348,2024-05-27,NEU,not ironic,
22928832,36454,36454,1795149930945794279,2024-05-27,NEU,not ironic,
22928833,36455,36455,1795149930622857545,2024-05-27,NEU,ironic,
22928834,36456,36456,1795149930568224854,2024-05-27,NEG,not ironic,
22928835,36457,36457,1795149930203332977,2024-05-27,NEU,ironic,
22928836,36458,36458,1795149929725198511,2024-05-27,NEG,ironic,
22928837,36459,36459,1795149927179325545,2024-05-27,NEG,not ironic,
22928838,36460,36460,1795149927011483691,2024-05-27,NEU,not ironic,
22928839,36461,36461,1795149926827016677,2024-05-27,NEG,not ironic,
22928840,36462,36462,1795149926088753346,2024-05-27,NEU,ironic,
22928841,36463,36463,1795149926030020822,2024-05-27,NEG,ironic,
22928842,36464,36464,1795149925266645290,2024-05-27,NEG,not ironic,
22928843,36465,36465,1795149925128228955,2024-05-27,NEU,not ironic,
22928844,36466,36466,1795149924268495069,2024-05-27,NEG,ironic,
22928845,36467,36467,1795149921902874912,2024-05-27,POS,not ironic,
22928846,36468,36468,1795149921428849024,2024-05-27,NEU,ironic,
22928847,36469,36469,1795149920992682477,2024-05-27,NEU,not ironic,
22928848,36470,36470,1795149920988524644,2024-05-27,NEG,ironic,
22928849,36471,36471,1795149919721832941,2024-05-27,NEG,not ironic,
22928850,36472,36472,1795149919637893274,2024-05-27,NEG,ironic,
22928851,36473,36473,1795149918526419147,2024-05-27,NEU,not ironic,
22928852,36474,36474,1795149917452657033,2024-05-27,NEG,ironic,
22928853,36475,36475,1795149916982919282,2024-05-27,POS,not ironic,
22928854,36476,36476,1795149916618060021,2024-05-27,NEG,ironic,
22928855,36477,36477,1795149916303511730,2024-05-27,NEG,not ironic,
22928856,36478,36478,1795149915217084545,2024-05-27,NEU,not ironic,
22928857,36479,36479,1795149914772734246,2024-05-27,POS,not ironic,
22928858,36480,36480,1795149914571260164,2024-05-27,NEG,not ironic,
22928859,36481,36481,1795149913795318121,2024-05-27,NEG,ironic,
22928860,36482,36482,1795149912222351594,2024-05-27,NEU,ironic,
22928861,36483,36483,1795149911568044197,2024-05-27,NEG,ironic,
22928862,36484,36484,1795149911215726970,2024-05-27,NEG,ironic,
22928863,36485,36485,1795149910666313879,2024-05-27,NEG,not ironic,
22928864,36486,36486,1795149910439875012,2024-05-27,NEG,not ironic,
22928865,36487,36487,1795149909252788287,2024-05-27,NEG,not ironic,
22928866,36488,36488,1795149908493615244,2024-05-27,NEG,ironic,
22928867,36489,36489,1795149905662484926,2024-05-27,NEU,not ironic,
22928868,36490,36490,1795149905431855496,2024-05-27,NEG,ironic,
22928869,36491,36491,1795149905138160039,2024-05-27,NEU,not ironic,
22928870,36492,36492,1795149904609722492,2024-05-27,NEU,not ironic,
22928871,36493,36493,1795149903544402380,2024-05-27,NEG,ironic,
22928872,36494,36494,1795149903271711087,2024-05-27,NEU,not ironic,
22928873,36495,36495,1795149902894223634,2024-05-27,NEG,ironic,
22928874,36496,36496,1795149902697103367,2024-05-27,NEG,not ironic,
22928875,36497,36497,1795149902474776804,2024-05-27,NEU,not ironic,
22928876,36498,36498,1795149901413671251,2024-05-27,NEU,not ironic,
22928877,36499,36499,1795149900499370426,2024-05-27,NEG,not ironic,
22928878,36500,36500,1795149899832373750,2024-05-27,NEG,ironic,
22928879,36501,36501,1795149896980300274,2024-05-27,NEG,ironic,
22928880,36502,36502,1795149896275599521,2024-05-27,POS,not ironic,
22928881,36503,36503,1795149896225313021,2024-05-27,NEG,not ironic,
22928882,36504,36504,1795149896036626561,2024-05-27,NEG,not ironic,
22928883,36505,36505,1795149895541674183,2024-05-27,NEG,ironic,
22928884,36506,36506,1795149894790922430,2024-05-27,NEU,not ironic,
22928885,36507,36507,1795149894446969265,2024-05-27,NEG,ironic,
22928886,36508,36508,1795149894308565094,2024-05-27,NEG,not ironic,
22928887,36509,36509,1795149893616513133,2024-05-27,NEG,ironic,
22928888,36510,36510,1795149893188653115,2024-05-27,NEU,not ironic,
22928889,36511,36511,1795149892144238897,2024-05-27,NEG,not ironic,
22928890,36512,36512,1795149891775168895,2024-05-27,NEU,ironic,
22928891,36513,36513,1795149891716477342,2024-05-27,NEU,ironic,
22928892,36514,36514,1795149890982473964,2024-05-27,NEG,not ironic,
22928893,36515,36515,1795149889946402899,2024-05-27,NEG,ironic,
22928894,36516,36516,1795149889883574377,2024-05-27,NEU,ironic,
22928895,36517,36517,1795149889715785740,2024-05-27,NEG,not ironic,
22928896,36518,36518,1795149888725889176,2024-05-27,NEG,not ironic,
22928897,36519,36519,1795149888432341245,2024-05-27,NEU,ironic,
22928898,36520,36520,1795149888218423454,2024-05-27,NEG,ironic,
22928899,36521,36521,1795149887757222050,2024-05-27,NEG,not ironic,
22928900,36522,36522,1795149883990507879,2024-05-27,NEG,ironic,
22928901,36523,36523,1795149883655028756,2024-05-27,NEU,not ironic,
22928902,36524,36524,1795149882799411605,2024-05-27,NEG,not ironic,
22928903,36525,36525,1795149882044379325,2024-05-27,NEG,ironic,
22928904,36526,36526,1795149881343889853,2024-05-27,NEU,not ironic,
22928905,36527,36527,1795149881163591716,2024-05-27,NEU,not ironic,
22928906,36528,36528,1795149880991551567,2024-05-27,NEG,ironic,
22928907,36529,36529,1795149879943041519,2024-05-27,NEG,ironic,
22928908,36530,36530,1795149878114255120,2024-05-27,NEG,not ironic,
22928909,36531,36531,1795149876637962339,2024-05-27,NEG,not ironic,
22928910,36532,36532,1795149876633694573,2024-05-27,NEG,not ironic,
22928911,36533,36533,1795149874800869439,2024-05-27,NEG,not ironic,
22928912,36534,36534,1795149873337016337,2024-05-27,NEG,not ironic,
22928913,36535,36535,1795149873097965832,2024-05-27,NEG,not ironic,
22928914,36536,36536,1795149872397455560,2024-05-27,POS,ironic,
22928915,36537,36537,1795149871533457443,2024-05-27,NEG,ironic,
22928916,36538,36538,1795149869092343996,2024-05-27,NEG,not ironic,
22928917,36539,36539,1795149867196539328,2024-05-27,NEG,not ironic,
22928918,36540,36540,1795149864499589483,2024-05-27,NEG,not ironic,
22928919,36541,36541,1795149864449261999,2024-05-27,POS,ironic,
22928920,36542,36542,1795149862205272312,2024-05-27,NEG,ironic,
22928921,36543,36543,1795149861202923894,2024-05-27,NEU,not ironic,
22928922,36544,36544,1795149860435304666,2024-05-27,NEG,ironic,
22928923,36545,36545,1795149858724012516,2024-05-27,NEG,ironic,
22928924,36546,36546,1795149858593984564,2024-05-27,NEU,not ironic,
22928925,36547,36547,1795149857633550847,2024-05-27,POS,ironic,
22928926,36548,36548,1795149856039690684,2024-05-27,NEU,not ironic,
22928927,36549,36549,1795149854471065790,2024-05-27,NEG,ironic,
22928928,36550,36550,1795149854173212934,2024-05-27,NEG,ironic,
22928929,36551,36551,1795149852440989834,2024-05-27,NEU,ironic,
22928930,36552,36552,1795149851501428765,2024-05-27,NEG,not ironic,
22928931,36553,36553,1795149851258130473,2024-05-27,NEU,not ironic,
22928932,36554,36554,1795149850847097132,2024-05-27,NEU,not ironic,
22928933,36555,36555,1795149850344030305,2024-05-27,NEU,not ironic,
22928934,36556,36556,1795149849484050709,2024-05-27,NEG,ironic,
22928935,36557,36557,1795149849072939234,2024-05-27,NEG,not ironic,
22928936,36558,36558,1795149848934482035,2024-05-27,NEU,ironic,
22928937,36559,36559,1795149847948833225,2024-05-27,NEU,not ironic,
22928938,36560,36560,1795149846682198113,2024-05-27,NEU,not ironic,
22928939,36561,36561,1795149845864255632,2024-05-27,NEU,not ironic,
22928940,36562,36562,1795149845860061306,2024-05-27,NEG,ironic,
22928941,36563,36563,1795149845373591677,2024-05-27,NEU,not ironic,
22928942,36564,36564,1795149845323276558,2024-05-27,NEG,ironic,
22928943,36565,36565,1795149845096742972,2024-05-27,NEG,ironic,
22928944,36566,36566,1795149844652134400,2024-05-27,NEU,not ironic,
22928945,36567,36567,1795149844404633698,2024-05-27,NEU,not ironic,
22928946,36568,36568,1795149843217670161,2024-05-27,NEU,ironic,
22928947,36569,36569,1795149842458534212,2024-05-27,NEG,not ironic,
22928948,36570,36570,1795149842391404931,2024-05-27,NEU,not ironic,
22928949,36571,36571,1795149842349527481,2024-05-27,NEU,not ironic,
22928950,36572,36572,1795149841426719125,2024-05-27,NEG,not ironic,
22928951,36573,36573,1795149841351287083,2024-05-27,NEG,ironic,
22928952,36574,36574,1795149841288376493,2024-05-27,NEG,not ironic,
22928953,36575,36575,1795149840994783440,2024-05-27,NEU,not ironic,
22928954,36576,36576,1795149840713666804,2024-05-27,NEU,not ironic,
22928955,36577,36577,1795149839447011442,2024-05-27,NEG,not ironic,
22928956,36578,36578,1795149838709031241,2024-05-27,POS,not ironic,
22928957,36579,36579,1795149838616518828,2024-05-27,NEG,not ironic,
22928958,36580,36580,1795149838612324443,2024-05-27,NEG,not ironic,
22928959,36581,36581,1795149838411088055,2024-05-27,POS,not ironic,
22928960,36582,36582,1795149837500850626,2024-05-27,NEU,not ironic,
22928961,36583,36583,1795149836435497206,2024-05-27,POS,not ironic,
22928962,36584,36584,1795149833742737557,2024-05-27,NEG,ironic,
22928963,36585,36585,1795149833516552698,2024-05-27,NEU,not ironic,
22928964,36586,36586,1795149832715125200,2024-05-27,POS,not ironic,
22928965,36587,36587,1795149831553306844,2024-05-27,NEG,not ironic,
22928966,36588,36588,1795149830827782599,2024-05-27,NEG,ironic,
22928967,36589,36589,1795149830467080507,2024-05-27,NEG,not ironic,
22928968,36590,36590,1795149828931957118,2024-05-27,NEG,ironic,
22928969,36591,36591,1795149828214706210,2024-05-27,NEU,not ironic,
22928970,36592,36592,1795149826117509497,2024-05-27,NEU,not ironic,
22928971,36593,36593,1795149824150438351,2024-05-27,NEG,not ironic,
22928972,36594,36594,1795149823290621981,2024-05-27,NEG,ironic,
22928973,36595,36595,1795149822816563699,2024-05-27,NEG,not ironic,
22928974,36596,36596,1795149822300651661,2024-05-27,NEG,not ironic,
22928975,36597,36597,1795149820895600721,2024-05-27,NEG,not ironic,
22928976,36598,36598,1795149820644163749,2024-05-27,NEG,not ironic,
22928977,36599,36599,1795149820442661101,2024-05-27,POS,not ironic,
22928978,36600,36600,1795149819532484895,2024-05-27,NEG,ironic,
22928979,36601,36601,1795149819524055135,2024-05-27,NEG,not ironic,
22928980,36602,36602,1795149817531814390,2024-05-27,NEU,ironic,
22928981,36603,36603,1795149816781209901,2024-05-27,NEU,ironic,
22928982,36604,36604,1795149815770226754,2024-05-27,NEU,not ironic,
22928983,36605,36605,1795149815543701854,2024-05-27,NEG,not ironic,
22928984,36606,36606,1795149814037889392,2024-05-27,NEG,ironic,
22928985,36607,36607,1795149813194920134,2024-05-27,NEG,ironic,
22928986,36608,36608,1795149812553199869,2024-05-27,NEG,not ironic,
22928987,36609,36609,1795149811802374643,2024-05-27,NEU,not ironic,
22928988,36610,36610,1795149810216911069,2024-05-27,NEG,not ironic,
22928989,36611,36611,1795149809063465128,2024-05-27,NEG,ironic,
22928990,36612,36612,1795149808832802819,2024-05-27,NEU,not ironic,
22928991,36613,36613,1795149808191012910,2024-05-27,NEG,not ironic,
22928992,36614,36614,1795149807818092684,2024-05-27,NEG,not ironic,
22928993,36615,36615,1795149807507603861,2024-05-27,NEU,not ironic,
22928994,36616,36616,1795149805875876294,2024-05-27,NEU,ironic,
22928995,36617,36617,1795149805104009286,2024-05-27,NEU,not ironic,
22928996,36618,36618,1795149804734926855,2024-05-27,POS,ironic,
22928997,36619,36619,1795149804554592339,2024-05-27,NEG,ironic,
22928998,36620,36620,1795149803610943908,2024-05-27,NEG,not ironic,
22928999,36621,36621,1795149803111760040,2024-05-27,NEU,ironic,
22929000,36622,36622,1795149802692305220,2024-05-27,NEG,ironic,
22929001,36623,36623,1795149801912140191,2024-05-27,NEG,not ironic,
22929002,36624,36624,1795149800582549797,2024-05-27,NEG,not ironic,
22929003,36625,36625,1795149799865377013,2024-05-27,NEG,not ironic,
22929004,36626,36626,1795149799529877646,2024-05-27,POS,not ironic,
22929005,36627,36627,1795149799387255021,2024-05-27,NEG,not ironic,
22929006,36628,36628,1795149798569349146,2024-05-27,NEG,not ironic,
22929007,36629,36629,1795149798376378539,2024-05-27,POS,ironic,
22929008,36630,36630,1795149796946133170,2024-05-27,NEG,ironic,
22929009,36631,36631,1795149795809530205,2024-05-27,NEG,not ironic,
22929010,36632,36632,1795149795088109965,2024-05-27,NEG,not ironic,
22929011,36633,36633,1795149794349846654,2024-05-27,NEG,ironic,
22929012,36634,36634,1795149793842356563,2024-05-27,NEG,not ironic,
22929013,36635,36635,1795149793733304772,2024-05-27,NEU,not ironic,
22929014,36636,36636,1795149792139477029,2024-05-27,POS,not ironic,
22929015,36637,36637,1795149786649170104,2024-05-27,NEG,ironic,
22929016,36638,36638,1795149786313785685,2024-05-27,NEG,not ironic,
22929017,36639,36639,1795149786145841526,2024-05-27,NEG,not ironic,
22929018,36640,36640,1795149785923567796,2024-05-27,NEU,not ironic,
22929019,36641,36641,1795149784459759658,2024-05-27,NEG,not ironic,
22929020,36642,36642,1795149783725650307,2024-05-27,NEG,not ironic,
22929021,36643,36643,1795149781552992550,2024-05-27,NEG,ironic,
22929022,36644,36644,1795149781351714920,2024-05-27,NEG,not ironic,
22929023,36645,36645,1795149781196554435,2024-05-27,NEG,not ironic,
22929024,36646,36646,1795149779246170276,2024-05-27,NEG,not ironic,
22929025,36647,36647,1795149777748836658,2024-05-27,NEG,not ironic,
22929026,36648,36648,1795149775626510598,2024-05-27,NEG,not ironic,
22929027,36649,36649,1795149775391588400,2024-05-27,NEG,not ironic,
22929028,36650,36650,1795149775123136664,2024-05-27,POS,ironic,
22929029,36651,36651,1795149774443663429,2024-05-27,NEG,ironic,
22929030,36652,36652,1795149773328003356,2024-05-27,NEU,not ironic,
22929031,36653,36653,1795149772585672854,2024-05-27,NEG,not ironic,
22929032,36654,36654,1795149772191310030,2024-05-27,NEG,ironic,
22929033,36655,36655,1795149772115857435,2024-05-27,NEG,ironic,
22929034,36656,36656,1795149771847630866,2024-05-27,POS,not ironic,
22929035,36657,36657,1795149770765300099,2024-05-27,NEU,not ironic,
22929036,36658,36658,1795149770635289057,2024-05-27,NEG,not ironic,
22929037,36659,36659,1795149769985360078,2024-05-27,NEU,ironic,
22929038,36660,36660,1795149769813143630,2024-05-27,NEG,not ironic,
22929039,36661,36661,1795149769116942848,2024-05-27,NEG,ironic,
22929040,36662,36662,1795149767305044479,2024-05-27,NEG,ironic,
22929041,36663,36663,1795149765954379798,2024-05-27,NEG,not ironic,
22929042,36664,36664,1795149765925101814,2024-05-27,POS,ironic,
22929043,36665,36665,1795149765379772874,2024-05-27,POS,not ironic,
22929044,36666,36666,1795149765098750215,2024-05-27,NEG,ironic,
22929045,36667,36667,1795149764578742519,2024-05-27,NEG,ironic,
22929046,36668,36668,1795149763018395857,2024-05-27,NEG,ironic,
22929047,36669,36669,1795149761693040950,2024-05-27,NEU,not ironic,
22929048,36670,36670,1795149759662960834,2024-05-27,NEG,not ironic,
22929049,36671,36671,1795149758924787909,2024-05-27,NEU,not ironic,
22929050,36672,36672,1795149758874435595,2024-05-27,NEU,not ironic,
22929051,36673,36673,1795149758266319244,2024-05-27,NEG,not ironic,
22929052,36674,36674,1795149758199161113,2024-05-27,NEG,not ironic,
22929053,36675,36675,1795149757993611770,2024-05-27,NEU,not ironic,
22929054,36676,36676,1795149757293211996,2024-05-27,NEG,ironic,
22929055,36677,36677,1795149757133811748,2024-05-27,NEU,not ironic,
22929056,36678,36678,1795149756391379434,2024-05-27,NEG,not ironic,
22929057,36679,36679,1795149756051710228,2024-05-27,NEG,ironic,
22929058,36680,36680,1795149754910834861,2024-05-27,NEG,not ironic,
22929059,36681,36681,1795149754071961987,2024-05-27,NEG,not ironic,
22929060,36682,36682,1795149753904169432,2024-05-27,POS,not ironic,
22929061,36683,36683,1795149753224749365,2024-05-27,NEU,not ironic,
22929062,36684,36684,1795149752918589545,2024-05-27,NEG,not ironic,
22929063,36685,36685,1795149751400218749,2024-05-27,NEG,ironic,
22929064,36686,36686,1795149751152726071,2024-05-27,NEG,ironic,
22929065,36687,36687,1795149750406127721,2024-05-27,NEU,not ironic,
22929066,36688,36688,1795149749219127792,2024-05-27,NEU,not ironic,
22929067,36689,36689,1795149749059715467,2024-05-27,NEG,not ironic,
22929068,36690,36690,1795149749055553987,2024-05-27,NEU,ironic,
22929069,36691,36691,1795149746790666459,2024-05-27,NEU,not ironic,
22929070,36692,36692,1795149746551611900,2024-05-27,NEU,ironic,
22929071,36693,36693,1795149746388042207,2024-05-27,POS,not ironic,
22929072,36694,36694,1795149746262221050,2024-05-27,NEU,not ironic,
22929073,36695,36695,1795149744169234880,2024-05-27,NEG,ironic,
22929074,36696,36696,1795149743141654530,2024-05-27,NEG,ironic,
22929075,36697,36697,1795149742608879739,2024-05-27,NEG,not ironic,
22929076,36698,36698,1795149742575362304,2024-05-27,NEG,not ironic,
22929077,36699,36699,1795149742160171240,2024-05-27,POS,not ironic,
22929078,36700,36700,1795149741988163731,2024-05-27,NEG,ironic,
22929079,36701,36701,1795149741304467721,2024-05-27,NEG,ironic,
22929080,36702,36702,1795149741115814085,2024-05-27,NEG,not ironic,
22929081,36703,36703,1795149739702264125,2024-05-27,NEG,ironic,
22929082,36704,36704,1795149738959839420,2024-05-27,NEG,not ironic,
22929083,36705,36705,1795149738284646899,2024-05-27,NEU,ironic,
22929084,36706,36706,1795149737823273310,2024-05-27,POS,ironic,
22929085,36707,36707,1795149737353433182,2024-05-27,NEU,not ironic,
22929086,36708,36708,1795149737026355415,2024-05-27,POS,not ironic,
22929087,36709,36709,1795149736560779402,2024-05-27,NEG,ironic,
22929088,36710,36710,1795149736523043195,2024-05-27,NEG,not ironic,
22929089,36711,36711,1795149735059214595,2024-05-27,NEG,not ironic,
22929090,36712,36712,1795149733314359619,2024-05-27,NEG,not ironic,
22929091,36713,36713,1795149732978786760,2024-05-27,NEG,not ironic,
22929092,36714,36714,1795149732718756285,2024-05-27,NEU,not ironic,
22929093,36715,36715,1795149731007525035,2024-05-27,NEG,not ironic,
22929094,36716,36716,1795149729522721121,2024-05-27,NEG,not ironic,
22929095,36717,36717,1795149728268570819,2024-05-27,POS,ironic,
22929096,36718,36718,1795149727903687149,2024-05-27,NEG,not ironic,
22929097,36719,36719,1795149727555621177,2024-05-27,NEU,not ironic,
22929098,36720,36720,1795149726926463356,2024-05-27,NEG,not ironic,
22929099,36721,36721,1795149725995254262,2024-05-27,NEG,not ironic,
22929100,36722,36722,1795149725957566694,2024-05-27,POS,not ironic,
22929101,36723,36723,1795149725231992841,2024-05-27,NEG,not ironic,
22929102,36724,36724,1795149724472717394,2024-05-27,NEU,ironic,
22929103,36725,36725,1795149721809400055,2024-05-27,NEG,not ironic,
22929104,36726,36726,1795149721742225568,2024-05-27,POS,ironic,
22929105,36727,36727,1795149720983068918,2024-05-27,NEG,not ironic,
22929106,36728,36728,1795149720152617398,2024-05-27,NEU,ironic,
22929107,36729,36729,1795149717317337146,2024-05-27,POS,not ironic,
22929108,36730,36730,1795149716893634900,2024-05-27,NEG,not ironic,
22929109,36731,36731,1795149716117709215,2024-05-27,POS,not ironic,
22929110,36732,36732,1795149715870240827,2024-05-27,NEU,not ironic,
22929111,36733,36733,1795149714528010336,2024-05-27,NEG,not ironic,
22929112,36734,36734,1795149714028904602,2024-05-27,NEU,not ironic,
22929113,36735,36735,1795149713827660276,2024-05-27,POS,ironic,
22929114,36736,36736,1795149713311744032,2024-05-27,NEG,ironic,
22929115,36737,36737,1795149712036622477,2024-05-27,NEG,not ironic,
22929116,36738,36738,1795149711516762141,2024-05-27,NEU,not ironic,
22929117,36739,36739,1795149710535082333,2024-05-27,NEU,not ironic,
22929118,36740,36740,1795149710342201507,2024-05-27,NEG,ironic,
22929119,36741,36741,1795149704746967267,2024-05-27,NEG,ironic,
22929120,36742,36742,1795149704205865251,2024-05-27,NEU,ironic,
22929121,36743,36743,1795149704080118185,2024-05-27,NEG,not ironic,
22929122,36744,36744,1795149702947586074,2024-05-27,NEG,ironic,
22929123,36745,36745,1795149702461104140,2024-05-27,NEU,not ironic,
22929124,36746,36746,1795149700842053948,2024-05-27,NEG,not ironic,
22929125,36747,36747,1795149698052845753,2024-05-27,NEG,not ironic,
22929126,36748,36748,1795149698048852106,2024-05-27,NEG,not ironic,
22929127,36749,36749,1795149697016910067,2024-05-27,NEG,not ironic,
22929128,36750,36750,1795149696790343696,2024-05-27,NEG,not ironic,
22929129,36751,36751,1795149695343354122,2024-05-27,POS,not ironic,
22929130,36752,36752,1795149694953201703,2024-05-27,NEG,not ironic,
22929131,36753,36753,1795149694579974359,2024-05-27,NEG,ironic,
22929132,36754,36754,1795149694064038198,2024-05-27,NEG,ironic,
22929133,36755,36755,1795149691119694335,2024-05-27,POS,not ironic,
22929134,36756,36756,1795149690930929848,2024-05-27,NEG,ironic,
22929135,36757,36757,1795149689202876741,2024-05-27,NEG,ironic,
22929136,36758,36758,1795149685545472124,2024-05-27,NEG,ironic,
22929137,36759,36759,1795149685499285656,2024-05-27,POS,not ironic,
22929138,36760,36760,1795149683460882557,2024-05-27,NEU,not ironic,
22929139,36761,36761,1795149682852659530,2024-05-27,NEG,not ironic,
22929140,36762,36762,1795149682303254547,2024-05-27,NEG,not ironic,
22929141,36763,36763,1795149680822591499,2024-05-27,NEG,not ironic,
22929142,36764,36764,1795149679421710789,2024-05-27,NEU,ironic,
22929143,36765,36765,1795149679107203575,2024-05-27,NEU,not ironic,
22929144,36766,36766,1795149678926778720,2024-05-27,POS,ironic,
22929145,36767,36767,1795149678545084616,2024-05-27,NEG,not ironic,
22929146,36768,36768,1795149678092149058,2024-05-27,NEU,ironic,
22929147,36769,36769,1795149677580476609,2024-05-27,POS,not ironic,
22929148,36770,36770,1795149677374881920,2024-05-27,NEG,not ironic,
22929149,36771,36771,1795149676657668116,2024-05-27,NEU,not ironic,
22929150,36772,36772,1795149676531888251,2024-05-27,NEG,not ironic,
22929151,36773,36773,1795149675479142469,2024-05-27,NEG,not ironic,
22929152,36774,36774,1795149673965015451,2024-05-27,NEU,not ironic,
22929153,36775,36775,1795149673801339031,2024-05-27,POS,not ironic,
22929154,36776,36776,1795149671943278923,2024-05-27,NEG,not ironic,
22929155,36777,36777,1795149671687475459,2024-05-27,NEG,ironic,
22929156,36778,36778,1795149670529822896,2024-05-27,NEG,not ironic,
22929157,36779,36779,1795149670265602145,2024-05-27,NEG,not ironic,
22929158,36780,36780,1795149668331983205,2024-05-27,NEU,not ironic,
22929159,36781,36781,1795149667681853528,2024-05-27,NEG,not ironic,
22929160,36782,36782,1795149667661221890,2024-05-27,NEG,ironic,
22929161,36783,36783,1795149667430289460,2024-05-27,NEU,not ironic,
22929162,36784,36784,1795149665165508988,2024-05-27,NEG,ironic,
22929163,36785,36785,1795149664594886768,2024-05-27,NEU,ironic,
22929164,36786,36786,1795149663974158544,2024-05-27,POS,ironic,
22929165,36787,36787,1795149663575679058,2024-05-27,NEG,ironic,
22929166,36788,36788,1795149662451572817,2024-05-27,NEG,not ironic,
22929167,36789,36789,1795149662313193827,2024-05-27,NEG,ironic,
22929168,36790,36790,1795149662304751959,2024-05-27,NEG,not ironic,
22929169,36791,36791,1795149661080064377,2024-05-27,NEU,not ironic,
22929170,36792,36792,1795149660098642408,2024-05-27,NEG,not ironic,
22929171,36793,36793,1795149659708539170,2024-05-27,NEG,ironic,
22929172,36794,36794,1795149657951068413,2024-05-27,NEG,ironic,
22929173,36795,36795,1795149657825276230,2024-05-27,NEG,not ironic,
22929174,36796,36796,1795149657321971991,2024-05-27,NEG,ironic,
22929175,36797,36797,1795149656965419417,2024-05-27,NEU,not ironic,
22929176,36798,36798,1795149656550408437,2024-05-27,NEU,ironic,
22929177,36799,36799,1795149655103164861,2024-05-27,NEG,not ironic,
22929178,36800,36800,1795149653933011408,2024-05-27,POS,not ironic,
22929179,36801,36801,1795149653878468888,2024-05-27,NEG,not ironic,
22929180,36802,36802,1795149652502687846,2024-05-27,NEU,not ironic,
22929181,36803,36803,1795149651462504693,2024-05-27,POS,ironic,
22929182,36804,36804,1795149651311505908,2024-05-27,NEG,not ironic,
22929183,36805,36805,1795149650762084471,2024-05-27,NEG,ironic,
22929184,36806,36806,1795149650741084533,2024-05-27,NEU,not ironic,
22929185,36807,36807,1795149648497098879,2024-05-27,NEG,not ironic,
22929186,36808,36808,1795149647645757863,2024-05-27,NEG,ironic,
22929187,36809,36809,1795149647121461496,2024-05-27,NEG,not ironic,
22929188,36810,36810,1795149646781636774,2024-05-27,NEG,not ironic,
22929189,36811,36811,1795149646337134618,2024-05-27,NEU,not ironic,
22929190,36812,36812,1795149645947011578,2024-05-27,NEG,ironic,
22929191,36813,36813,1795149645754114287,2024-05-27,NEG,ironic,
22929192,36814,36814,1795149645443740057,2024-05-27,NEU,not ironic,
22929193,36815,36815,1795149644881637714,2024-05-27,NEG,not ironic,
22929194,36816,36816,1795149644688773306,2024-05-27,NEG,ironic,
22929195,36817,36817,1795149644441235831,2024-05-27,NEU,ironic,
22929196,36818,36818,1795149640708329823,2024-05-27,POS,not ironic,
22929197,36819,36819,1795149640565690616,2024-05-27,NEG,not ironic,
22929198,36820,36820,1795149640507031644,2024-05-27,NEG,not ironic,
22929199,36821,36821,1795149639525564631,2024-05-27,NEG,not ironic,
22929200,36822,36822,1795149639408288235,2024-05-27,NEG,not ironic,
22929201,36823,36823,1795149638514692502,2024-05-27,NEG,not ironic,
22929202,36824,36824,1795149637692575819,2024-05-27,NEG,not ironic,
22929203,36825,36825,1795149637634166822,2024-05-27,NEU,not ironic,
22929204,36826,36826,1795149635649941708,2024-05-27,POS,not ironic,
22929205,36827,36827,1795149634601455940,2024-05-27,NEG,not ironic,
22929206,36828,36828,1795149632294584742,2024-05-27,NEG,not ironic,
22929207,36829,36829,1795149631657005188,2024-05-27,NEG,ironic,
22929208,36830,36830,1795149631363404243,2024-05-27,NEU,not ironic,
22929209,36831,36831,1795149628314099955,2024-05-27,POS,not ironic,
22929210,36832,36832,1795149627945103388,2024-05-27,NEG,not ironic,
22929211,36833,36833,1795149627852833093,2024-05-27,NEG,not ironic,
22929212,36834,36834,1795149627550818324,2024-05-27,NEU,not ironic,
22929213,36835,36835,1795149626913456336,2024-05-27,NEU,ironic,
22929214,36836,36836,1795149624933593299,2024-05-27,POS,not ironic,
22929215,36837,36837,1795149624639992249,2024-05-27,NEU,not ironic,
22929216,36838,36838,1795149623645835399,2024-05-27,POS,ironic,
22929217,36839,36839,1795149623398408533,2024-05-27,NEU,not ironic,
22929218,36840,36840,1795149623209885779,2024-05-27,NEU,not ironic,
22929219,36841,36841,1795149622937002295,2024-05-27,POS,ironic,
22929220,36842,36842,1795149621993296376,2024-05-27,NEG,not ironic,
22929221,36843,36843,1795149621485793686,2024-05-27,NEG,not ironic,
22929222,36844,36844,1795149620453974519,2024-05-27,NEG,not ironic,
22929223,36845,36845,1795149619917193301,2024-05-27,NEG,not ironic,
22929224,36846,36846,1795149619216752678,2024-05-27,NEU,not ironic,
22929225,36847,36847,1795149618688238045,2024-05-27,NEG,not ironic,
22929226,36848,36848,1795149618461761879,2024-05-27,NEU,not ironic,
22929227,36849,36849,1795149618222694542,2024-05-27,NEU,not ironic,
22929228,36850,36850,1795149617371193801,2024-05-27,NEG,ironic,
22929229,36851,36851,1795149615425073385,2024-05-27,NEU,ironic,
22929230,36852,36852,1795149615089561658,2024-05-27,POS,not ironic,
22929231,36853,36853,1795149614397448250,2024-05-27,NEG,ironic,
22929232,36854,36854,1795149614246412582,2024-05-27,POS,ironic,
22929233,36855,36855,1795149613260750875,2024-05-27,NEU,not ironic,
22929234,36856,36856,1795149612807807276,2024-05-27,NEU,not ironic,
22929235,36857,36857,1795149612132532322,2024-05-27,NEG,not ironic,
22929236,36858,36858,1795149612036006041,2024-05-27,NEU,ironic,
22929237,36859,36859,1795149611813704068,2024-05-27,NEG,ironic,
22929238,36860,36860,1795149610521899340,2024-05-27,NEG,not ironic,
22929239,36861,36861,1795149609662087619,2024-05-27,NEU,not ironic,
22929240,36862,36862,1795149609473356187,2024-05-27,NEG,ironic,
22929241,36863,36863,1795149609410662537,2024-05-27,NEG,not ironic,
22929242,36864,36864,1795149609381089407,2024-05-27,NEU,ironic,
22929243,36865,36865,1795149607380365314,2024-05-27,NEU,not ironic,
22929244,36866,36866,1795149607237730635,2024-05-27,NEG,not ironic,
22929245,36867,36867,1795149605602009250,2024-05-27,NEG,ironic,
22929246,36868,36868,1795149602955436497,2024-05-27,NEG,not ironic,
22929247,36869,36869,1795149602603045026,2024-05-27,NEU,not ironic,
22929248,36870,36870,1795149602288541929,2024-05-27,NEG,not ironic,
22929249,36871,36871,1795149601894195645,2024-05-27,NEG,ironic,
22929250,36872,36872,1795149599390232902,2024-05-27,NEU,not ironic,
22929251,36873,36873,1795149597301506112,2024-05-27,NEG,not ironic,
22929252,36874,36874,1795149595984478393,2024-05-27,NEG,not ironic,
22929253,36875,36875,1795149595921518908,2024-05-27,NEU,ironic,
22929254,36876,36876,1795149595669881113,2024-05-27,NEG,ironic,
22929255,36877,36877,1795149594784866577,2024-05-27,NEG,ironic,
22929256,36878,36878,1795149591123271727,2024-05-27,POS,not ironic,
22929257,36879,36879,1795149591072981005,2024-05-27,NEU,not ironic,
22929258,36880,36880,1795149590552817890,2024-05-27,NEG,not ironic,
22929259,36881,36881,1795149590422823010,2024-05-27,NEU,not ironic,
22929260,36882,36882,1795149587008630948,2024-05-27,NEG,ironic,
22929261,36883,36883,1795149586585051223,2024-05-27,NEG,ironic,
22929262,36884,36884,1795149586043953464,2024-05-27,NEU,not ironic,
22929263,36885,36885,1795149585934860720,2024-05-27,NEU,not ironic,
22929264,36886,36886,1795149585658122407,2024-05-27,NEG,not ironic,
22929265,36887,36887,1795149585096085985,2024-05-27,POS,ironic,
22929266,36888,36888,1795149584924041521,2024-05-27,POS,not ironic,
22929267,36889,36889,1795149583724515601,2024-05-27,NEU,ironic,
22929268,36890,36890,1795149582948593951,2024-05-27,NEG,ironic,
22929269,36891,36891,1795149582508151163,2024-05-27,NEG,not ironic,
22929270,36892,36892,1795149582420054238,2024-05-27,NEG,not ironic,
22929271,36893,36893,1795149581614801339,2024-05-27,NEU,not ironic,
22929272,36894,36894,1795149581447200927,2024-05-27,NEG,not ironic,
22929273,36895,36895,1795149579710570919,2024-05-27,NEG,ironic,
22929274,36896,36896,1795149579614048705,2024-05-27,NEG,not ironic,
22929275,36897,36897,1795149576728388038,2024-05-27,NEG,not ironic,
22929276,36898,36898,1795149570185285944,2024-05-27,POS,ironic,
22929277,36899,36899,1795149569170215031,2024-05-27,NEG,ironic,
22929278,36900,36900,1795149568402735151,2024-05-27,NEG,not ironic,
22929279,36901,36901,1795149566414602641,2024-05-27,NEG,not ironic,
22929280,36902,36902,1795149565424718312,2024-05-27,NEG,ironic,
22929281,36903,36903,1795149561830199603,2024-05-27,NEG,ironic,
22929282,36904,36904,1795149558923575710,2024-05-27,NEG,ironic,
22929283,36905,36905,1795149557606527281,2024-05-27,NEG,not ironic,
22929284,36906,36906,1795149557145231679,2024-05-27,POS,ironic,
22929285,36907,36907,1795149556776051176,2024-05-27,NEG,not ironic,
22929286,36908,36908,1795149556201468167,2024-05-27,NEG,ironic,
22929287,36909,36909,1795149555966804458,2024-05-27,NEG,not ironic,
22929288,36910,36910,1795149554955776132,2024-05-27,NEG,not ironic,
22929289,36911,36911,1795149554368631063,2024-05-27,NEG,not ironic,
22929290,36912,36912,1795149554242781490,2024-05-27,POS,ironic,
22929291,36913,36913,1795149553902969223,2024-05-27,NEU,ironic,
22929292,36914,36914,1795149552489824429,2024-05-27,NEG,ironic,
22929293,36915,36915,1795149551612952760,2024-05-27,NEG,not ironic,
22929294,36916,36916,1795149550723776580,2024-05-27,POS,not ironic,
22929295,36917,36917,1795149549477990874,2024-05-27,NEG,not ironic,
22929296,36918,36918,1795149549054410798,2024-05-27,NEG,not ironic,
22929297,36919,36919,1795149548878246233,2024-05-27,NEG,ironic,
22929298,36920,36920,1795149548693639613,2024-05-27,NEG,not ironic,
22929299,36921,36921,1795149548211343743,2024-05-27,NEG,not ironic,
22929300,36922,36922,1795149547078836236,2024-05-27,NEG,not ironic,
22929301,36923,36923,1795149546202227075,2024-05-27,NEG,ironic,
22929302,36924,36924,1795149544750993753,2024-05-27,NEU,ironic,
22929303,36925,36925,1795149544616853555,2024-05-27,POS,ironic,
22929304,36926,36926,1795149544184758758,2024-05-27,NEG,not ironic,
22929305,36927,36927,1795149544084156747,2024-05-27,NEU,not ironic,
22929306,36928,36928,1795149543572439540,2024-05-27,POS,not ironic,
22929307,36929,36929,1795149542943297657,2024-05-27,NEG,not ironic,
22929308,36930,36930,1795149541366198515,2024-05-27,NEU,ironic,
22929309,36931,36931,1795149540988735734,2024-05-27,NEG,not ironic,
22929310,36932,36932,1795149539730432366,2024-05-27,NEG,not ironic,
22929311,36933,36933,1795149538610569254,2024-05-27,NEG,ironic,
22929312,36934,36934,1795149536559591928,2024-05-27,NEU,ironic,
22929313,36935,36935,1795149536354042155,2024-05-27,NEG,ironic,
22929314,36936,36936,1795149536144363944,2024-05-27,NEG,not ironic,
22929315,36937,36937,1795149534059704592,2024-05-27,NEG,not ironic,
22929316,36938,36938,1795149533787177233,2024-05-27,NEG,ironic,
22929317,36939,36939,1795149531622854792,2024-05-27,NEG,not ironic,
22929318,36940,36940,1795149530519752728,2024-05-27,NEG,ironic,
22929319,36941,36941,1795149529634738614,2024-05-27,NEU,not ironic,
22929320,36942,36942,1795149529475371481,2024-05-27,NEG,ironic,
22929321,36943,36943,1795149529349599556,2024-05-27,NEU,not ironic,
22929322,36944,36944,1795149528724627545,2024-05-27,NEG,not ironic,
22929323,36945,36945,1795149527495692433,2024-05-27,NEG,ironic,
22929324,36946,36946,1795149526610702609,2024-05-27,NEG,not ironic,
22929325,36947,36947,1795149525973090586,2024-05-27,NEG,not ironic,
22929326,36948,36948,1795149521984401592,2024-05-27,NEU,not ironic,
22929327,36949,36949,1795149518578614761,2024-05-27,NEG,not ironic,
22929328,36950,36950,1795149516275912890,2024-05-27,NEU,ironic,
22929329,36951,36951,1795149516254904796,2024-05-27,NEG,not ironic,
22929330,36952,36952,1795149516120740281,2024-05-27,NEG,ironic,
22929331,36953,36953,1795149516057755919,2024-05-27,NEU,not ironic,
22929332,36954,36954,1795149515059495044,2024-05-27,NEG,not ironic,
22929333,36955,36955,1795149514367553672,2024-05-27,NEG,ironic,
22929334,36956,36956,1795149512341639529,2024-05-27,NEG,ironic,
22929335,36957,36957,1795149511712469151,2024-05-27,NEG,not ironic,
22929336,36958,36958,1795149511561707852,2024-05-27,NEU,not ironic,
22929337,36959,36959,1795149511351824882,2024-05-27,NEG,ironic,
22929338,36960,36960,1795149509577613493,2024-05-27,NEG,not ironic,
22929339,36961,36961,1795149508457718021,2024-05-27,NEG,not ironic,
22929340,36962,36962,1795149506956148909,2024-05-27,NEG,ironic,
22929341,36963,36963,1795149506490601605,2024-05-27,NEU,ironic,
22929342,36964,36964,1795149506289311834,2024-05-27,NEG,ironic,
22929343,36965,36965,1795149505798561821,2024-05-27,NEG,not ironic,
22929344,36966,36966,1795149505416876078,2024-05-27,NEG,ironic,
22929345,36967,36967,1795149505311952954,2024-05-27,NEG,not ironic,
22929346,36968,36968,1795149504070484079,2024-05-27,NEU,not ironic,
22929347,36969,36969,1795149503776928003,2024-05-27,NEG,not ironic,
22929348,36970,36970,1795149501981675722,2024-05-27,NEG,ironic,
22929349,36971,36971,1795149501675479346,2024-05-27,NEG,not ironic,
22929350,36972,36972,1795149501277024693,2024-05-27,NEG,not ironic,
22929351,36973,36973,1795149500098416927,2024-05-27,NEG,ironic,
22929352,36974,36974,1795149499809022443,2024-05-27,NEG,not ironic,
22929353,36975,36975,1795149499251245316,2024-05-27,NEG,not ironic,
22929354,36976,36976,1795149498588479787,2024-05-27,NEG,not ironic,
22929355,36977,36977,1795149497938460911,2024-05-27,NEG,not ironic,
22929356,36978,36978,1795149497661628602,2024-05-27,NEU,not ironic,
22929357,36979,36979,1795149497133322452,2024-05-27,NEG,not ironic,
22929358,36980,36980,1795149497061798065,2024-05-27,NEG,not ironic,
22929359,36981,36981,1795149496675877066,2024-05-27,NEG,ironic,
22929360,36982,36982,1795149496520716398,2024-05-27,NEG,not ironic,
22929361,36983,36983,1795149496126484665,2024-05-27,NEU,not ironic,
22929362,36984,36984,1795149495581204944,2024-05-27,NEG,not ironic,
22929363,36985,36985,1795149494448763375,2024-05-27,NEU,not ironic,
22929364,36986,36986,1795149491449876554,2024-05-27,NEG,ironic,
22929365,36987,36987,1795149490644488561,2024-05-27,NEG,not ironic,
22929366,36988,36988,1795149490107617410,2024-05-27,NEU,not ironic,
22929367,36989,36989,1795149489285607557,2024-05-27,NEU,not ironic,
22929368,36990,36990,1795149489210016087,2024-05-27,NEU,not ironic,
22929369,36991,36991,1795149488916431069,2024-05-27,NEG,ironic,
22929370,36992,36992,1795149488606138822,2024-05-27,NEG,ironic,
22929371,36993,36993,1795149488144732319,2024-05-27,NEG,not ironic,
22929372,36994,36994,1795149486991261891,2024-05-27,NEG,ironic,
22929373,36995,36995,1795149485984608443,2024-05-27,NEG,not ironic,
22929374,36996,36996,1795149483254169649,2024-05-27,NEG,not ironic,
22929375,36997,36997,1795149482834661676,2024-05-27,NEU,not ironic,
22929376,36998,36998,1795149482058788921,2024-05-27,NEG,ironic,
22929377,36999,36999,1795149480611754039,2024-05-27,POS,not ironic,
22929378,37000,37000,1795149478971965957,2024-05-27,NEU,not ironic,
22929379,37001,37001,1795149478959178058,2024-05-27,NEG,not ironic,
22929380,37002,37002,1795149476115488877,2024-05-27,NEU,not ironic,
22929381,37003,37003,1795149475662762075,2024-05-27,NEG,not ironic,
22929382,37004,37004,1795149475461186041,2024-05-27,NEG,ironic,
22929383,37005,37005,1795149474941034991,2024-05-27,POS,ironic,
22929384,37006,37006,1795149474353877027,2024-05-27,POS,not ironic,
22929385,37007,37007,1795149474311909503,2024-05-27,NEU,not ironic,
22929386,37008,37008,1795149471136755811,2024-05-27,NEG,not ironic,
22929387,37009,37009,1795149471048712241,2024-05-27,NEG,ironic,
22929388,37010,37010,1795149469853372801,2024-05-27,NEU,ironic,
22929389,37011,37011,1795149468741878124,2024-05-27,NEU,not ironic,
22929390,37012,37012,1795149468628812126,2024-05-27,NEU,ironic,
22929391,37013,37013,1795149468599451892,2024-05-27,NEG,ironic,
22929392,37014,37014,1795149468272296193,2024-05-27,NEU,not ironic,
22929393,37015,37015,1795149468104315387,2024-05-27,NEG,not ironic,
22929394,37016,37016,1795149467760394581,2024-05-27,NEG,ironic,
22929395,37017,37017,1795149467248668902,2024-05-27,NEU,not ironic,
22929396,37018,37018,1795149466615390378,2024-05-27,NEG,ironic,
22929397,37019,37019,1795149465847828737,2024-05-27,NEU,not ironic,
22929398,37020,37020,1795149465751281743,2024-05-27,NEG,ironic,
22929399,37021,37021,1795149464002494549,2024-05-27,NEG,not ironic,
22929400,37022,37022,1795149463784390848,2024-05-27,NEU,not ironic,
22929401,37023,37023,1795149462991511805,2024-05-27,NEU,ironic,
22929402,37024,37024,1795149461817000002,2024-05-27,NEG,not ironic,
22929403,37025,37025,1795149461523493254,2024-05-27,POS,not ironic,
22929404,37026,37026,1795149461087232114,2024-05-27,NEG,ironic,
22929405,37027,37027,1795149460709773739,2024-05-27,NEU,not ironic,
22929406,37028,37028,1795149460575560115,2024-05-27,POS,ironic,
22929407,37029,37029,1795149458893602827,2024-05-27,POS,ironic,
22929408,37030,37030,1795149457794683351,2024-05-27,POS,ironic,
22929409,37031,37031,1795149456364458310,2024-05-27,NEG,not ironic,
22929410,37032,37032,1795149455211057153,2024-05-27,NEG,ironic,
22929411,37033,37033,1795149454388900165,2024-05-27,NEG,not ironic,
22929412,37034,37034,1795149454233805021,2024-05-27,NEG,not ironic,
22929413,37035,37035,1795149453604642969,2024-05-27,NEG,ironic,
22929414,37036,37036,1795149452803547551,2024-05-27,NEG,not ironic,
22929415,37037,37037,1795149450551189810,2024-05-27,NEU,ironic,
22929416,37038,37038,1795149449829744735,2024-05-27,NEU,ironic,
22929417,37039,37039,1795149448793764145,2024-05-27,NEU,ironic,
22929418,37040,37040,1795149448508481973,2024-05-27,NEU,ironic,
22929419,37041,37041,1795149447871021150,2024-05-27,NEG,not ironic,
22929420,37042,37042,1795149447845839184,2024-05-27,NEG,not ironic,
22929421,37043,37043,1795149447308951993,2024-05-27,NEU,not ironic,
22929422,37044,37044,1795149446381998373,2024-05-27,NEG,not ironic,
22929423,37045,37045,1795149445668991127,2024-05-27,NEG,not ironic,
22929424,37046,37046,1795149444775547285,2024-05-27,NEG,not ironic,
22929425,37047,37047,1795149444494622789,2024-05-27,NEG,not ironic,
22929426,37048,37048,1795149444356178212,2024-05-27,NEG,not ironic,
22929427,37049,37049,1795149443970306544,2024-05-27,NEU,not ironic,
22929428,37050,37050,1795149442904891719,2024-05-27,NEG,not ironic,
22929429,37051,37051,1795149442883932580,2024-05-27,NEG,ironic,
22929430,37052,37052,1795149442024194387,2024-05-27,NEU,not ironic,
22929431,37053,37053,1795149441973866526,2024-05-27,NEU,not ironic,
22929432,37054,37054,1795149441197920495,2024-05-27,NEG,not ironic,
22929433,37055,37055,1795149440740635055,2024-05-27,NEG,not ironic,
22929434,37056,37056,1795149440119882108,2024-05-27,POS,not ironic,
22929435,37057,37057,1795149439755051032,2024-05-27,NEG,not ironic,
22929436,37058,37058,1795149439289426009,2024-05-27,NEG,not ironic,
22929437,37059,37059,1795149438140203421,2024-05-27,NEG,ironic,
22929438,37060,37060,1795149437846553045,2024-05-27,NEG,not ironic,
22929439,37061,37061,1795149437649527287,2024-05-27,POS,ironic,
22929440,37062,37062,1795149435934020042,2024-05-27,NEG,ironic,
22929441,37063,37063,1795149433526436229,2024-05-27,NEG,not ironic,
22929442,37064,37064,1795149433165971873,2024-05-27,NEG,not ironic,
22929443,37065,37065,1795149432125612328,2024-05-27,NEG,ironic,
22929444,37066,37066,1795149430678749300,2024-05-27,NEG,ironic,
22929445,37067,37067,1795149430426829044,2024-05-27,NEU,ironic,
22929446,37068,37068,1795149430015795226,2024-05-27,NEG,ironic,
22929447,37069,37069,1795149427746672823,2024-05-27,NEU,not ironic,
22929448,37070,37070,1795149427587391925,2024-05-27,NEG,ironic,
22929449,37071,37071,1795149427478286597,2024-05-27,NEU,not ironic,
22929450,37072,37072,1795149426870161458,2024-05-27,NEU,not ironic,
22929451,37073,37073,1795149426790383633,2024-05-27,NEU,ironic,
22929452,37074,37074,1795149426102608087,2024-05-27,NEG,not ironic,
22929453,37075,37075,1795149424978509901,2024-05-27,NEG,not ironic,
22929454,37076,37076,1795149424940740686,2024-05-27,NEG,ironic,
22929455,37077,37077,1795149422361301363,2024-05-27,NEG,ironic,
22929456,37078,37078,1795149421794992297,2024-05-27,NEU,ironic,
22929457,37079,37079,1795149421228748800,2024-05-27,NEG,not ironic,
22929458,37080,37080,1795149419504943115,2024-05-27,NEU,not ironic,
22929459,37081,37081,1795149418682851617,2024-05-27,NEG,ironic,
22929460,37082,37082,1795149417151926293,2024-05-27,NEG,not ironic,
22929461,37083,37083,1795149416858312764,2024-05-27,NEU,not ironic,
22929462,37084,37084,1795149416589824213,2024-05-27,POS,ironic,
22929463,37085,37085,1795149416510165370,2024-05-27,POS,not ironic,
22929464,37086,37086,1795149416162050548,2024-05-27,POS,ironic,
22929465,37087,37087,1795149415537086827,2024-05-27,NEU,not ironic,
22929466,37088,37088,1795149415251898478,2024-05-27,NEU,ironic,
22929467,37089,37089,1795149415063199977,2024-05-27,NEU,ironic,
22929468,37090,37090,1795149413356273689,2024-05-27,NEG,ironic,
22929469,37091,37091,1795149412743704655,2024-05-27,NEU,not ironic,
22929470,37092,37092,1795149410654925299,2024-05-27,NEG,ironic,
22929471,37093,37093,1795149410348736877,2024-05-27,NEG,ironic,
22929472,37094,37094,1795149410336227353,2024-05-27,NEG,not ironic,
22929473,37095,37095,1795149410055135323,2024-05-27,NEG,ironic,
22929474,37096,37096,1795149409711255752,2024-05-27,POS,not ironic,
22929475,37097,37097,1795149409635700750,2024-05-27,NEU,not ironic,
22929476,37098,37098,1795149408876581224,2024-05-27,NEU,ironic,
22929477,37099,37099,1795149408419377553,2024-05-27,NEG,ironic,
22929478,37100,37100,1795149408339706039,2024-05-27,NEG,not ironic,
22929479,37101,37101,1795149407710539822,2024-05-27,NEG,not ironic,
22929480,37102,37102,1795149407379128414,2024-05-27,NEG,not ironic,
22929481,37103,37103,1795149406649401736,2024-05-27,NEG,ironic,
22929482,37104,37104,1795149406078939369,2024-05-27,NEG,not ironic,
22929483,37105,37105,1795149405022048392,2024-05-27,NEG,ironic,
22929484,37106,37106,1795149404975886401,2024-05-27,NEU,not ironic,
22929485,37107,37107,1795149403663044871,2024-05-27,NEG,not ironic,
22929486,37108,37108,1795149401003856315,2024-05-27,NEG,not ironic,
22929487,37109,37109,1795149399271616760,2024-05-27,NEG,ironic,
22929488,37110,37110,1795149398839574694,2024-05-27,NEG,not ironic,
22929489,37111,37111,1795149398793404697,2024-05-27,NEU,not ironic,
22929490,37112,37112,1795149397979766972,2024-05-27,NEG,not ironic,
22929491,37113,37113,1795149397531005089,2024-05-27,NEU,not ironic,
22929492,37114,37114,1795149394137714765,2024-05-27,NEG,not ironic,
22929493,37115,37115,1795149394117038515,2024-05-27,NEG,ironic,
22929494,37116,37116,1795149392380358997,2024-05-27,POS,not ironic,
22929495,37117,37117,1795149389414941099,2024-05-27,NEG,ironic,
22929496,37118,37118,1795149389264028114,2024-05-27,NEU,ironic,
22929497,37119,37119,1795149388341207309,2024-05-27,NEU,not ironic,
22929498,37120,37120,1795149388278378669,2024-05-27,NEU,not ironic,
22929499,37121,37121,1795149388056015321,2024-05-27,NEG,ironic,
22929500,37122,37122,1795149387162669277,2024-05-27,NEU,not ironic,
22929501,37123,37123,1795149387104125036,2024-05-27,NEG,ironic,
22929502,37124,37124,1795149386646802933,2024-05-27,NEG,ironic,
22929503,37125,37125,1795149386600652818,2024-05-27,NEG,not ironic,
22929504,37126,37126,1795149385086402811,2024-05-27,NEG,ironic,
22929505,37127,37127,1795149384616759621,2024-05-27,NEU,ironic,
22929506,37128,37128,1795149384276906393,2024-05-27,NEU,not ironic,
22929507,37129,37129,1795149383702544555,2024-05-27,NEU,ironic,
22929508,37130,37130,1795149383433949420,2024-05-27,POS,not ironic,
22929509,37131,37131,1795149382737604655,2024-05-27,NEU,not ironic,
22929510,37132,37132,1795149380250390862,2024-05-27,NEU,not ironic,
22929511,37133,37133,1795149378937647504,2024-05-27,NEG,not ironic,
22929512,37134,37134,1795149377066905801,2024-05-27,NEU,ironic,
22929513,37135,37135,1795149376777499088,2024-05-27,NEU,ironic,
22929514,37136,37136,1795149376303538538,2024-05-27,NEU,not ironic,
22929515,37137,37137,1795149376223953234,2024-05-27,NEU,not ironic,
22929516,37138,37138,1795149373204029808,2024-05-27,NEG,not ironic,
22929517,37139,37139,1795149371564032249,2024-05-27,NEU,not ironic,
22929518,37140,37140,1795149369601044798,2024-05-27,NEG,ironic,
22929519,37141,37141,1795149368871321897,2024-05-27,NEG,ironic,
22929520,37142,37142,1795149368430846121,2024-05-27,NEU,ironic,
22929521,37143,37143,1795149367550079130,2024-05-27,NEG,not ironic,
22929522,37144,37144,1795149364924420117,2024-05-27,NEG,not ironic,
22929523,37145,37145,1795149364882448742,2024-05-27,NEG,not ironic,
22929524,37146,37146,1795149364563685700,2024-05-27,POS,ironic,
22929525,37147,37147,1795149363854913912,2024-05-27,POS,not ironic,
22929526,37148,37148,1795149363653627961,2024-05-27,NEU,not ironic,
22929527,37149,37149,1795149360994370042,2024-05-27,NEG,not ironic,
22929528,37150,37150,1795149360717615536,2024-05-27,NEG,ironic,
22929529,37151,37151,1795149360285491481,2024-05-27,NEG,not ironic,
22929530,37152,37152,1795149357659914489,2024-05-27,NEG,not ironic,
22929531,37153,37153,1795149354753290298,2024-05-27,NEU,not ironic,
22929532,37154,37154,1795149354585436593,2024-05-27,NEU,not ironic,
22929533,37155,37155,1795149354136698974,2024-05-27,NEU,ironic,
22929534,37156,37156,1795149353511755807,2024-05-27,NEG,not ironic,
22929535,37157,37157,1795149352228315566,2024-05-27,NEG,ironic,
22929536,37158,37158,1795149351120978067,2024-05-27,POS,not ironic,
22929537,37159,37159,1795149350563152311,2024-05-27,NEG,ironic,
22929538,37160,37160,1795149350504481061,2024-05-27,NEU,not ironic,
22929539,37161,37161,1795149350198296953,2024-05-27,NEG,not ironic,
22929540,37162,37162,1795149350047240635,2024-05-27,NEU,not ironic,
22929541,37163,37163,1795149347954323822,2024-05-27,NEG,not ironic,
22929542,37164,37164,1795149347849457730,2024-05-27,NEG,ironic,
22929543,37165,37165,1795149347262177656,2024-05-27,NEU,not ironic,
22929544,37166,37166,1795149345462862114,2024-05-27,NEU,ironic,
22929545,37167,37167,1795149343155970492,2024-05-27,NEU,not ironic,
22929546,37168,37168,1795149341281198253,2024-05-27,NEG,ironic,
22929547,37169,37169,1795149340962418924,2024-05-27,NEG,ironic,
22929548,37170,37170,1795149338697441309,2024-05-27,NEG,not ironic,
22929549,37171,37171,1795149336818426359,2024-05-27,NEU,not ironic,
22929550,37172,37172,1795149336415727764,2024-05-27,NEG,ironic,
22929551,37173,37173,1795149335404957720,2024-05-27,NEG,not ironic,
22929552,37174,37174,1795149335333621846,2024-05-27,POS,not ironic,
22929553,37175,37175,1795149334217929163,2024-05-27,NEG,ironic,
22929554,37176,37176,1795149332963832182,2024-05-27,NEG,ironic,
22929555,37177,37177,1795149332938711396,2024-05-27,POS,not ironic,
22929556,37178,37178,1795149332875760119,2024-05-27,POS,not ironic,
22929557,37179,37179,1795149331273519126,2024-05-27,NEU,ironic,
22929558,37180,37180,1795149331000905836,2024-05-27,NEG,not ironic,
22929559,37181,37181,1795149329776185648,2024-05-27,NEU,not ironic,
22929560,37182,37182,1795149329599983893,2024-05-27,NEU,ironic,
22929561,37183,37183,1795149329302237310,2024-05-27,NEU,not ironic,
22929562,37184,37184,1795149329210167796,2024-05-27,NEG,not ironic,
22929563,37185,37185,1795149328882827761,2024-05-27,NEG,not ironic,
22929564,37186,37186,1795149328622723085,2024-05-27,NEG,ironic,
22929565,37187,37187,1795149328085872787,2024-05-27,NEG,not ironic,
22929566,37188,37188,1795149327934890383,2024-05-27,NEU,ironic,
22929567,37189,37189,1795149327242842394,2024-05-27,NEG,ironic,
22929568,37190,37190,1795149326944993427,2024-05-27,NEG,not ironic,
22929569,37191,37191,1795149325464473791,2024-05-27,NEG,ironic,
22929570,37192,37192,1795149325065994525,2024-05-27,NEG,ironic,
22929571,37193,37193,1795149324675960899,2024-05-27,NEU,not ironic,
22929572,37194,37194,1795149323040165975,2024-05-27,NEG,not ironic,
22929573,37195,37195,1795149322914308188,2024-05-27,NEG,ironic,
22929574,37196,37196,1795149322339659842,2024-05-27,NEU,not ironic,
22929575,37197,37197,1795149321559556373,2024-05-27,NEU,ironic,
22929576,37198,37198,1795149320909410728,2024-05-27,NEG,not ironic,
22929577,37199,37199,1795149320376787226,2024-05-27,NEG,not ironic,
22929578,37200,37200,1795149320250859579,2024-05-27,NEG,not ironic,
22929579,37201,37201,1795149320016048623,2024-05-27,POS,not ironic,
22929580,37202,37202,1795149318661324953,2024-05-27,NEU,ironic,
22929581,37203,37203,1795149318548037879,2024-05-27,POS,not ironic,
22929582,37204,37204,1795149316421546469,2024-05-27,NEG,not ironic,
22929583,37205,37205,1795149314743730230,2024-05-27,NEU,not ironic,
22929584,37206,37206,1795149313024143414,2024-05-27,NEU,not ironic,
22929585,37207,37207,1795149311866548398,2024-05-27,NEG,ironic,
22929586,37208,37208,1795149311262568742,2024-05-27,POS,not ironic,
22929587,37209,37209,1795149310901756120,2024-05-27,NEU,not ironic,
22929588,37210,37210,1795149308502642834,2024-05-27,NEU,ironic,
22929589,37211,37211,1795149307969978841,2024-05-27,NEG,ironic,
22929590,37212,37212,1795149307449942107,2024-05-27,NEG,ironic,
22929591,37213,37213,1795149307412136194,2024-05-27,NEG,not ironic,
22929592,37214,37214,1795149306502017354,2024-05-27,NEG,not ironic,
22929593,37215,37215,1795149306434867682,2024-05-27,NEG,ironic,
22929594,37216,37216,1795149305486967127,2024-05-27,NEU,not ironic,
22929595,37217,37217,1795149304509661683,2024-05-27,NEG,not ironic,
22929596,37218,37218,1795149303041679672,2024-05-27,POS,not ironic,
22929597,37219,37219,1795149302962041007,2024-05-27,NEG,not ironic,
22929598,37220,37220,1795149301884023199,2024-05-27,NEU,not ironic,
22929599,37221,37221,1795149298704732248,2024-05-27,NEG,not ironic,
22929600,37222,37222,1795149298004549861,2024-05-27,NEG,not ironic,
22929601,37223,37223,1795149295512895886,2024-05-27,NEG,not ironic,
22929602,37224,37224,1795149295152136559,2024-05-27,NEU,not ironic,
22929603,37225,37225,1795149294128779464,2024-05-27,NEG,ironic,
22929604,37226,37226,1795149294112006164,2024-05-27,NEG,ironic,
22929605,37227,37227,1795149292153213114,2024-05-27,NEG,ironic,
22929606,37228,37228,1795149291675320768,2024-05-27,NEG,not ironic,
22929607,37229,37229,1795149290341384248,2024-05-27,NEU,ironic,
22929608,37230,37230,1795149290031153188,2024-05-27,NEG,ironic,
22929609,37231,37231,1795149289460727884,2024-05-27,POS,ironic,
22929610,37232,37232,1795149287971529105,2024-05-27,NEU,not ironic,
22929611,37233,37233,1795149287891890479,2024-05-27,NEG,ironic,
22929612,37234,37234,1795149286977454341,2024-05-27,NEG,ironic,
22929613,37235,37235,1795149285526245611,2024-05-27,POS,not ironic,
22929614,37236,37236,1795149285484527803,2024-05-27,NEG,not ironic,
22929615,37237,37237,1795149284750369192,2024-05-27,NEG,not ironic,
22929616,37238,37238,1795149284620280056,2024-05-27,NEG,not ironic,
22929617,37239,37239,1795149284616106221,2024-05-27,NEU,not ironic,
22929618,37240,37240,1795149283517194685,2024-05-27,NEU,ironic,
22929619,37241,37241,1795149283269935219,2024-05-27,NEG,not ironic,
22929620,37242,37242,1795149283202576699,2024-05-27,NEU,not ironic,
22929621,37243,37243,1795149283135717397,2024-05-27,NEG,ironic,
22929622,37244,37244,1795149282909032505,2024-05-27,POS,ironic,
22929623,37245,37245,1795149282531487797,2024-05-27,POS,not ironic,
22929624,37246,37246,1795149282229555527,2024-05-27,NEU,not ironic,
22929625,37247,37247,1795149279197008278,2024-05-27,NEG,ironic,
22929626,37248,37248,1795149279075393684,2024-05-27,NEG,not ironic,
22929627,37249,37249,1795149277452181882,2024-05-27,NEG,not ironic,
22929628,37250,37250,1795149276806328716,2024-05-27,NEG,ironic,
22929629,37251,37251,1795149275489321406,2024-05-27,NEU,not ironic,
22929630,37252,37252,1795149274881126562,2024-05-27,POS,not ironic,
22929631,37253,37253,1795149272175845798,2024-05-27,NEG,not ironic,
22929632,37254,37254,1795149272045756923,2024-05-27,NEG,ironic,
22929633,37255,37255,1795149271479558442,2024-05-27,NEU,not ironic,
22929634,37256,37256,1795149270745550895,2024-05-27,NEU,ironic,
22929635,37257,37257,1795149267893403942,2024-05-27,NEG,not ironic,
22929636,37258,37258,1795149266991603868,2024-05-27,NEU,not ironic,
22929637,37259,37259,1795149266937139468,2024-05-27,NEG,ironic,
22929638,37260,37260,1795149265926267173,2024-05-27,NEU,not ironic,
22929639,37261,37261,1795149265121181891,2024-05-27,NEU,not ironic,
22929640,37262,37262,1795149265087439035,2024-05-27,NEG,not ironic,
22929641,37263,37263,1795149264693149976,2024-05-27,NEG,ironic,
22929642,37264,37264,1795149263187423408,2024-05-27,NEG,ironic,
22929643,37265,37265,1795149263069913232,2024-05-27,NEG,ironic,
22929644,37266,37266,1795149262331748474,2024-05-27,POS,not ironic,
22929645,37267,37267,1795149261618762032,2024-05-27,NEU,not ironic,
22929646,37268,37268,1795149261534798323,2024-05-27,NEG,not ironic,
22929647,37269,37269,1795149260700189178,2024-05-27,NEG,ironic,
22929648,37270,37270,1795149260184313942,2024-05-27,NEG,ironic,
22929649,37271,37271,1795149259932828133,2024-05-27,NEU,ironic,
22929650,37272,37272,1795149259492426075,2024-05-27,NEU,not ironic,
22929651,37273,37273,1795149258460369384,2024-05-27,POS,ironic,
22929652,37274,37274,1795149257764188249,2024-05-27,NEG,not ironic,
22929653,37275,37275,1795149256363250173,2024-05-27,NEU,not ironic,
22929654,37276,37276,1795149253041402268,2024-05-27,NEG,ironic,
22929655,37277,37277,1795149252932345989,2024-05-27,NEG,not ironic,
22929656,37278,37278,1795149251946664294,2024-05-27,NEG,not ironic,
22929657,37279,37279,1795149251439218853,2024-05-27,NEG,ironic,
22929658,37280,37280,1795149251124539572,2024-05-27,NEG,not ironic,
22929659,37281,37281,1795149243797180597,2024-05-27,NEU,not ironic,
22929660,37282,37282,1795149241351913556,2024-05-27,NEU,not ironic,
22929661,37283,37283,1795149240508780872,2024-05-27,NEG,ironic,
22929662,37284,37284,1795149240324301309,2024-05-27,NEU,not ironic,
22929663,37285,37285,1795149239376371760,2024-05-27,NEG,ironic,
22929664,37286,37286,1795149239158219074,2024-05-27,NEG,not ironic,
22929665,37287,37287,1795149238042554801,2024-05-27,NEG,ironic,
22929666,37288,37288,1795149236859715653,2024-05-27,NEU,ironic,
22929667,37289,37289,1795149235106570720,2024-05-27,NEG,not ironic,
22929668,37290,37290,1795149234401898995,2024-05-27,NEG,ironic,
22929669,37291,37291,1795149233164587078,2024-05-27,POS,ironic,
22929670,37292,37292,1795149233160585557,2024-05-27,NEG,ironic,
22929671,37293,37293,1795149231340257539,2024-05-27,NEG,not ironic,
22929672,37294,37294,1795149231289716818,2024-05-27,NEU,not ironic,
22929673,37295,37295,1795149226709557635,2024-05-27,NEG,not ironic,
22929674,37296,37296,1795149226374017223,2024-05-27,NEU,not ironic,
22929675,37297,37297,1795149226256597067,2024-05-27,NEG,ironic,
22929676,37298,37298,1795149225514188920,2024-05-27,NEU,not ironic,
22929677,37299,37299,1795149224436174992,2024-05-27,NEG,not ironic,
22929678,37300,37300,1795149223781978618,2024-05-27,NEG,ironic,
22929679,37301,37301,1795149222364209166,2024-05-27,NEG,ironic,
22929680,37302,37302,1795149222121001177,2024-05-27,POS,ironic,
22929681,37303,37303,1795149221470818508,2024-05-27,NEG,not ironic,
22929682,37304,37304,1795149221378548140,2024-05-27,POS,ironic,
22929683,37305,37305,1795149221110100329,2024-05-27,POS,not ironic,
22929684,37306,37306,1795149220615213221,2024-05-27,NEG,ironic,
22929685,37307,37307,1795149220346794179,2024-05-27,NEG,not ironic,
22929686,37308,37308,1795149219285647804,2024-05-27,NEG,ironic,
22929687,37309,37309,1795149217570201745,2024-05-27,NEG,not ironic,
22929688,37310,37310,1795149216940994813,2024-05-27,NEG,not ironic,
22929689,37311,37311,1795149216857174093,2024-05-27,NEG,not ironic,
22929690,37312,37312,1795149216781623473,2024-05-27,NEU,not ironic,
22929691,37313,37313,1795149216773210390,2024-05-27,NEG,not ironic,
22929692,37314,37314,1795149216764870807,2024-05-27,NEG,not ironic,
22929693,37315,37315,1795149216014123475,2024-05-27,NEU,ironic,
22929694,37316,37316,1795149216009826503,2024-05-27,POS,not ironic,
22929695,37317,37317,1795149215984689206,2024-05-27,NEG,not ironic,
22929696,37318,37318,1795149215649128543,2024-05-27,NEG,not ironic,
22929697,37319,37319,1795149215284269336,2024-05-27,NEU,not ironic,
22929698,37320,37320,1795149215087096111,2024-05-27,NEG,ironic,
22929699,37321,37321,1795149214835671456,2024-05-27,NEU,not ironic,
22929700,37322,37322,1795149214214725812,2024-05-27,POS,ironic,
22929701,37323,37323,1795149213728190815,2024-05-27,NEG,not ironic,
22929702,37324,37324,1795149213728137490,2024-05-27,NEG,ironic,
22929703,37325,37325,1795149213287780700,2024-05-27,NEU,not ironic,
22929704,37326,37326,1795149212482441652,2024-05-27,NEG,ironic,
22929705,37327,37327,1795149212239237212,2024-05-27,NEG,not ironic,
22929706,37328,37328,1795149211064746376,2024-05-27,NEG,ironic,
22929707,37329,37329,1795149210595070374,2024-05-27,NEU,not ironic,
22929708,37330,37330,1795149210058207591,2024-05-27,NEG,not ironic,
22929709,37331,37331,1795149208971862319,2024-05-27,NEG,not ironic,
22929710,37332,37332,1795149204270023000,2024-05-27,NEG,ironic,
22929711,37333,37333,1795149203498258877,2024-05-27,POS,not ironic,
22929712,37334,37334,1795149203003379815,2024-05-27,POS,ironic,
22929713,37335,37335,1795149201199734955,2024-05-27,NEU,ironic,
22929714,37336,37336,1795149200490959282,2024-05-27,NEG,not ironic,
22929715,37337,37337,1795149199824093444,2024-05-27,NEU,not ironic,
22929716,37338,37338,1795149199111049322,2024-05-27,NEG,not ironic,
22929717,37339,37339,1795149196913148025,2024-05-27,NEG,ironic,
22929718,37340,37340,1795149194442805713,2024-05-27,NEG,not ironic,
22929719,37341,37341,1795149194220667074,2024-05-27,NEG,not ironic,
22929720,37342,37342,1795149193121604012,2024-05-27,NEG,ironic,
22929721,37343,37343,1795149191477404091,2024-05-27,NEU,not ironic,
22929722,37344,37344,1795149190827307009,2024-05-27,NEG,not ironic,
22929723,37345,37345,1795149190508474373,2024-05-27,NEG,not ironic,
22929724,37346,37346,1795149190445596793,2024-05-27,NEU,not ironic,
22929725,37347,37347,1795149190399422554,2024-05-27,NEG,not ironic,
22929726,37348,37348,1795149189044744659,2024-05-27,NEU,not ironic,
22929727,37349,37349,1795149185664069911,2024-05-27,NEG,not ironic,
22929728,37350,37350,1795149184296698153,2024-05-27,NEG,not ironic,
22929729,37351,37351,1795149183789203831,2024-05-27,NEG,not ironic,
22929730,37352,37352,1795149181117514047,2024-05-27,NEG,ironic,
22929731,37353,37353,1795149180840694171,2024-05-27,NEU,ironic,
22929732,37354,37354,1795149180387708963,2024-05-27,NEG,not ironic,
22929733,37355,37355,1795149180253450492,2024-05-27,NEU,ironic,
22929734,37356,37356,1795149179049984281,2024-05-27,POS,ironic,
22929735,37357,37357,1795149178525401146,2024-05-27,NEG,ironic,
22929736,37358,37358,1795149178428969073,2024-05-27,NEU,ironic,
22929737,37359,37359,1795149177208570238,2024-05-27,NEG,ironic,
22929738,37360,37360,1795149174851186995,2024-05-27,NEG,not ironic,
22929739,37361,37361,1795149174364647717,2024-05-27,NEU,ironic,
22929740,37362,37362,1795149174159065589,2024-05-27,NEG,not ironic,
22929741,37363,37363,1795149173743874174,2024-05-27,NEG,not ironic,
22929742,37364,37364,1795149173659983999,2024-05-27,NEG,not ironic,
22929743,37365,37365,1795149173295116531,2024-05-27,NEU,not ironic,
22929744,37366,37366,1795149172242514014,2024-05-27,NEG,ironic,
22929745,37367,37367,1795149172095492562,2024-05-27,NEG,ironic,
22929746,37368,37368,1795149172040954337,2024-05-27,NEG,not ironic,
22929747,37369,37369,1795149170908512339,2024-05-27,NEG,not ironic,
22929748,37370,37370,1795149170761662835,2024-05-27,NEG,ironic,
22929749,37371,37371,1795149170656915683,2024-05-27,NEG,not ironic,
22929750,37372,37372,1795149169364980057,2024-05-27,NEG,ironic,
22929751,37373,37373,1795149169121751089,2024-05-27,NEU,not ironic,
22929752,37374,37374,1795149168312275234,2024-05-27,NEG,ironic,
22929753,37375,37375,1795149168085774708,2024-05-27,NEG,ironic,
22929754,37376,37376,1795149167855088013,2024-05-27,NEG,ironic,
22929755,37377,37377,1795149167490146365,2024-05-27,NEG,not ironic,
22929756,37378,37378,1795149166819016765,2024-05-27,NEG,not ironic,
22929757,37379,37379,1795149165158334484,2024-05-27,NEG,ironic,
22929758,37380,37380,1795149164499677415,2024-05-27,NEU,ironic,
22929759,37381,37381,1795149161362305213,2024-05-27,NEU,ironic,
22929760,37382,37382,1795149161286832498,2024-05-27,NEG,not ironic,
22929761,37383,37383,1795149160192020754,2024-05-27,NEU,ironic,
22929762,37384,37384,1795149159609041249,2024-05-27,NEU,not ironic,
22929763,37385,37385,1795149157537063316,2024-05-27,NEG,not ironic,
22929764,37386,37386,1795149156299755622,2024-05-27,NEG,not ironic,
22929765,37387,37387,1795149153976119592,2024-05-27,NEU,not ironic,
22929766,37388,37388,1795149153682497789,2024-05-27,NEG,not ironic,
22929767,37389,37389,1795149151635636701,2024-05-27,NEU,not ironic,
22929768,37390,37390,1795149150960435311,2024-05-27,NEU,not ironic,
22929769,37391,37391,1795149150511653169,2024-05-27,NEG,not ironic,
22929770,37392,37392,1795149148552941663,2024-05-27,NEG,not ironic,
22929771,37393,37393,1795149148217377277,2024-05-27,NEG,ironic,
22929772,37394,37394,1795149145876942969,2024-05-27,NEG,not ironic,
22929773,37395,37395,1795149144882885095,2024-05-27,NEG,not ironic,
22929774,37396,37396,1795149143825846734,2024-05-27,NEU,not ironic,
22929775,37397,37397,1795149141842051469,2024-05-27,NEG,ironic,
22929776,37398,37398,1795149140856332429,2024-05-27,NEG,ironic,
22929777,37399,37399,1795149140176904655,2024-05-27,NEG,not ironic,
22929778,37400,37400,1795149139845505189,2024-05-27,NEG,not ironic,
22929779,37401,37401,1795149139434484155,2024-05-27,NEU,not ironic,
22929780,37402,37402,1795149139199525213,2024-05-27,NEU,not ironic,
22929781,37403,37403,1795149139065323710,2024-05-27,NEG,not ironic,
22929782,37404,37404,1795149138243248447,2024-05-27,NEU,ironic,
22929783,37405,37405,1795149138184544652,2024-05-27,NEG,not ironic,
22929784,37406,37406,1795149137815478505,2024-05-27,NEG,ironic,
22929785,37407,37407,1795149137601528107,2024-05-27,POS,ironic,
22929786,37408,37408,1795149136246739051,2024-05-27,NEG,not ironic,
22929787,37409,37409,1795149136007749662,2024-05-27,NEG,ironic,
22929788,37410,37410,1795149135701569981,2024-05-27,NEU,not ironic,
22929789,37411,37411,1795149135596716388,2024-05-27,NEG,ironic,
22929790,37412,37412,1795149135592517850,2024-05-27,NEG,ironic,
22929791,37413,37413,1795149135353393177,2024-05-27,NEG,not ironic,
22929792,37414,37414,1795149135009423554,2024-05-27,NEG,not ironic,
22929793,37415,37415,1795149134371918234,2024-05-27,NEU,not ironic,
22929794,37416,37416,1795149132589342830,2024-05-27,NEG,not ironic,
22929795,37417,37417,1795149131603759424,2024-05-27,NEU,ironic,
22929796,37418,37418,1795149131389751596,2024-05-27,NEG,not ironic,
22929797,37419,37419,1795149131050066413,2024-05-27,NEG,not ironic,
22929798,37420,37420,1795149130223976541,2024-05-27,NEG,not ironic,
22929799,37421,37421,1795149130202796182,2024-05-27,NEU,ironic,
22929800,37422,37422,1795149126478463036,2024-05-27,NEG,not ironic,
22929801,37423,37423,1795149125907865689,2024-05-27,NEG,not ironic,
22929802,37424,37424,1795149123605107013,2024-05-27,NEU,not ironic,
22929803,37425,37425,1795149122728554632,2024-05-27,NEU,not ironic,
22929804,37426,37426,1795149120820191737,2024-05-27,NEG,ironic,
22929805,37427,37427,1795149120568480082,2024-05-27,POS,ironic,
22929806,37428,37428,1795149117846585463,2024-05-27,NEG,not ironic,
22929807,37429,37429,1795149115485016563,2024-05-27,NEG,ironic,
22929808,37430,37430,1795149113924763668,2024-05-27,POS,not ironic,
22929809,37431,37431,1795149113677258800,2024-05-27,NEG,ironic,
22929810,37432,37432,1795149110472810961,2024-05-27,POS,not ironic,
22929811,37433,37433,1795149108115546455,2024-05-27,NEG,not ironic,
22929812,37434,37434,1795149107767476486,2024-05-27,NEU,ironic,
22929813,37435,37435,1795149106685382879,2024-05-27,NEG,not ironic,
22929814,37436,37436,1795149105808728357,2024-05-27,NEG,ironic,
22929815,37437,37437,1795149105015980211,2024-05-27,NEG,ironic,
22929816,37438,37438,1795149103501807806,2024-05-27,NEG,not ironic,
22929817,37439,37439,1795149103455785196,2024-05-27,NEU,ironic,
22929818,37440,37440,1795149101979349006,2024-05-27,NEG,not ironic,
22929819,37441,37441,1795149101945799026,2024-05-27,POS,not ironic,
22929820,37442,37442,1795149099332743634,2024-05-27,NEG,ironic,
22929821,37443,37443,1795149097663402003,2024-05-27,NEG,not ironic,
22929822,37444,37444,1795149097373954454,2024-05-27,NEG,not ironic,
22929823,37445,37445,1795149097214562552,2024-05-27,NEG,not ironic,
22929824,37446,37446,1795149097189429593,2024-05-27,NEG,not ironic,
22929825,37447,37447,1795149096438641111,2024-05-27,NEU,not ironic,
22929826,37448,37448,1795149096371552392,2024-05-27,POS,not ironic,
22929827,37449,37449,1795149095838925229,2024-05-27,NEU,ironic,
22929828,37450,37450,1795149095603962296,2024-05-27,NEG,not ironic,
22929829,37451,37451,1795149094886707384,2024-05-27,NEU,ironic,
22929830,37452,37452,1795149094094041131,2024-05-27,NEG,not ironic,
22929831,37453,37453,1795149092651192423,2024-05-27,NEG,not ironic,
22929832,37454,37454,1795149092500213932,2024-05-27,NEG,not ironic,
22929833,37455,37455,1795149090784756012,2024-05-27,NEU,not ironic,
22929834,37456,37456,1795149088402424107,2024-05-27,NEG,not ironic,
22929835,37457,37457,1795149087827746948,2024-05-27,NEU,not ironic,
22929836,37458,37458,1795149087307669972,2024-05-27,NEU,ironic,
22929837,37459,37459,1795149087248908692,2024-05-27,POS,not ironic,
22929838,37460,37460,1795149084891709524,2024-05-27,NEG,not ironic,
22929839,37461,37461,1795149084589707408,2024-05-27,POS,not ironic,
22929840,37462,37462,1795149084543635938,2024-05-27,NEG,not ironic,
22929841,37463,37463,1795149084308726066,2024-05-27,NEG,ironic,
22929842,37464,37464,1795149083826385345,2024-05-27,NEU,ironic,
22929843,37465,37465,1795149083708977164,2024-05-27,NEG,not ironic,
22929844,37466,37466,1795149082379362522,2024-05-27,NEG,ironic,
22929845,37467,37467,1795149082291253703,2024-05-27,NEG,ironic,
22929846,37468,37468,1795149082173861968,2024-05-27,NEG,not ironic,
22929847,37469,37469,1795149080982667755,2024-05-27,POS,ironic,
22929848,37470,37470,1795149080894574938,2024-05-27,NEG,ironic,
22929849,37471,37471,1795149079523082424,2024-05-27,NEU,not ironic,
22929850,37472,37472,1795149079330029966,2024-05-27,NEG,not ironic,
22929851,37473,37473,1795149079086850057,2024-05-27,NEG,ironic,
22929852,37474,37474,1795149078902280400,2024-05-27,NEG,ironic,
22929853,37475,37475,1795149078591877127,2024-05-27,POS,ironic,
22929854,37476,37476,1795149077945987219,2024-05-27,POS,ironic,
22929855,37477,37477,1795149077526557036,2024-05-27,NEU,not ironic,
22929856,37478,37478,1795149075982979568,2024-05-27,NEG,not ironic,
22929857,37479,37479,1795149075915923708,2024-05-27,NEG,not ironic,
22929858,37480,37480,1795149074447925293,2024-05-27,POS,ironic,
22929859,37481,37481,1795149071235060029,2024-05-27,NEG,not ironic,
22929860,37482,37482,1795149071088259351,2024-05-27,POS,not ironic,
22929861,37483,37483,1795149070996025408,2024-05-27,NEG,not ironic,
22929862,37484,37484,1795149069993525404,2024-05-27,NEU,not ironic,
22929863,37485,37485,1795149068085149733,2024-05-27,NEG,not ironic,
22929864,37486,37486,1795149067078484329,2024-05-27,NEG,ironic,
22929865,37487,37487,1795149066998788208,2024-05-27,NEG,not ironic,
22929866,37488,37488,1795149066688397701,2024-05-27,NEG,not ironic,
22929867,37489,37489,1795149066336338255,2024-05-27,NEG,ironic,
22929868,37490,37490,1795149065937735968,2024-05-27,NEG,not ironic,
22929869,37491,37491,1795149064629100818,2024-05-27,POS,ironic,
22929870,37492,37492,1795149064192803266,2024-05-27,NEG,not ironic,
22929871,37493,37493,1795149063056175588,2024-05-27,NEU,not ironic,
22929872,37494,37494,1795149062515073218,2024-05-27,NEG,ironic,
22929873,37495,37495,1795149062280208651,2024-05-27,NEU,ironic,
22929874,37496,37496,1795149060145299861,2024-05-27,NEG,not ironic,
22929875,37497,37497,1795149059491233868,2024-05-27,NEG,not ironic,
22929876,37498,37498,1795149059461619972,2024-05-27,NEG,not ironic,
22929877,37499,37499,1795149059168109006,2024-05-27,POS,not ironic,
22929878,37500,37500,1795149059096748222,2024-05-27,NEG,not ironic,
22929879,37501,37501,1795149056425050511,2024-05-27,NEG,not ironic,
22929880,37502,37502,1795149056060059979,2024-05-27,NEG,not ironic,
22929881,37503,37503,1795149055372222604,2024-05-27,NEG,ironic,
22929882,37504,37504,1795149054898217232,2024-05-27,NEU,ironic,
22929883,37505,37505,1795149054868906461,2024-05-27,NEU,ironic,
22929884,37506,37506,1795149053514186965,2024-05-27,POS,ironic,
22929885,37507,37507,1795149053426028914,2024-05-27,NEU,not ironic,
22929886,37508,37508,1795149050037076392,2024-05-27,NEG,not ironic,
22929887,37509,37509,1795149049621893429,2024-05-27,NEG,not ironic,
22929888,37510,37510,1795149049193955443,2024-05-27,NEG,not ironic,
22929889,37511,37511,1795149048959111570,2024-05-27,NEU,not ironic,
22929890,37512,37512,1795149048158068777,2024-05-27,NEU,not ironic,
22929891,37513,37513,1795149046673252512,2024-05-27,NEG,not ironic,
22929892,37514,37514,1795149046107054213,2024-05-27,NEG,ironic,
22929893,37515,37515,1795149045603893503,2024-05-27,NEU,not ironic,
22929894,37516,37516,1795149045360447566,2024-05-27,NEG,ironic,
22929895,37517,37517,1795149045129785566,2024-05-27,NEU,not ironic,
22929896,37518,37518,1795149043879882805,2024-05-27,NEU,not ironic,
22929897,37519,37519,1795149042302812274,2024-05-27,NEU,ironic,
22929898,37520,37520,1795149041174499655,2024-05-27,NEG,ironic,
22929899,37521,37521,1795149040868303056,2024-05-27,NEU,ironic,
22929900,37522,37522,1795149040151036341,2024-05-27,NEU,ironic,
22929901,37523,37523,1795149039945552189,2024-05-27,POS,ironic,
22929902,37524,37524,1795149038745972838,2024-05-27,NEG,not ironic,
22929903,37525,37525,1795149037940736197,2024-05-27,NEG,ironic,
22929904,37526,37526,1795149036816564533,2024-05-27,NEU,not ironic,
22929905,37527,37527,1795149036296503296,2024-05-27,NEU,ironic,
22929906,37528,37528,1795149035872854323,2024-05-27,NEG,not ironic,
22929907,37529,37529,1795149035562467365,2024-05-27,NEG,ironic,
22929908,37530,37530,1795149035415773221,2024-05-27,NEG,ironic,
22929909,37531,37531,1795149035197583413,2024-05-27,NEG,ironic,
22929910,37532,37532,1795149034098774518,2024-05-27,NEG,not ironic,
22929911,37533,37533,1795149033519894645,2024-05-27,NEG,not ironic,
22929912,37534,37534,1795149033414992252,2024-05-27,NEG,ironic,
22929913,37535,37535,1795149033326919786,2024-05-27,NEG,ironic,
22929914,37536,37536,1795149032148312382,2024-05-27,NEU,not ironic,
22929915,37537,37537,1795149031573790760,2024-05-27,NEU,not ironic,
22929916,37538,37538,1795149031305257414,2024-05-27,NEU,not ironic,
22929917,37539,37539,1795149031103955034,2024-05-27,NEG,ironic,
22929918,37540,37540,1795149029531070543,2024-05-27,NEU,not ironic,
22929919,37541,37541,1795149028708974899,2024-05-27,NEG,not ironic,
22929920,37542,37542,1795149027945636239,2024-05-27,NEG,not ironic,
22929921,37543,37543,1795149025932607539,2024-05-27,NEU,ironic,
22929922,37544,37544,1795149025311613298,2024-05-27,POS,not ironic,
22929923,37545,37545,1795149024078541265,2024-05-27,NEG,not ironic,
22929924,37546,37546,1795149023092871319,2024-05-27,NEG,not ironic,
22929925,37547,37547,1795149022358835229,2024-05-27,NEG,not ironic,
22929926,37548,37548,1795149020895080583,2024-05-27,NEG,not ironic,
22929927,37549,37549,1795149020777591122,2024-05-27,NEU,not ironic,
22929928,37550,37550,1795149020215554542,2024-05-27,NEU,not ironic,
22929929,37551,37551,1795149020119081352,2024-05-27,NEG,not ironic,
22929930,37552,37552,1795149018227524034,2024-05-27,NEU,not ironic,
22929931,37553,37553,1795149016558100980,2024-05-27,NEG,ironic,
22929932,37554,37554,1795149016398795103,2024-05-27,NEU,ironic,
22929933,37555,37555,1795149016381919644,2024-05-27,NEU,not ironic,
22929934,37556,37556,1795149014620361025,2024-05-27,NEG,not ironic,
22929935,37557,37557,1795149013194260850,2024-05-27,NEG,not ironic,
22929936,37558,37558,1795149012099551696,2024-05-27,NEG,not ironic,
22929937,37559,37559,1795149009620705412,2024-05-27,NEU,ironic,
22929938,37560,37560,1795149008890937669,2024-05-27,NEG,ironic,
22929939,37561,37561,1795149008471568528,2024-05-27,NEU,not ironic,
22929940,37562,37562,1795149007318024407,2024-05-27,NEU,ironic,
22929941,37563,37563,1795149007255207940,2024-05-27,NEG,ironic,
22929942,37564,37564,1795149004881244175,2024-05-27,NEU,not ironic,
22929943,37565,37565,1795149004839199051,2024-05-27,NEU,ironic,
22929944,37566,37566,1795149003660669427,2024-05-27,NEU,not ironic,
22929945,37567,37567,1795149003178258728,2024-05-27,NEG,not ironic,
22929946,37568,37568,1795149002880524762,2024-05-27,NEG,not ironic,
22929947,37569,37569,1795149001936732196,2024-05-27,NEG,not ironic,
22929948,37570,37570,1795149001257299993,2024-05-27,NEG,not ironic,
22929949,37571,37571,1795148999537680474,2024-05-27,NEG,not ironic,
22929950,37572,37572,1795148998015074667,2024-05-27,NEG,not ironic,
22929951,37573,37573,1795148997323006139,2024-05-27,NEU,ironic,
22929952,37574,37574,1795148996719120440,2024-05-27,NEG,ironic,
22929953,37575,37575,1795148996492591311,2024-05-27,NEG,ironic,
22929954,37576,37576,1795148995871822158,2024-05-27,NEG,not ironic,
22929955,37577,37577,1795148995259416747,2024-05-27,NEG,ironic,
22929956,37578,37578,1795148994672230598,2024-05-27,NEU,not ironic,
22929957,37579,37579,1795148993405612191,2024-05-27,NEU,not ironic,
22929958,37580,37580,1795148992780591581,2024-05-27,NEG,ironic,
22929959,37581,37581,1795148989370642572,2024-05-27,NEG,ironic,
22929960,37582,37582,1795148989030932682,2024-05-27,NEG,ironic,
22929961,37583,37583,1795148988959605126,2024-05-27,NEG,not ironic,
22929962,37584,37584,1795148984299704534,2024-05-27,NEG,ironic,
22929963,37585,37585,1795148983653818783,2024-05-27,POS,ironic,
22929964,37586,37586,1795148981929988555,2024-05-27,NEG,not ironic,
22929965,37587,37587,1795148981019824137,2024-05-27,POS,not ironic,
22929966,37588,37588,1795148980931719179,2024-05-27,POS,not ironic,
22929967,37589,37589,1795148980520616386,2024-05-27,NEU,not ironic,
22929968,37590,37590,1795148980365447201,2024-05-27,NEG,not ironic,
22929969,37591,37591,1795148979581157392,2024-05-27,NEG,not ironic,
22929970,37592,37592,1795148979543392455,2024-05-27,NEG,not ironic,
22929971,37593,37593,1795148979321126930,2024-05-27,NEU,not ironic,
22929972,37594,37594,1795148978620698975,2024-05-27,NEU,ironic,
22929973,37595,37595,1795148977383284994,2024-05-27,NEG,ironic,
22929974,37596,37596,1795148976238338316,2024-05-27,POS,ironic,
22929975,37597,37597,1795148974535454763,2024-05-27,NEU,not ironic,
22929976,37598,37598,1795148974074007994,2024-05-27,NEG,not ironic,
22929977,37599,37599,1795148973176504595,2024-05-27,NEU,ironic,
22929978,37600,37600,1795148973033808382,2024-05-27,NEG,not ironic,
22929979,37601,37601,1795148972194951342,2024-05-27,NEG,not ironic,
22929980,37602,37602,1795148971976851830,2024-05-27,NEU,not ironic,
22929981,37603,37603,1795148970282401838,2024-05-27,NEG,not ironic,
22929982,37604,37604,1795148969179299840,2024-05-27,NEU,not ironic,
22929983,37605,37605,1795148968126447949,2024-05-27,POS,not ironic,
22929984,37606,37606,1795148967568605270,2024-05-27,NEU,not ironic,
22929985,37607,37607,1795148966574669826,2024-05-27,NEG,ironic,
22929986,37608,37608,1795148965337354590,2024-05-27,NEU,not ironic,
22929987,37609,37609,1795148965111005639,2024-05-27,NEU,not ironic,
22929988,37610,37610,1795148964150341797,2024-05-27,NEU,not ironic,
22929989,37611,37611,1795148963474969029,2024-05-27,NEG,not ironic,
22929990,37612,37612,1795148963407892614,2024-05-27,NEU,not ironic,
22929991,37613,37613,1795148962774577261,2024-05-27,NEG,not ironic,
22929992,37614,37614,1795148962405523575,2024-05-27,NEG,not ironic,
22929993,37615,37615,1795148960992276704,2024-05-27,NEG,ironic,
22929994,37616,37616,1795148958701932625,2024-05-27,NEG,ironic,
22929995,37617,37617,1795148958265745782,2024-05-27,NEG,not ironic,
22929996,37618,37618,1795148957829443601,2024-05-27,NEG,ironic,
22929997,37619,37619,1795148957351338063,2024-05-27,NEG,ironic,
22929998,37620,37620,1795148956646756687,2024-05-27,NEG,not ironic,
22929999,37621,37621,1795148956432765236,2024-05-27,NEG,ironic,
22930000,37622,37622,1795148953324753360,2024-05-27,NEG,not ironic,
22930001,37623,37623,1795148951777313258,2024-05-27,NEG,ironic,
22930002,37624,37624,1795148950804005368,2024-05-27,NEU,ironic,
22930003,37625,37625,1795148950418202662,2024-05-27,NEU,not ironic,
22930004,37626,37626,1795148948014801202,2024-05-27,NEG,ironic,
22930005,37627,37627,1795148946345799778,2024-05-27,NEG,not ironic,
22930006,37628,37628,1795148945615716485,2024-05-27,NEG,ironic,
22930007,37629,37629,1795148944894300651,2024-05-27,NEG,ironic,
22930008,37630,37630,1795148944646762584,2024-05-27,POS,ironic,
22930009,37631,37631,1795148942671569252,2024-05-27,NEG,ironic,
22930010,37632,37632,1795148940754457068,2024-05-27,NEG,not ironic,
22930011,37633,37633,1795148940666405304,2024-05-27,POS,ironic,
22930012,37634,37634,1795148937285734829,2024-05-27,NEG,not ironic,
22930013,37635,37635,1795148936161775754,2024-05-27,NEG,not ironic,
22930014,37636,37636,1795148934790189283,2024-05-27,NEU,ironic,
22930015,37637,37637,1795148932613361668,2024-05-27,NEG,ironic,
22930016,37638,37638,1795148932114153755,2024-05-27,NEG,ironic,
22930017,37639,37639,1795148931862548753,2024-05-27,NEG,not ironic,
22930018,37640,37640,1795148930801365371,2024-05-27,NEG,not ironic,
22930019,37641,37641,1795148929798906042,2024-05-27,NEG,ironic,
22930020,37642,37642,1795148929484435541,2024-05-27,NEG,not ironic,
22930021,37643,37643,1795148926724735059,2024-05-27,NEG,not ironic,
22930022,37644,37644,1795148926128980087,2024-05-27,NEG,not ironic,
22930023,37645,37645,1795148923218092502,2024-05-27,NEU,ironic,
22930024,37646,37646,1795148923058733082,2024-05-27,NEG,ironic,
22930025,37647,37647,1795148921188000005,2024-05-27,POS,not ironic,
22930026,37648,37648,1795148921078947983,2024-05-27,NEG,not ironic,
22930027,37649,37649,1795148918734422125,2024-05-27,NEU,ironic,
22930028,37650,37650,1795148918365307247,2024-05-27,NEU,not ironic,
22930029,37651,37651,1795148916796658173,2024-05-27,NEG,not ironic,
22930030,37652,37652,1795148916356243665,2024-05-27,NEU,not ironic,
22930031,37653,37653,1795148916356243664,2024-05-27,NEU,ironic,
22930032,37654,37654,1795148916050071595,2024-05-27,NEU,not ironic,
22930033,37655,37655,1795148915915751772,2024-05-27,NEU,not ironic,
22930034,37656,37656,1795148915018191340,2024-05-27,NEG,not ironic,
22930035,37657,37657,1795148914414198810,2024-05-27,NEG,not ironic,
22930036,37658,37658,1795148913831276888,2024-05-27,NEG,not ironic,
22930037,37659,37659,1795148913126645934,2024-05-27,NEG,not ironic,
22930038,37660,37660,1795148913080430670,2024-05-27,NEG,ironic,
22930039,37661,37661,1795148912178700714,2024-05-27,NEU,not ironic,
22930040,37662,37662,1795148911775986104,2024-05-27,NEG,not ironic,
22930041,37663,37663,1795148911633457569,2024-05-27,NEG,ironic,
22930042,37664,37664,1795148910970728474,2024-05-27,NEU,ironic,
22930043,37665,37665,1795148910933283225,2024-05-27,NEG,not ironic,
22930044,37666,37666,1795148910312231083,2024-05-27,NEG,not ironic,
22930045,37667,37667,1795148910219886649,2024-05-27,NEU,not ironic,
22930046,37668,37668,1795148909565608397,2024-05-27,NEU,not ironic,
22930047,37669,37669,1795148907736916077,2024-05-27,NEU,ironic,
22930048,37670,37670,1795148907141362163,2024-05-27,NEU,not ironic,
22930049,37671,37671,1795148906189176991,2024-05-27,NEU,not ironic,
22930050,37672,37672,1795148904821879085,2024-05-27,NEU,not ironic,
22930051,37673,37673,1795148904696250764,2024-05-27,POS,not ironic,
22930052,37674,37674,1795148903290966087,2024-05-27,NEU,not ironic,
22930053,37675,37675,1795148901856505929,2024-05-27,NEG,ironic,
22930054,37676,37676,1795148901659418840,2024-05-27,NEG,not ironic,
22930055,37677,37677,1795148899239199168,2024-05-27,NEG,ironic,
22930056,37678,37678,1795148898752754071,2024-05-27,NEG,ironic,
22930057,37679,37679,1795148894860394907,2024-05-27,NEG,ironic,
22930058,37680,37680,1795148893925109806,2024-05-27,NEG,not ironic,
22930059,37681,37681,1795148892880675115,2024-05-27,NEU,not ironic,
22930060,37682,37682,1795148892712894673,2024-05-27,NEG,not ironic,
22930061,37683,37683,1795148891655946292,2024-05-27,NEU,not ironic,
22930062,37684,37684,1795148891312054724,2024-05-27,NEG,ironic,
22930063,37685,37685,1795148889613390003,2024-05-27,NEG,not ironic,
22930064,37686,37686,1795148889340662138,2024-05-27,POS,not ironic,
22930065,37687,37687,1795148889277780300,2024-05-27,POS,ironic,
22930066,37688,37688,1795148887289700356,2024-05-27,NEU,ironic,
22930067,37689,37689,1795148885817483676,2024-05-27,NEG,ironic,
22930068,37690,37690,1795148884555235712,2024-05-27,NEU,not ironic,
22930069,37691,37691,1795148884055851117,2024-05-27,NEG,not ironic,
22930070,37692,37692,1795148884039061577,2024-05-27,NEU,not ironic,
22930071,37693,37693,1795148883594535030,2024-05-27,NEU,not ironic,
22930072,37694,37694,1795148883326009368,2024-05-27,NEG,not ironic,
22930073,37695,37695,1795148882730418236,2024-05-27,NEG,not ironic,
22930074,37696,37696,1795148881166020882,2024-05-27,NEG,ironic,
22930075,37697,37697,1795148876669767946,2024-05-27,NEU,not ironic,
22930076,37698,37698,1795148875478483360,2024-05-27,NEG,not ironic,
22930077,37699,37699,1795148874509668723,2024-05-27,NEU,ironic,
22930078,37700,37700,1795148874291507272,2024-05-27,NEG,ironic,
22930079,37701,37701,1795148874169881035,2024-05-27,NEG,not ironic,
22930080,37702,37702,1795148872404304098,2024-05-27,NEG,not ironic,
22930081,37703,37703,1795148870114045982,2024-05-27,NEG,ironic,
22930082,37704,37704,1795148867748462968,2024-05-27,NEG,ironic,
22930083,37705,37705,1795148867614175679,2024-05-27,NEG,ironic,
22930084,37706,37706,1795148867010429332,2024-05-27,NEU,not ironic,
22930085,37707,37707,1795148866129408041,2024-05-27,POS,not ironic,
22930086,37708,37708,1795148865504473547,2024-05-27,NEG,not ironic,
22930087,37709,37709,1795148864728576419,2024-05-27,NEG,not ironic,
22930088,37710,37710,1795148864225206419,2024-05-27,NEU,ironic,
22930089,37711,37711,1795148863927365882,2024-05-27,NEG,not ironic,
22930090,37712,37712,1795148860861604267,2024-05-27,NEU,not ironic,
22930091,37713,37713,1795148860219687245,2024-05-27,NEU,ironic,
22930092,37714,37714,1795148859259412971,2024-05-27,NEG,not ironic,
22930093,37715,37715,1795148857568854097,2024-05-27,NEG,ironic,
22930094,37716,37716,1795148857459998849,2024-05-27,NEG,not ironic,
22930095,37717,37717,1795148855362847214,2024-05-27,NEG,ironic,
22930096,37718,37718,1795148854100218191,2024-05-27,NEU,not ironic,
22930097,37719,37719,1795148851348897975,2024-05-27,POS,not ironic,
22930098,37720,37720,1795148851273220484,2024-05-27,NEU,not ironic,
22930099,37721,37721,1795148850287595727,2024-05-27,NEG,not ironic,
22930100,37722,37722,1795148847494185218,2024-05-27,NEG,ironic,
22930101,37723,37723,1795148846021943537,2024-05-27,POS,not ironic,
22930102,37724,37724,1795148846000968010,2024-05-27,NEG,not ironic,
22930103,37725,37725,1795148845279592925,2024-05-27,POS,not ironic,
22930104,37726,37726,1795148844595835138,2024-05-27,NEG,ironic,
22930105,37727,37727,1795148843329184183,2024-05-27,NEG,not ironic,
22930106,37728,37728,1795148842003796397,2024-05-27,NEG,ironic,
22930107,37729,37729,1795148841257169352,2024-05-27,NEG,not ironic,
22930108,37730,37730,1795148841173368922,2024-05-27,NEU,not ironic,
22930109,37731,37731,1795148840871379010,2024-05-27,NEG,not ironic,
22930110,37732,37732,1795148840829428222,2024-05-27,NEG,not ironic,
22930111,37733,37733,1795148839407464821,2024-05-27,NEU,ironic,
22930112,37734,37734,1795148838920921404,2024-05-27,NEG,ironic,
22930113,37735,37735,1795148838556045713,2024-05-27,NEU,not ironic,
22930114,37736,37736,1795148837499068421,2024-05-27,POS,ironic,
22930115,37737,37737,1795148837088117048,2024-05-27,NEU,ironic,
22930116,37738,37738,1795148836370800685,2024-05-27,POS,not ironic,
22930117,37739,37739,1795148835704000542,2024-05-27,NEG,ironic,
22930118,37740,37740,1795148831476060496,2024-05-27,NEG,not ironic,
22930119,37741,37741,1795148830423343572,2024-05-27,NEG,not ironic,
22930120,37742,37742,1795148829802549675,2024-05-27,NEG,ironic,
22930121,37743,37743,1795148829638938830,2024-05-27,NEG,ironic,
22930122,37744,37744,1795148829563429126,2024-05-27,NEG,not ironic,
22930123,37745,37745,1795148828514934884,2024-05-27,NEG,not ironic,
22930124,37746,37746,1795148827613094289,2024-05-27,POS,ironic,
22930125,37747,37747,1795148826904281217,2024-05-27,NEG,not ironic,
22930126,37748,37748,1795148826161958932,2024-05-27,NEG,ironic,
22930127,37749,37749,1795148825901891714,2024-05-27,NEG,ironic,
22930128,37750,37750,1795148825436487799,2024-05-27,NEU,not ironic,
22930129,37751,37751,1795148823934673259,2024-05-27,NEG,not ironic,
22930130,37752,37752,1795148818565988773,2024-05-27,NEG,not ironic,
22930131,37753,37753,1795148817366434190,2024-05-27,NEU,not ironic,
22930132,37754,37754,1795148816066191451,2024-05-27,NEG,ironic,
22930133,37755,37755,1795148815839674861,2024-05-27,NEU,ironic,
22930134,37756,37756,1795148813394477161,2024-05-27,POS,not ironic,
22930135,37757,37757,1795148811603517524,2024-05-27,POS,not ironic,
22930136,37758,37758,1795148811049775408,2024-05-27,NEU,not ironic,
22930137,37759,37759,1795148810240373018,2024-05-27,NEU,not ironic,
22930138,37760,37760,1795148809686659465,2024-05-27,NEU,not ironic,
22930139,37761,37761,1795148809325937082,2024-05-27,NEG,not ironic,
22930140,37762,37762,1795148807887376462,2024-05-27,NEU,not ironic,
22930141,37763,37763,1795148807514034300,2024-05-27,NEG,not ironic,
22930142,37764,37764,1795148807094596023,2024-05-27,NEU,not ironic,
22930143,37765,37765,1795148805609759226,2024-05-27,NEG,not ironic,
22930144,37766,37766,1795148804313751661,2024-05-27,NEU,not ironic,
22930145,37767,37767,1795148803785261168,2024-05-27,NEG,ironic,
22930146,37768,37768,1795148802703102120,2024-05-27,NEU,not ironic,
22930147,37769,37769,1795148801923022997,2024-05-27,NEU,not ironic,
22930148,37770,37770,1795148800685666815,2024-05-27,NEU,not ironic,
22930149,37771,37771,1795148799800721620,2024-05-27,NEU,not ironic,
22930150,37772,37772,1795148799116976516,2024-05-27,NEG,not ironic,
22930151,37773,37773,1795148798949208298,2024-05-27,NEG,not ironic,
22930152,37774,37774,1795148798672744853,2024-05-27,POS,ironic,
22930153,37775,37775,1795148798370455815,2024-05-27,NEG,not ironic,
22930154,37776,37776,1795148797598708201,2024-05-27,NEG,not ironic,
22930155,37777,37777,1795148797510607209,2024-05-27,POS,not ironic,
22930156,37778,37778,1795148797451882890,2024-05-27,NEU,not ironic,
22930157,37779,37779,1795148797024051251,2024-05-27,NEU,ironic,
22930158,37780,37780,1795148796965314680,2024-05-27,NEU,ironic,
22930159,37781,37781,1795148796810178827,2024-05-27,NEG,ironic,
22930160,37782,37782,1795148794952024102,2024-05-27,NEG,not ironic,
22930161,37783,37783,1795148794171977755,2024-05-27,NEG,ironic,
22930162,37784,37784,1795148793974861854,2024-05-27,NEG,not ironic,
22930163,37785,37785,1795148793257541720,2024-05-27,NEU,not ironic,
22930164,37786,37786,1795148793186259432,2024-05-27,NEU,not ironic,
22930165,37787,37787,1795148790678057265,2024-05-27,NEU,not ironic,
22930166,37788,37788,1795148789205856416,2024-05-27,NEU,not ironic,
22930167,37789,37789,1795148789134553258,2024-05-27,POS,not ironic,
22930168,37790,37790,1795148788480303356,2024-05-27,NEG,ironic,
22930169,37791,37791,1795148787729440993,2024-05-27,NEG,not ironic,
22930170,37792,37792,1795148787268104586,2024-05-27,NEG,not ironic,
22930171,37793,37793,1795148782176215379,2024-05-27,NEU,ironic,
22930172,37794,37794,1795148780792316247,2024-05-27,NEG,ironic,
22930173,37795,37795,1795148780091675030,2024-05-27,NEG,ironic,
22930174,37796,37796,1795148780087501002,2024-05-27,NEG,not ironic,
22930175,37797,37797,1795148779764556100,2024-05-27,NEG,not ironic,
22930176,37798,37798,1795148779122729433,2024-05-27,NEU,not ironic,
22930177,37799,37799,1795148777294078317,2024-05-27,NEU,ironic,
22930178,37800,37800,1795148776190914848,2024-05-27,POS,ironic,
22930179,37801,37801,1795148776098697459,2024-05-27,NEG,not ironic,
22930180,37802,37802,1795148773057798593,2024-05-27,NEG,ironic,
22930181,37803,37803,1795148772604883027,2024-05-27,NEG,not ironic,
22930182,37804,37804,1795148772407730378,2024-05-27,NEG,not ironic,
22930183,37805,37805,1795148772193776089,2024-05-27,NEG,ironic,
22930184,37806,37806,1795148772046971352,2024-05-27,NEU,not ironic,
22930185,37807,37807,1795148770780254444,2024-05-27,NEU,not ironic,
22930186,37808,37808,1795148769744314632,2024-05-27,NEU,not ironic,
22930187,37809,37809,1795148768993481028,2024-05-27,NEG,not ironic,
22930188,37810,37810,1795148768364364211,2024-05-27,NEG,not ironic,
22930189,37811,37811,1795148767005429908,2024-05-27,NEG,not ironic,
22930190,37812,37812,1795148766661456057,2024-05-27,NEG,not ironic,
22930191,37813,37813,1795148766313410601,2024-05-27,POS,ironic,
22930192,37814,37814,1795148766187602335,2024-05-27,NEG,not ironic,
22930193,37815,37815,1795148766032331053,2024-05-27,NEG,not ironic,
22930194,37816,37816,1795148766028128421,2024-05-27,NEG,not ironic,
22930195,37817,37817,1795148765994627110,2024-05-27,NEG,not ironic,
22930196,37818,37818,1795148765688438837,2024-05-27,NEG,ironic,
22930197,37819,37819,1795148765600350496,2024-05-27,POS,not ironic,
22930198,37820,37820,1795148762651688962,2024-05-27,POS,not ironic,
22930199,37821,37821,1795148762635206836,2024-05-27,NEU,not ironic,
22930200,37822,37822,1795148762530091493,2024-05-27,POS,ironic,
22930201,37823,37823,1795148761355661690,2024-05-27,NEG,ironic,
22930202,37824,37824,1795148760277774588,2024-05-27,NEU,ironic,
22930203,37825,37825,1795148759577301324,2024-05-27,NEU,not ironic,
22930204,37826,37826,1795148758683889751,2024-05-27,NEG,ironic,
22930205,37827,37827,1795148758461841550,2024-05-27,NEU,not ironic,
22930206,37828,37828,1795148758138970177,2024-05-27,NEG,not ironic,
22930207,37829,37829,1795148757765329017,2024-05-27,NEG,not ironic,
22930208,37830,37830,1795148757681484105,2024-05-27,NEG,not ironic,
22930209,37831,37831,1795148757677310249,2024-05-27,NEU,ironic,
22930210,37832,37832,1795148757480231190,2024-05-27,NEU,not ironic,
22930211,37833,37833,1795148755051684076,2024-05-27,NEU,not ironic,
22930212,37834,37834,1795148753613041785,2024-05-27,NEU,not ironic,
22930213,37835,37835,1795148753407496543,2024-05-27,NEG,ironic,
22930214,37836,37836,1795148751754973307,2024-05-27,POS,not ironic,
22930215,37837,37837,1795148751599743353,2024-05-27,NEU,not ironic,
22930216,37838,37838,1795148748382711865,2024-05-27,NEU,not ironic,
22930217,37839,37839,1795148748303069205,2024-05-27,NEU,ironic,
22930218,37840,37840,1795148747996864518,2024-05-27,NEU,not ironic,
22930219,37841,37841,1795148746935677439,2024-05-27,NEG,ironic,
22930220,37842,37842,1795148744389779852,2024-05-27,NEG,ironic,
22930221,37843,37843,1795148742657523881,2024-05-27,POS,not ironic,
22930222,37844,37844,1795148739897704944,2024-05-27,NEG,ironic,
22930223,37845,37845,1795148739675361490,2024-05-27,NEU,not ironic,
22930224,37846,37846,1795148739667165294,2024-05-27,NEG,not ironic,
22930225,37847,37847,1795148739427946681,2024-05-27,POS,not ironic,
22930226,37848,37848,1795148739033632842,2024-05-27,NEU,ironic,
22930227,37849,37849,1795148738731573490,2024-05-27,POS,not ironic,
22930228,37850,37850,1795148738706420017,2024-05-27,NEG,not ironic,
22930229,37851,37851,1795148737901219900,2024-05-27,NEG,ironic,
22930230,37852,37852,1795148737754374438,2024-05-27,NEG,not ironic,
22930231,37853,37853,1795148737045516756,2024-05-27,NEG,not ironic,
22930232,37854,37854,1795148736571555943,2024-05-27,NEG,ironic,
22930233,37855,37855,1795148736298959041,2024-05-27,NEU,not ironic,
22930234,37856,37856,1795148735254561001,2024-05-27,NEG,not ironic,
22930235,37857,37857,1795148734835118321,2024-05-27,NEG,ironic,
22930236,37858,37858,1795148734248124723,2024-05-27,NEG,not ironic,
22930237,37859,37859,1795148733639790939,2024-05-27,POS,not ironic,
22930238,37860,37860,1795148732121612463,2024-05-27,NEG,not ironic,
22930239,37861,37861,1795148732045898091,2024-05-27,NEG,ironic,
22930240,37862,37862,1795148731651682695,2024-05-27,NEG,not ironic,
22930241,37863,37863,1795148731051811293,2024-05-27,POS,not ironic,
22930242,37864,37864,1795148730762441208,2024-05-27,NEG,not ironic,
22930243,37865,37865,1795148729709670683,2024-05-27,NEU,not ironic,
22930244,37866,37866,1795148727910355057,2024-05-27,NEG,ironic,
22930245,37867,37867,1795148727214080311,2024-05-27,NEG,ironic,
22930246,37868,37868,1795148727021170855,2024-05-27,NEG,ironic,
22930247,37869,37869,1795148726710759670,2024-05-27,POS,ironic,
22930248,37870,37870,1795148726236819622,2024-05-27,NEU,not ironic,
22930249,37871,37871,1795148725477597470,2024-05-27,POS,not ironic,
22930250,37872,37872,1795148724794007707,2024-05-27,NEG,ironic,
22930251,37873,37873,1795148723984441392,2024-05-27,NEU,not ironic,
22930252,37874,37874,1795148723430805836,2024-05-27,NEU,not ironic,
22930253,37875,37875,1795148722881298627,2024-05-27,NEU,not ironic,
22930254,37876,37876,1795148721522389228,2024-05-27,NEG,not ironic,
22930255,37877,37877,1795148721300144563,2024-05-27,NEU,ironic,
22930256,37878,37878,1795148716845699314,2024-05-27,NEU,not ironic,
22930257,37879,37879,1795148716711817272,2024-05-27,NEG,ironic,
22930258,37880,37880,1795148716665368659,2024-05-27,NEU,ironic,
22930259,37881,37881,1795148715893637291,2024-05-27,POS,not ironic,
22930260,37882,37882,1795148714522144828,2024-05-27,NEG,not ironic,
22930261,37883,37883,1795148714270494815,2024-05-27,NEU,not ironic,
22930262,37884,37884,1795148713783972024,2024-05-27,NEU,not ironic,
22930263,37885,37885,1795148713574191159,2024-05-27,NEG,ironic,
22930264,37886,37886,1795148713544884605,2024-05-27,NEU,ironic,
22930265,37887,37887,1795148711938372031,2024-05-27,NEG,ironic,
22930266,37888,37888,1795148710600466650,2024-05-27,NEU,not ironic,
22930267,37889,37889,1795148709992210616,2024-05-27,NEG,not ironic,
22930268,37890,37890,1795148708721381453,2024-05-27,NEG,ironic,
22930269,37891,37891,1795148708251676900,2024-05-27,NEG,not ironic,
22930270,37892,37892,1795148708100677942,2024-05-27,NEU,ironic,
22930271,37893,37893,1795148707723124740,2024-05-27,NEU,ironic,
22930272,37894,37894,1795148707714769396,2024-05-27,NEU,not ironic,
22930273,37895,37895,1795148707664433350,2024-05-27,NEU,ironic,
22930274,37896,37896,1795148707391844582,2024-05-27,NEG,not ironic,
22930275,37897,37897,1795148706716450902,2024-05-27,NEU,ironic,
22930276,37898,37898,1795148706154450948,2024-05-27,NEU,not ironic,
22930277,37899,37899,1795148705877676316,2024-05-27,NEG,ironic,
22930278,37900,37900,1795148704875266235,2024-05-27,NEU,not ironic,
22930279,37901,37901,1795148704518709279,2024-05-27,NEG,ironic,
22930280,37902,37902,1795148703717544313,2024-05-27,POS,ironic,
22930281,37903,37903,1795148703273046431,2024-05-27,NEG,ironic,
22930282,37904,37904,1795148699791716716,2024-05-27,NEG,ironic,
22930283,37905,37905,1795148699510714716,2024-05-27,NEU,not ironic,
22930284,37906,37906,1795148699091235297,2024-05-27,NEU,ironic,
22930285,37907,37907,1795148698919309539,2024-05-27,NEG,ironic,
22930286,37908,37908,1795148695932907909,2024-05-27,NEG,ironic,
22930287,37909,37909,1795148694515290157,2024-05-27,NEG,not ironic,
22930288,37910,37910,1795148694313992406,2024-05-27,NEG,not ironic,
22930289,37911,37911,1795148693483442439,2024-05-27,POS,not ironic,
22930290,37912,37912,1795148691226939515,2024-05-27,NEU,not ironic,
22930291,37913,37913,1795148691134873694,2024-05-27,NEU,ironic,
22930292,37914,37914,1795148688949420483,2024-05-27,NEG,not ironic,
22930293,37915,37915,1795148688764944721,2024-05-27,POS,ironic,
22930294,37916,37916,1795148686944612627,2024-05-27,NEG,ironic,
22930295,37917,37917,1795148686550331857,2024-05-27,NEU,not ironic,
22930296,37918,37918,1795148686428926211,2024-05-27,NEG,ironic,
22930297,37919,37919,1795148685921157169,2024-05-27,NEG,not ironic,
22930298,37920,37920,1795148684637646889,2024-05-27,NEG,ironic,
22930299,37921,37921,1795148683651985618,2024-05-27,NEG,not ironic,
22930300,37922,37922,1795148683488469240,2024-05-27,NEG,not ironic,
22930301,37923,37923,1795148682490237070,2024-05-27,NEG,not ironic,
22930302,37924,37924,1795148678958587918,2024-05-27,NEG,not ironic,
22930303,37925,37925,1795148678757327272,2024-05-27,NEG,ironic,
22930304,37926,37926,1795148678547505504,2024-05-27,POS,not ironic,
22930305,37927,37927,1795148677633167790,2024-05-27,NEU,not ironic,
22930306,37928,37928,1795148677532484054,2024-05-27,NEU,ironic,
22930307,37929,37929,1795148677410882043,2024-05-27,NEG,not ironic,
22930308,37930,37930,1795148677402501621,2024-05-27,POS,ironic,
22930309,37931,37931,1795148677146656906,2024-05-27,NEU,ironic,
22930310,37932,37932,1795148677142474875,2024-05-27,NEU,not ironic,
22930311,37933,37933,1795148676693713261,2024-05-27,NEG,ironic,
22930312,37934,37934,1795148675825496289,2024-05-27,NEU,not ironic,
22930313,37935,37935,1795148675796140524,2024-05-27,NEG,not ironic,
22930314,37936,37936,1795148674239971458,2024-05-27,NEU,not ironic,
22930315,37937,37937,1795148673619247554,2024-05-27,NEU,not ironic,
22930316,37938,37938,1795148671648137391,2024-05-27,NEG,not ironic,
22930317,37939,37939,1795148670603522138,2024-05-27,NEU,ironic,
22930318,37940,37940,1795148670007943479,2024-05-27,NEG,not ironic,
22930319,37941,37941,1795148668749611052,2024-05-27,NEG,not ironic,
22930320,37942,37942,1795148667868836158,2024-05-27,NEU,ironic,
22930321,37943,37943,1795148667784995316,2024-05-27,NEU,ironic,
22930322,37944,37944,1795148665931067874,2024-05-27,NEG,not ironic,
22930323,37945,37945,1795148665448722677,2024-05-27,NEG,not ironic,
22930324,37946,37946,1795148665306349792,2024-05-27,NEG,not ironic,
22930325,37947,37947,1795148664609845294,2024-05-27,NEG,not ironic,
22930326,37948,37948,1795148664580563132,2024-05-27,POS,ironic,
22930327,37949,37949,1795148664173703350,2024-05-27,NEG,not ironic,
22930328,37950,37950,1795148664026898478,2024-05-27,NEU,not ironic,
22930329,37951,37951,1795148663192240280,2024-05-27,NEU,not ironic,
22930330,37952,37952,1795148663028679082,2024-05-27,NEG,ironic,
22930331,37953,37953,1795148662726644208,2024-05-27,NEG,ironic,
22930332,37954,37954,1795148662013678025,2024-05-27,NEG,not ironic,
22930333,37955,37955,1795148657659945357,2024-05-27,NEG,not ironic,
22930334,37956,37956,1795148657609633957,2024-05-27,NEG,not ironic,
22930335,37957,37957,1795148657479622953,2024-05-27,NEU,ironic,
22930336,37958,37958,1795148657404133456,2024-05-27,NEU,not ironic,
22930337,37959,37959,1795148657307648054,2024-05-27,NEG,ironic,
22930338,37960,37960,1795148655827026037,2024-05-27,NEG,not ironic,
22930339,37961,37961,1795148655541838117,2024-05-27,NEU,not ironic,
22930340,37962,37962,1795148654967226753,2024-05-27,NEU,not ironic,
22930341,37963,37963,1795148653755085153,2024-05-27,NEG,ironic,
22930342,37964,37964,1795148653197168751,2024-05-27,NEG,not ironic,
22930343,37965,37965,1795148653004267747,2024-05-27,NEG,ironic,
22930344,37966,37966,1795148652710666280,2024-05-27,NEU,not ironic,
22930345,37967,37967,1795148652400238835,2024-05-27,NEG,ironic,
22930346,37968,37968,1795148651997598081,2024-05-27,NEG,ironic,
22930347,37969,37969,1795148651544637758,2024-05-27,NEG,ironic,
22930348,37970,37970,1795148650542399498,2024-05-27,NEU,not ironic,
22930349,37971,37971,1795148647073484851,2024-05-27,NEG,not ironic,
22930350,37972,37972,1795148646163345463,2024-05-27,NEG,not ironic,
22930351,37973,37973,1795148643617366194,2024-05-27,NEU,ironic,
22930352,37974,37974,1795148642707276229,2024-05-27,NEU,not ironic,
22930353,37975,37975,1795148641482559520,2024-05-27,NEG,ironic,
22930354,37976,37976,1795148641297986034,2024-05-27,NEG,not ironic,
22930355,37977,37977,1795148640849129764,2024-05-27,POS,not ironic,
22930356,37978,37978,1795148640299692539,2024-05-27,NEG,ironic,
22930357,37979,37979,1795148640132136998,2024-05-27,NEU,not ironic,
22930358,37980,37980,1795148639691546981,2024-05-27,NEG,not ironic,
22930359,37981,37981,1795148639280505005,2024-05-27,NEG,ironic,
22930360,37982,37982,1795148639091740838,2024-05-27,NEG,not ironic,
22930361,37983,37983,1795148637590188182,2024-05-27,NEU,not ironic,
22930362,37984,37984,1795148637225324942,2024-05-27,NEG,not ironic,
22930363,37985,37985,1795148636742951368,2024-05-27,NEU,not ironic,
22930364,37986,37986,1795148636591989060,2024-05-27,NEU,ironic,
22930365,37987,37987,1795148636340224255,2024-05-27,POS,not ironic,
22930366,37988,37988,1795148636227043778,2024-05-27,NEG,not ironic,
22930367,37989,37989,1795148631328125062,2024-05-27,POS,not ironic,
22930368,37990,37990,1795148630698995891,2024-05-27,NEU,not ironic,
22930369,37991,37991,1795148630480826662,2024-05-27,NEU,not ironic,
22930370,37992,37992,1795148627897180551,2024-05-27,NEG,ironic,
22930371,37993,37993,1795148627347726436,2024-05-27,NEU,ironic,
22930372,37994,37994,1795148625992974791,2024-05-27,NEG,not ironic,
22930373,37995,37995,1795148625934184786,2024-05-27,NEU,not ironic,
22930374,37996,37996,1795148625804140568,2024-05-27,NEG,not ironic,
22930375,37997,37997,1795148624684265707,2024-05-27,NEU,ironic,
22930376,37998,37998,1795148624659112119,2024-05-27,NEU,not ironic,
22930377,37999,37999,1795148624055132492,2024-05-27,NEG,ironic,
22930378,38000,38000,1795148624038445072,2024-05-27,NEG,not ironic,
22930379,38001,38001,1795148623782511047,2024-05-27,NEG,ironic,
22930380,38002,38002,1795148622545269079,2024-05-27,NEG,not ironic,
22930381,38003,38003,1795148622377455907,2024-05-27,NEG,ironic,
22930382,38004,38004,1795148622281179402,2024-05-27,NEG,ironic,
22930383,38005,38005,1795148621697925592,2024-05-27,NEU,ironic,
22930384,38006,38006,1795148621576376408,2024-05-27,NEG,ironic,
22930385,38007,38007,1795148621404377108,2024-05-27,NEG,not ironic,
22930386,38008,38008,1795148620980691329,2024-05-27,NEU,not ironic,
22930387,38009,38009,1795148619449864702,2024-05-27,NEG,not ironic,
22930388,38010,38010,1795148618548064707,2024-05-27,NEU,not ironic,
22930389,38011,38011,1795148617826583020,2024-05-27,NEG,not ironic,
22930390,38012,38012,1795148617805697052,2024-05-27,NEU,not ironic,
22930391,38013,38013,1795148616098611670,2024-05-27,NEU,not ironic,
22930392,38014,38014,1795148615125442883,2024-05-27,NEG,ironic,
22930393,38015,38015,1795148615041610162,2024-05-27,NEG,not ironic,
22930394,38016,38016,1795148613716234691,2024-05-27,NEG,ironic,
22930395,38017,38017,1795148612642480511,2024-05-27,NEG,not ironic,
22930396,38018,38018,1795148612374024199,2024-05-27,NEU,not ironic,
22930397,38019,38019,1795148612239810887,2024-05-27,NEG,not ironic,
22930398,38020,38020,1795148610838863957,2024-05-27,POS,not ironic,
22930399,38021,38021,1795148610549563800,2024-05-27,NEU,not ironic,
22930400,38022,38022,1795148609471590442,2024-05-27,NEG,ironic,
22930401,38023,38023,1795148609387688001,2024-05-27,NEG,ironic,
22930402,38024,38024,1795148608645255417,2024-05-27,NEG,ironic,
22930403,38025,38025,1795148608402079771,2024-05-27,NEU,not ironic,
22930404,38026,38026,1795148608305574274,2024-05-27,NEG,not ironic,
22930405,38027,38027,1795148607743574452,2024-05-27,POS,ironic,
22930406,38028,38028,1795148606384533777,2024-05-27,NEG,ironic,
22930407,38029,38029,1795148605818372231,2024-05-27,NEG,not ironic,
22930408,38030,38030,1795148604367307132,2024-05-27,NEG,not ironic,
22930409,38031,38031,1795148604266439079,2024-05-27,NEU,not ironic,
22930410,38032,38032,1795148603897377219,2024-05-27,NEG,not ironic,
22930411,38033,38033,1795148603679289788,2024-05-27,NEG,not ironic,
22930412,38034,38034,1795148603318497447,2024-05-27,NEG,ironic,
22930413,38035,38035,1795148601577935211,2024-05-27,NEG,not ironic,
22930414,38036,38036,1795148601275937009,2024-05-27,NEG,ironic,
22930415,38037,38037,1795148599531114897,2024-05-27,NEG,ironic,
22930416,38038,38038,1795148599048774113,2024-05-27,NEG,not ironic,
22930417,38039,38039,1795148598847406517,2024-05-27,NEG,ironic,
22930418,38040,38040,1795148596813218018,2024-05-27,NEG,not ironic,
22930419,38041,38041,1795148596561543374,2024-05-27,NEG,not ironic,
22930420,38042,38042,1795148596255301727,2024-05-27,NEU,ironic,
22930421,38043,38043,1795148595118895406,2024-05-27,POS,not ironic,
22930422,38044,38044,1795148595030557159,2024-05-27,NEG,ironic,
22930423,38045,38045,1795148593470345671,2024-05-27,NEU,ironic,
22930424,38046,38046,1795148593415803321,2024-05-27,NEU,not ironic,
22930425,38047,38047,1795148592262299818,2024-05-27,NEG,not ironic,
22930426,38048,38048,1795148591364792430,2024-05-27,NEG,ironic,
22930427,38049,38049,1795148589896712663,2024-05-27,NEG,not ironic,
22930428,38050,38050,1795148589347299457,2024-05-27,NEG,not ironic,
22930429,38051,38051,1795148589015900403,2024-05-27,POS,not ironic,
22930430,38052,38052,1795148588227371279,2024-05-27,POS,not ironic,
22930431,38053,38053,1795148588005183712,2024-05-27,NEG,ironic,
22930432,38054,38054,1795148587078242321,2024-05-27,POS,not ironic,
22930433,38055,38055,1795148586381926741,2024-05-27,NEG,not ironic,
22930434,38056,38056,1795148585627005037,2024-05-27,POS,not ironic,
22930435,38057,38057,1795148584813212018,2024-05-27,NEU,not ironic,
22930436,38058,38058,1795148584549003287,2024-05-27,NEG,not ironic,
22930437,38059,38059,1795148584452575525,2024-05-27,NEG,not ironic,
22930438,38060,38060,1795148583735271672,2024-05-27,POS,ironic,
22930439,38061,38061,1795148583110410457,2024-05-27,NEG,not ironic,
22930440,38062,38062,1795148582775030247,2024-05-27,NEG,ironic,
22930441,38063,38063,1795148581222887577,2024-05-27,NEG,not ironic,
22930442,38064,38064,1795148460951282014,2024-05-27,POS,not ironic,
22930443,38065,38065,1795148459130933651,2024-05-27,NEU,not ironic,
22930444,38066,38066,1795148457205702875,2024-05-27,NEG,not ironic,
22930445,38067,38067,1795148455855145272,2024-05-27,NEU,not ironic,
22930446,38068,38068,1795148455611924894,2024-05-27,NEU,not ironic,
22930447,38069,38069,1795148455523864786,2024-05-27,NEG,ironic,
22930448,38070,38070,1795148453833551985,2024-05-27,NEG,ironic,
22930449,38071,38071,1795148452441067931,2024-05-27,NEG,ironic,
22930450,38072,38072,1795148452306809189,2024-05-27,NEG,not ironic,
22930451,38073,38073,1795148451312959856,2024-05-27,POS,not ironic,
22930452,38074,38074,1795148451296030819,2024-05-27,NEU,ironic,
22930453,38075,38075,1795148450633294109,2024-05-27,NEG,ironic,
22930454,38076,38076,1795148450511667214,2024-05-27,NEG,ironic,
22930455,38077,38077,1795148450465530136,2024-05-27,NEG,not ironic,
22930456,38078,38078,1795148449484054962,2024-05-27,NEU,not ironic,
22930457,38079,38079,1795148448401871316,2024-05-27,NEG,not ironic,
22930458,38080,38080,1795148447332380897,2024-05-27,NEG,ironic,
22930459,38081,38081,1795148446569033993,2024-05-27,NEG,ironic,
22930460,38082,38082,1795148446187356348,2024-05-27,NEG,ironic,
22930461,38083,38083,1795148444916461652,2024-05-27,NEG,ironic,
22930462,38084,38084,1795148444207661272,2024-05-27,NEU,not ironic,
22930463,38085,38085,1795148444119581163,2024-05-27,NEU,not ironic,
22930464,38086,38086,1795148443603652895,2024-05-27,NEG,ironic,
22930465,38087,38087,1795148443461046412,2024-05-27,NEG,not ironic,
22930466,38088,38088,1795148441397387397,2024-05-27,NEG,ironic,
22930467,38089,38089,1795148439975600512,2024-05-27,NEG,not ironic,
22930468,38090,38090,1795148439132541184,2024-05-27,NEU,ironic,
22930469,38091,38091,1795148438880825664,2024-05-27,NEU,not ironic,
22930470,38092,38092,1795148438738186263,2024-05-27,NEG,ironic,
22930471,38093,38093,1795148438381773222,2024-05-27,NEU,not ironic,
22930472,38094,38094,1795148437425361232,2024-05-27,NEU,not ironic,
22930473,38095,38095,1795148437354316185,2024-05-27,NEU,not ironic,
22930474,38096,38096,1795148436871786781,2024-05-27,NEU,not ironic,
22930475,38097,38097,1795148436603326678,2024-05-27,NEG,ironic,
22930476,38098,38098,1795148434640359572,2024-05-27,NEU,not ironic,
22930477,38099,38099,1795148434539778052,2024-05-27,NEG,ironic,
22930478,38100,38100,1795148434510377275,2024-05-27,NEU,not ironic,
22930479,38101,38101,1795148432476119350,2024-05-27,NEU,not ironic,
22930480,38102,38102,1795148430836224176,2024-05-27,NEG,ironic,
22930481,38103,38103,1795148430374756535,2024-05-27,NEG,not ironic,
22930482,38104,38104,1795148429972341033,2024-05-27,NEG,ironic,
22930483,38105,38105,1795148427749171221,2024-05-27,NEU,ironic,
22930484,38106,38106,1795148427245842832,2024-05-27,NEG,not ironic,
22930485,38107,38107,1795148426801197295,2024-05-27,NEU,not ironic,
22930486,38108,38108,1795148426524450989,2024-05-27,NEG,ironic,
22930487,38109,38109,1795148425039675874,2024-05-27,NEU,not ironic,
22930488,38110,38110,1795148424850854203,2024-05-27,NEU,not ironic,
22930489,38111,38111,1795148423160611134,2024-05-27,NEG,ironic,
22930490,38112,38112,1795148422254645519,2024-05-27,NEU,not ironic,
22930491,38113,38113,1795148420987994555,2024-05-27,NEU,not ironic,
22930492,38114,38114,1795148420589506597,2024-05-27,NEG,not ironic,
22930493,38115,38115,1795148418907529602,2024-05-27,POS,not ironic,
22930494,38116,38116,1795148418483900607,2024-05-27,NEG,not ironic,
22930495,38117,38117,1795148417414672758,2024-05-27,NEU,not ironic,
22930496,38118,38118,1795148417108218090,2024-05-27,NEG,not ironic,
22930497,38119,38119,1795148416835527164,2024-05-27,NEG,ironic,
22930498,38120,38120,1795148416323915986,2024-05-27,NEU,ironic,
22930499,38121,38121,1795148415317209368,2024-05-27,POS,not ironic,
22930500,38122,38122,1795148414906138986,2024-05-27,NEU,not ironic,
22930501,38123,38123,1795148413354283080,2024-05-27,NEG,not ironic,
22930502,38124,38124,1795148413257838858,2024-05-27,NEU,not ironic,
22930503,38125,38125,1795148413148754335,2024-05-27,NEU,not ironic,
22930504,38126,38126,1795148412771356684,2024-05-27,NEG,ironic,
22930505,38127,38127,1795148412687409157,2024-05-27,NEG,ironic,
22930506,38128,38128,1795148412511248804,2024-05-27,NEG,ironic,
22930507,38129,38129,1795148412045684878,2024-05-27,POS,not ironic,
22930508,38130,38130,1795148411013882071,2024-05-27,NEG,ironic,
22930509,38131,38131,1795148410737086639,2024-05-27,NEG,ironic,
22930510,38132,38132,1795148408627323355,2024-05-27,POS,not ironic,
22930511,38133,38133,1795148408136544269,2024-05-27,POS,ironic,
22930512,38134,38134,1795148404701659474,2024-05-27,NEG,ironic,
22930513,38135,38135,1795148403149513169,2024-05-27,NEU,not ironic,
22930514,38136,38136,1795148402835194019,2024-05-27,NEU,not ironic,
22930515,38137,38137,1795148401207574713,2024-05-27,NEU,ironic,
22930516,38138,38138,1795148400494538821,2024-05-27,NEG,not ironic,
22930517,38139,38139,1795148398716174778,2024-05-27,NEG,ironic,
22930518,38140,38140,1795148398112436386,2024-05-27,NEG,not ironic,
22930519,38141,38141,1795148398053449858,2024-05-27,NEG,ironic,
22930520,38142,38142,1795148395696226604,2024-05-27,NEU,ironic,
22930521,38143,38143,1795148394932904000,2024-05-27,NEG,not ironic,
22930522,38144,38144,1795148394358301081,2024-05-27,NEG,not ironic,
22930523,38145,38145,1795148394031349869,2024-05-27,NEG,not ironic,
22930524,38146,38146,1795148392340881504,2024-05-27,NEU,not ironic,
22930525,38147,38147,1795148391648780584,2024-05-27,NEU,not ironic,
22930526,38148,38148,1795148390721810900,2024-05-27,NEU,not ironic,
22930527,38149,38149,1795148390331768861,2024-05-27,NEG,not ironic,
22930528,38150,38150,1795148390252138612,2024-05-27,NEU,not ironic,
22930529,38151,38151,1795148387844579587,2024-05-27,NEU,ironic,
22930530,38152,38152,1795148387672522987,2024-05-27,NEG,not ironic,
22930531,38153,38153,1795148387563552829,2024-05-27,NEU,not ironic,
22930532,38154,38154,1795148386712051898,2024-05-27,POS,ironic,
22930533,38155,38155,1795148386263339375,2024-05-27,NEG,not ironic,
22930534,38156,38156,1795148386095570955,2024-05-27,NEG,ironic,
22930535,38157,38157,1795148385927737358,2024-05-27,POS,not ironic,
22930536,38158,38158,1795148385042776299,2024-05-27,NEG,not ironic,
22930537,38159,38159,1795148384841424901,2024-05-27,NEG,not ironic,
22930538,38160,38160,1795148384229073167,2024-05-27,NEU,ironic,
22930539,38161,38161,1795148383629316201,2024-05-27,NEG,ironic,
22930540,38162,38162,1795148382119350556,2024-05-27,NEG,not ironic,
22930541,38163,38163,1795148381892862370,2024-05-27,NEG,ironic,
22930542,38164,38164,1795148381230080305,2024-05-27,NEG,not ironic,
22930543,38165,38165,1795148377073562045,2024-05-27,NEG,not ironic,
22930544,38166,38166,1795148376863838695,2024-05-27,NEG,not ironic,
22930545,38167,38167,1795148375978865125,2024-05-27,NEG,not ironic,
22930546,38168,38168,1795148375546835455,2024-05-27,NEU,not ironic,
22930547,38169,38169,1795148375303565407,2024-05-27,NEU,ironic,
22930548,38170,38170,1795148375005773932,2024-05-27,NEU,not ironic,
22930549,38171,38171,1795148374707974236,2024-05-27,NEG,not ironic,
22930550,38172,38172,1795148374091448796,2024-05-27,NEG,ironic,
22930551,38173,38173,1795148373646811355,2024-05-27,NEU,not ironic,
22930552,38174,38174,1795148373193801787,2024-05-27,NEG,ironic,
22930553,38175,38175,1795148372078207087,2024-05-27,NEU,ironic,
22930554,38176,38176,1795148371876810999,2024-05-27,NEG,not ironic,
22930555,38177,38177,1795148371604189587,2024-05-27,POS,not ironic,
22930556,38178,38178,1795148370077679748,2024-05-27,NEG,not ironic,
22930557,38179,38179,1795148370048106886,2024-05-27,NEU,not ironic,
22930558,38180,38180,1795148368148095019,2024-05-27,NEU,not ironic,
22930559,38181,38181,1795148367753875770,2024-05-27,NEG,not ironic,
22930560,38182,38182,1795148367254745364,2024-05-27,POS,not ironic,
22930561,38183,38183,1795148367154081882,2024-05-27,NEU,not ironic,
22930562,38184,38184,1795148366751355143,2024-05-27,NEG,ironic,
22930563,38185,38185,1795148366516560337,2024-05-27,NEU,ironic,
22930564,38186,38186,1795148366281621687,2024-05-27,NEU,not ironic,
22930565,38187,38187,1795148365417590834,2024-05-27,NEG,ironic,
22930566,38188,38188,1795148364813631582,2024-05-27,NEG,not ironic,
22930567,38189,38189,1795148364486443146,2024-05-27,NEU,not ironic,
22930568,38190,38190,1795148363714699350,2024-05-27,NEU,not ironic,
22930569,38191,38191,1795148359134564751,2024-05-27,NEG,ironic,
22930570,38192,38192,1795148358488559980,2024-05-27,NEG,ironic,
22930571,38193,38193,1795148358127952014,2024-05-27,NEU,ironic,
22930572,38194,38194,1795148355275727232,2024-05-27,NEU,ironic,
22930573,38195,38195,1795148354785034731,2024-05-27,NEG,not ironic,
22930574,38196,38196,1795148354512400761,2024-05-27,NEG,not ironic,
22930575,38197,38197,1795148354298536329,2024-05-27,NEG,ironic,
22930576,38198,38198,1795148353614868941,2024-05-27,POS,not ironic,
22930577,38199,38199,1795148352599793951,2024-05-27,NEG,not ironic,
22930578,38200,38200,1795148351886807246,2024-05-27,NEU,not ironic,
22930579,38201,38201,1795148350032896431,2024-05-27,NEG,ironic,
22930580,38202,38202,1795148350016090446,2024-05-27,NEG,ironic,
22930581,38203,38203,1795148348766224592,2024-05-27,NEU,not ironic,
22930582,38204,38204,1795148347805737259,2024-05-27,NEG,ironic,
22930583,38205,38205,1795148347637960955,2024-05-27,NEG,ironic,
22930584,38206,38206,1795148346144981440,2024-05-27,NEG,not ironic,
22930585,38207,38207,1795148345947685157,2024-05-27,NEU,not ironic,
22930586,38208,38208,1795148345239097624,2024-05-27,NEU,not ironic,
22930587,38209,38209,1795148343267434878,2024-05-27,POS,not ironic,
22930588,38210,38210,1795148342399230054,2024-05-27,NEU,not ironic,
22930589,38211,38211,1795148341237404155,2024-05-27,NEU,ironic,
22930590,38212,38212,1795148339916202268,2024-05-27,NEG,not ironic,
22930591,38213,38213,1795148338653753764,2024-05-27,NEG,not ironic,
22930592,38214,38214,1795148338355904692,2024-05-27,NEU,not ironic,
22930593,38215,38215,1795148338205020596,2024-05-27,NEG,ironic,
22930594,38216,38216,1795148338066551186,2024-05-27,NEU,not ironic,
22930595,38217,38217,1795148337961713844,2024-05-27,POS,not ironic,
22930596,38218,38218,1795148336565047751,2024-05-27,POS,ironic,
22930597,38219,38219,1795148335688388772,2024-05-27,NEG,ironic,
22930598,38220,38220,1795148335608656099,2024-05-27,NEU,ironic,
22930599,38221,38221,1795148335172485314,2024-05-27,NEU,ironic,
22930600,38222,38222,1795148333985476760,2024-05-27,POS,not ironic,
22930601,38223,38223,1795148333419245577,2024-05-27,NEG,ironic,
22930602,38224,38224,1795148331410190654,2024-05-27,NEG,not ironic,
22930603,38225,38225,1795148331137589505,2024-05-27,NEG,not ironic,
22930604,38226,38226,1795148330923704428,2024-05-27,NEG,not ironic,
22930605,38227,38227,1795148330504421659,2024-05-27,NEU,ironic,
22930606,38228,38228,1795148329837342939,2024-05-27,NEG,ironic,
22930607,38229,38229,1795148327962501513,2024-05-27,NEU,not ironic,
22930608,38230,38230,1795148327605895299,2024-05-27,NEG,ironic,
22930609,38231,38231,1795148327400419747,2024-05-27,NEG,ironic,
22930610,38232,38232,1795148326398009759,2024-05-27,NEU,not ironic,
22930611,38233,38233,1795148324317646942,2024-05-27,NEG,ironic,
22930612,38234,38234,1795148322769924557,2024-05-27,NEU,not ironic,
22930613,38235,38235,1795148322732208407,2024-05-27,NEU,ironic,
22930614,38236,38236,1795148321193066722,2024-05-27,NEU,ironic,
22930615,38237,38237,1795148321142489431,2024-05-27,POS,ironic,
22930616,38238,38238,1795148320941158542,2024-05-27,NEU,not ironic,
22930617,38239,38239,1795148320567972259,2024-05-27,NEU,ironic,
22930618,38240,38240,1795148319871676877,2024-05-27,NEU,not ironic,
22930619,38241,38241,1795148318730793086,2024-05-27,NEG,not ironic,
22930620,38242,38242,1795148316600132064,2024-05-27,NEG,ironic,
22930621,38243,38243,1795148314905571602,2024-05-27,POS,ironic,
22930622,38244,38244,1795148314788122720,2024-05-27,NEG,not ironic,
22930623,38245,38245,1795148314536452379,2024-05-27,NEU,not ironic,
22930624,38246,38246,1795148314058379368,2024-05-27,NEG,ironic,
22930625,38247,38247,1795148313630494816,2024-05-27,NEU,ironic,
22930626,38248,38248,1795148312376639720,2024-05-27,NEG,ironic,
22930627,38249,38249,1795148312028307543,2024-05-27,NEU,ironic,
22930628,38250,38250,1795148311810187447,2024-05-27,NEG,ironic,
22930629,38251,38251,1795148308358303846,2024-05-27,POS,ironic,
22930630,38252,38252,1795148308190507408,2024-05-27,POS,ironic,
22930631,38253,38253,1795148307313864868,2024-05-27,POS,not ironic,
22930632,38254,38254,1795148305803956356,2024-05-27,NEG,not ironic,
22930633,38255,38255,1795148304268857464,2024-05-27,NEG,not ironic,
22930634,38256,38256,1795148303312515529,2024-05-27,NEU,not ironic,
22930635,38257,38257,1795148302259826965,2024-05-27,NEG,not ironic,
22930636,38258,38258,1795148301769027780,2024-05-27,NEG,not ironic,
22930637,38259,38259,1795148300653412762,2024-05-27,NEU,not ironic,
22930638,38260,38260,1795148299923571107,2024-05-27,NEG,not ironic,
22930639,38261,38261,1795148299835424976,2024-05-27,NEU,ironic,
22930640,38262,38262,1795148299416096816,2024-05-27,NEG,not ironic,
22930641,38263,38263,1795148299244126661,2024-05-27,NEG,ironic,
22930642,38264,38264,1795148298858135926,2024-05-27,NEG,ironic,
22930643,38265,38265,1795148298673586537,2024-05-27,NEG,not ironic,
22930644,38266,38266,1795148298287771688,2024-05-27,NEG,ironic,
22930645,38267,38267,1795148297146978642,2024-05-27,NEG,ironic,
22930646,38268,38268,1795148296777834943,2024-05-27,NEG,not ironic,
22930647,38269,38269,1795148296748663033,2024-05-27,NEU,not ironic,
22930648,38270,38270,1795148295737606278,2024-05-27,NEU,not ironic,
22930649,38271,38271,1795148295242674600,2024-05-27,NEG,ironic,
22930650,38272,38272,1795148292889678156,2024-05-27,NEG,ironic,
22930651,38273,38273,1795148291132334365,2024-05-27,NEG,ironic,
22930652,38274,38274,1795148291077763390,2024-05-27,NEG,ironic,
22930653,38275,38275,1795148290230517999,2024-05-27,NEU,not ironic,
22930654,38276,38276,1795148289102274865,2024-05-27,NEG,ironic,
22930655,38277,38277,1795148288141807900,2024-05-27,NEG,ironic,
22930656,38278,38278,1795148287755845635,2024-05-27,NEG,not ironic,
22930657,38279,38279,1795148287453942241,2024-05-27,NEG,not ironic,
22930658,38280,38280,1795148287428735068,2024-05-27,NEU,not ironic,
22930659,38281,38281,1795148287382872324,2024-05-27,NEG,ironic,
22930660,38282,38282,1795148287327994093,2024-05-27,NEU,not ironic,
22930661,38283,38283,1795148286191436082,2024-05-27,NEG,not ironic,
22930662,38284,38284,1795148285377716494,2024-05-27,POS,not ironic,
22930663,38285,38285,1795148284727620006,2024-05-27,NEG,ironic,
22930664,38286,38286,1795148283947425848,2024-05-27,NEG,ironic,
22930665,38287,38287,1795148283880390963,2024-05-27,NEG,not ironic,
22930666,38288,38288,1795148283175748091,2024-05-27,NEG,ironic,
22930667,38289,38289,1795148281711935541,2024-05-27,NEG,ironic,
22930668,38290,38290,1795148281397248369,2024-05-27,NEG,not ironic,
22930669,38291,38291,1795148280814354942,2024-05-27,NEG,not ironic,
22930670,38292,38292,1795148280659169730,2024-05-27,POS,not ironic,
22930671,38293,38293,1795148279941906612,2024-05-27,NEG,not ironic,
22930672,38294,38294,1795148279811850724,2024-05-27,NEG,not ironic,
22930673,38295,38295,1795148279690174742,2024-05-27,NEG,not ironic,
22930674,38296,38296,1795148279208181876,2024-05-27,POS,ironic,
22930675,38297,38297,1795148278578688423,2024-05-27,NEU,ironic,
22930676,38298,38298,1795148278507438166,2024-05-27,POS,ironic,
22930677,38299,38299,1795148277379207455,2024-05-27,NEU,not ironic,
22930678,38300,38300,1795148277010092295,2024-05-27,NEG,not ironic,
22930679,38301,38301,1795148276783632609,2024-05-27,NEU,ironic,
22930680,38302,38302,1795148273956597790,2024-05-27,NEG,ironic,
22930681,38303,38303,1795148272421699957,2024-05-27,NEU,not ironic,
22930682,38304,38304,1795148271255499153,2024-05-27,NEU,ironic,
22930683,38305,38305,1795148271150579811,2024-05-27,NEG,not ironic,
22930684,38306,38306,1795148271112925299,2024-05-27,NEG,ironic,
22930685,38307,38307,1795148270978715724,2024-05-27,NEG,not ironic,
22930686,38308,38308,1795148270223622351,2024-05-27,NEU,not ironic,
22930687,38309,38309,1795148269666042329,2024-05-27,NEG,not ironic,
22930688,38310,38310,1795148269229592849,2024-05-27,POS,not ironic,
22930689,38311,38311,1795148268923453801,2024-05-27,NEU,ironic,
22930690,38312,38312,1795148268868948092,2024-05-27,NEG,ironic,
22930691,38313,38313,1795148268860735618,2024-05-27,NEU,ironic,
22930692,38314,38314,1795148268764266697,2024-05-27,POS,not ironic,
22930693,38315,38315,1795148267908628840,2024-05-27,NEG,ironic,
22930694,38316,38316,1795148267728130340,2024-05-27,NEU,not ironic,
22930695,38317,38317,1795148267149226110,2024-05-27,NEG,not ironic,
22930696,38318,38318,1795148266729885857,2024-05-27,NEU,not ironic,
22930697,38319,38319,1795148266620764352,2024-05-27,NEU,not ironic,
22930698,38320,38320,1795148265496674507,2024-05-27,NEU,not ironic,
22930699,38321,38321,1795148265215652000,2024-05-27,NEG,not ironic,
22930700,38322,38322,1795148264674820602,2024-05-27,NEG,not ironic,
22930701,38323,38323,1795148264079229418,2024-05-27,NEG,not ironic,
22930702,38324,38324,1795148262225105050,2024-05-27,NEG,not ironic,
22930703,38325,38325,1795148260765528239,2024-05-27,NEU,not ironic,
22930704,38326,38326,1795148259503243279,2024-05-27,NEG,not ironic,
22930705,38327,38327,1795148258345414746,2024-05-27,POS,not ironic,
22930706,38328,38328,1795148257703698884,2024-05-27,NEG,not ironic,
22930707,38329,38329,1795148256806043859,2024-05-27,NEG,not ironic,
22930708,38330,38330,1795148255585792424,2024-05-27,NEU,ironic,
22930709,38331,38331,1795148252142030922,2024-05-27,NEG,not ironic,
22930710,38332,38332,1795148250850201935,2024-05-27,NEG,ironic,
22930711,38333,38333,1795148250757898659,2024-05-27,NEG,not ironic,
22930712,38334,38334,1795148250304954771,2024-05-27,NEU,not ironic,
22930713,38335,38335,1795148250145509857,2024-05-27,NEU,not ironic,
22930714,38336,38336,1795148250036531324,2024-05-27,NEU,ironic,
22930715,38337,38337,1795148249944240311,2024-05-27,NEU,not ironic,
22930716,38338,38338,1795148249793253771,2024-05-27,NEG,ironic,
22930717,38339,38339,1795148248770019607,2024-05-27,NEG,not ironic,
22930718,38340,38340,1795148247255621869,2024-05-27,NEU,not ironic,
22930719,38341,38341,1795148246420996348,2024-05-27,NEG,ironic,
22930720,38342,38342,1795148245955482097,2024-05-27,NEG,ironic,
22930721,38343,38343,1795148245728956633,2024-05-27,NEU,not ironic,
22930722,38344,38344,1795148245506683281,2024-05-27,NEU,not ironic,
22930723,38345,38345,1795148244973912143,2024-05-27,NEG,not ironic,
22930724,38346,38346,1795148244244111387,2024-05-27,NEU,not ironic,
22930725,38347,38347,1795148243770228807,2024-05-27,NEG,ironic,
22930726,38348,38348,1795148243048800706,2024-05-27,NEG,ironic,
22930727,38349,38349,1795148242889372064,2024-05-27,POS,not ironic,
22930728,38350,38350,1795148240725139747,2024-05-27,NEG,not ironic,
22930729,38351,38351,1795148240519606410,2024-05-27,NEG,ironic,
22930730,38352,38352,1795148239701787043,2024-05-27,NEU,ironic,
22930731,38353,38353,1795148238233731345,2024-05-27,NEU,not ironic,
22930732,38354,38354,1795148235926904881,2024-05-27,NEU,ironic,
22930733,38355,38355,1795148235406717138,2024-05-27,NEU,ironic,
22930734,38356,38356,1795148235129954674,2024-05-27,NEG,not ironic,
22930735,38357,38357,1795148234030981343,2024-05-27,NEU,not ironic,
22930736,38358,38358,1795148233699647946,2024-05-27,NEG,not ironic,
22930737,38359,38359,1795148232906903727,2024-05-27,NEG,ironic,
22930738,38360,38360,1795148230658777162,2024-05-27,NEG,ironic,
22930739,38361,38361,1795148227936723346,2024-05-27,NEG,not ironic,
22930740,38362,38362,1795148227676680622,2024-05-27,NEG,ironic,
22930741,38363,38363,1795148227055866044,2024-05-27,NEG,not ironic,
22930742,38364,38364,1795148224874844487,2024-05-27,NEG,ironic,
22930743,38365,38365,1795148224409293133,2024-05-27,NEG,not ironic,
22930744,38366,38366,1795148223926989056,2024-05-27,NEU,not ironic,
22930745,38367,38367,1795148223188779446,2024-05-27,NEG,not ironic,
22930746,38368,38368,1795148223138472004,2024-05-27,NEG,ironic,
22930747,38369,38369,1795148221435560133,2024-05-27,NEG,not ironic,
22930748,38370,38370,1795148220190093627,2024-05-27,NEU,not ironic,
22930749,38371,38371,1795148219938201842,2024-05-27,NEU,ironic,
22930750,38372,38372,1795148219841724880,2024-05-27,NEU,not ironic,
22930751,38373,38373,1795148219283861827,2024-05-27,NEG,not ironic,
22930752,38374,38374,1795148218721858026,2024-05-27,NEG,ironic,
22930753,38375,38375,1795148218000420997,2024-05-27,NEG,ironic,
22930754,38376,38376,1795148217039901053,2024-05-27,NEG,not ironic,
22930755,38377,38377,1795148216540729406,2024-05-27,NEG,ironic,
22930756,38378,38378,1795148215509021148,2024-05-27,NEU,ironic,
22930757,38379,38379,1795148213336309951,2024-05-27,NEG,ironic,
22930758,38380,38380,1795148212438794556,2024-05-27,NEG,ironic,
22930759,38381,38381,1795148212409348501,2024-05-27,NEG,ironic,
22930760,38382,38382,1795148211570483294,2024-05-27,NEU,not ironic,
22930761,38383,38383,1795148211327467942,2024-05-27,NEU,not ironic,
22930762,38384,38384,1795148209821499467,2024-05-27,NEG,ironic,
22930763,38385,38385,1795148209569869919,2024-05-27,POS,not ironic,
22930764,38386,38386,1795148208458371519,2024-05-27,NEG,not ironic,
22930765,38387,38387,1795148207053226181,2024-05-27,NEG,not ironic,
22930766,38388,38388,1795148204897436068,2024-05-27,NEG,not ironic,
22930767,38389,38389,1795148201458127208,2024-05-27,NEG,ironic,
22930768,38390,38390,1795148201290289572,2024-05-27,NEG,not ironic,
22930769,38391,38391,1795148201273495578,2024-05-27,NEG,ironic,
22930770,38392,38392,1795148200631759041,2024-05-27,NEG,ironic,
22930771,38393,38393,1795148199809908746,2024-05-27,NEG,not ironic,
22930772,38394,38394,1795148199432196364,2024-05-27,NEG,ironic,
22930773,38395,38395,1795148198979235940,2024-05-27,NEG,ironic,
22930774,38396,38396,1795148198786334951,2024-05-27,NEG,not ironic,
22930775,38397,38397,1795148197821632937,2024-05-27,POS,ironic,
22930776,38398,38398,1795148197230174684,2024-05-27,NEU,not ironic,
22930777,38399,38399,1795148196131295317,2024-05-27,NEU,not ironic,
22930778,38400,38400,1795148195732787576,2024-05-27,NEG,not ironic,
22930779,38401,38401,1795148195598643401,2024-05-27,NEG,ironic,
22930780,38402,38402,1795148195531563145,2024-05-27,NEG,ironic,
22930781,38403,38403,1795148195179253780,2024-05-27,NEG,not ironic,
22930782,38404,38404,1795148194927583559,2024-05-27,NEG,not ironic,
22930783,38405,38405,1795148194520694911,2024-05-27,NEU,not ironic,
22930784,38406,38406,1795148193417630116,2024-05-27,NEG,not ironic,
22930785,38407,38407,1795148191786053686,2024-05-27,NEG,ironic,
22930786,38408,38408,1795148191702069302,2024-05-27,NEG,ironic,
22930787,38409,38409,1795148191333073251,2024-05-27,POS,not ironic,
22930788,38410,38410,1795148190640971809,2024-05-27,NEU,ironic,
22930789,38411,38411,1795148190234050624,2024-05-27,NEG,not ironic,
22930790,38412,38412,1795148188535435589,2024-05-27,NEG,not ironic,
22930791,38413,38413,1795148187134554275,2024-05-27,NEG,not ironic,
22930792,38414,38414,1795148186689867900,2024-05-27,NEG,ironic,
22930793,38415,38415,1795148186606063665,2024-05-27,NEG,ironic,
22930794,38416,38416,1795148186379497859,2024-05-27,NEG,not ironic,
22930795,38417,38417,1795148183560966446,2024-05-27,NEG,not ironic,
22930796,38418,38418,1795148182852104573,2024-05-27,NEG,not ironic,
22930797,38419,38419,1795148182717870470,2024-05-27,NEG,not ironic,
22930798,38420,38420,1795148182499860940,2024-05-27,NEU,not ironic,
22930799,38421,38421,1795148177927983479,2024-05-27,NEU,not ironic,
22930800,38422,38422,1795148177105961016,2024-05-27,NEG,ironic,
22930801,38423,38423,1795148173205188738,2024-05-27,NEU,ironic,
22930802,38424,38424,1795148173012242596,2024-05-27,NEU,not ironic,
22930803,38425,38425,1795148170759983267,2024-05-27,NEU,not ironic,
22930804,38426,38426,1795148170239881477,2024-05-27,NEG,not ironic,
22930805,38427,38427,1795148169560432844,2024-05-27,NEG,ironic,
22930806,38428,38428,1795148169254261085,2024-05-27,NEU,not ironic,
22930807,38429,38429,1795148168608280587,2024-05-27,NEU,not ironic,
22930808,38430,38430,1795148167719109104,2024-05-27,NEG,not ironic,
22930809,38431,38431,1795148167182209050,2024-05-27,NEG,ironic,
22930810,38432,38432,1795148167073210849,2024-05-27,POS,not ironic,
22930811,38433,38433,1795148165085118929,2024-05-27,NEG,not ironic,
22930812,38434,38434,1795148162744676752,2024-05-27,NEU,ironic,
22930813,38435,38435,1795148162010673580,2024-05-27,NEG,not ironic,
22930814,38436,38436,1795148161884860823,2024-05-27,NEG,not ironic,
22930815,38437,38437,1795148161616322577,2024-05-27,NEU,ironic,
22930816,38438,38438,1795148160592941179,2024-05-27,POS,not ironic,
22930817,38439,38439,1795148160299356546,2024-05-27,NEG,ironic,
22930818,38440,38440,1795148159850631504,2024-05-27,NEG,not ironic,
22930819,38441,38441,1795148159724695834,2024-05-27,NEG,not ironic,
22930820,38442,38442,1795148157203951880,2024-05-27,NEU,not ironic,
22930821,38443,38443,1795148156252062148,2024-05-27,NEG,ironic,
22930822,38444,38444,1795148156021211435,2024-05-27,NEG,not ironic,
22930823,38445,38445,1795148155731771859,2024-05-27,NEG,not ironic,
22930824,38446,38446,1795148153991086117,2024-05-27,NEU,not ironic,
22930825,38447,38447,1795148152858693991,2024-05-27,NEG,not ironic,
22930826,38448,38448,1795148152812536237,2024-05-27,NEG,not ironic,
22930827,38449,38449,1795148152699486599,2024-05-27,NEG,not ironic,
22930828,38450,38450,1795148152271421931,2024-05-27,NEG,not ironic,
22930829,38451,38451,1795148152103702616,2024-05-27,NEU,ironic,
22930830,38452,38452,1795148151424237584,2024-05-27,NEG,not ironic,
22930831,38453,38453,1795148150786699569,2024-05-27,NEG,not ironic,
22930832,38454,38454,1795148150254035273,2024-05-27,NEU,ironic,
22930833,38455,38455,1795148148903444674,2024-05-27,NEG,not ironic,
22930834,38456,38456,1795148148588830742,2024-05-27,NEU,ironic,
22930835,38457,38457,1795148147846492657,2024-05-27,NEG,ironic,
22930836,38458,38458,1795148143589306372,2024-05-27,NEU,not ironic,
22930837,38459,38459,1795148141072732445,2024-05-27,POS,not ironic,
22930838,38460,38460,1795148139533377574,2024-05-27,NEG,not ironic,
22930839,38461,38461,1795148138828710171,2024-05-27,NEU,not ironic,
22930840,38462,38462,1795148138128318884,2024-05-27,NEG,ironic,
22930841,38463,38463,1795148135997517845,2024-05-27,NEU,ironic,
22930842,38464,38464,1795148135376757049,2024-05-27,NEU,not ironic,
22930843,38465,38465,1795148133761970480,2024-05-27,NEU,not ironic,
22930844,38466,38466,1795148133636190358,2024-05-27,NEU,ironic,
22930845,38467,38467,1795148133246058611,2024-05-27,NEU,ironic,
22930846,38468,38468,1795148132231102487,2024-05-27,NEG,not ironic,
22930847,38469,38469,1795148131761349005,2024-05-27,NEG,not ironic,
22930848,38470,38470,1795148131086065902,2024-05-27,NEU,not ironic,
22930849,38471,38471,1795148130981199960,2024-05-27,NEU,not ironic,
22930850,38472,38472,1795148130347864518,2024-05-27,NEG,not ironic,
22930851,38473,38473,1795148129257353383,2024-05-27,NEU,not ironic,
22930852,38474,38474,1795148129056030961,2024-05-27,NEG,not ironic,
22930853,38475,38475,1795148127046914262,2024-05-27,NEG,not ironic,
22930854,38476,38476,1795148126623330332,2024-05-27,NEG,not ironic,
22930855,38477,38477,1795148126589698512,2024-05-27,NEU,not ironic,
22930856,38478,38478,1795148126145175658,2024-05-27,NEU,not ironic,
22930857,38479,38479,1795148122789720170,2024-05-27,NEU,not ironic,
22930858,38480,38480,1795148122173194484,2024-05-27,NEU,not ironic,
22930859,38481,38481,1795148121804059067,2024-05-27,NEG,ironic,
22930860,38482,38482,1795148120529002546,2024-05-27,NEU,not ironic,
22930861,38483,38483,1795148120340271612,2024-05-27,NEU,not ironic,
22930862,38484,38484,1795148118125588591,2024-05-27,NEU,ironic,
22930863,38485,38485,1795148117886505210,2024-05-27,NEG,ironic,
22930864,38486,38486,1795148117806862524,2024-05-27,NEU,not ironic,
22930865,38487,38487,1795148116905062811,2024-05-27,NEU,ironic,
22930866,38488,38488,1795148116636655926,2024-05-27,NEU,not ironic,
22930867,38489,38489,1795148115697164756,2024-05-27,NEG,ironic,
22930868,38490,38490,1795148115365736521,2024-05-27,NEG,not ironic,
22930869,38491,38491,1795148115005124674,2024-05-27,NEG,ironic,
22930870,38492,38492,1795148114937913640,2024-05-27,NEU,not ironic,
22930871,38493,38493,1795148113859981650,2024-05-27,NEU,not ironic,
22930872,38494,38494,1795148113566421152,2024-05-27,NEU,not ironic,
22930873,38495,38495,1795148113360933305,2024-05-27,NEG,not ironic,
22930874,38496,38496,1795148111985144294,2024-05-27,NEU,not ironic,
22930875,38497,38497,1795148109539869032,2024-05-27,NEG,ironic,
22930876,38498,38498,1795148109208486326,2024-05-27,NEG,ironic,
22930877,38499,38499,1795148108797493423,2024-05-27,NEU,not ironic,
22930878,38500,38500,1795148107736346978,2024-05-27,NEG,not ironic,
22930879,38501,38501,1795148107660877972,2024-05-27,NEG,not ironic,
22930880,38502,38502,1795148107425943932,2024-05-27,NEG,ironic,
22930881,38503,38503,1795148106096341352,2024-05-27,NEU,ironic,
22930882,38504,38504,1795148105987379350,2024-05-27,POS,not ironic,
22930883,38505,38505,1795148104708092066,2024-05-27,NEG,ironic,
22930884,38506,38506,1795148103869186284,2024-05-27,NEG,not ironic,
22930885,38507,38507,1795148102673854580,2024-05-27,POS,ironic,
22930886,38508,38508,1795148101281263661,2024-05-27,NEG,not ironic,
22930887,38509,38509,1795148099729473779,2024-05-27,NEU,not ironic,
22930888,38510,38510,1795148099301654926,2024-05-27,NEU,not ironic,
22930889,38511,38511,1795148099255472407,2024-05-27,POS,not ironic,
22930890,38512,38512,1795148097892258000,2024-05-27,NEG,not ironic,
22930891,38513,38513,1795148097833644483,2024-05-27,NEG,ironic,
22930892,38514,38514,1795148096537596153,2024-05-27,NEG,ironic,
22930893,38515,38515,1795148096457896182,2024-05-27,NEG,not ironic,
22930894,38516,38516,1795148095937708124,2024-05-27,NEG,not ironic,
22930895,38517,38517,1795148095866499388,2024-05-27,NEU,not ironic,
22930896,38518,38518,1795148095560298822,2024-05-27,NEG,ironic,
22930897,38519,38519,1795148094603956271,2024-05-27,NEU,not ironic,
22930898,38520,38520,1795148094478107119,2024-05-27,NEU,not ironic,
22930899,38521,38521,1795148093848969612,2024-05-27,NEG,not ironic,
22930900,38522,38522,1795148093463331121,2024-05-27,POS,not ironic,
22930901,38523,38523,1795148092024475827,2024-05-27,NEU,ironic,
22930902,38524,38524,1795148091844088155,2024-05-27,NEG,not ironic,
22930903,38525,38525,1795148091747623059,2024-05-27,NEG,not ironic,
22930904,38526,38526,1795148091676307771,2024-05-27,NEU,not ironic,
22930905,38527,38527,1795148091290484756,2024-05-27,NEG,ironic,
22930906,38528,38528,1795148090757837262,2024-05-27,NEG,not ironic,
22930907,38529,38529,1795148089348476993,2024-05-27,NEG,not ironic,
22930908,38530,38530,1795148088950259745,2024-05-27,NEU,ironic,
22930909,38531,38531,1795148088903864668,2024-05-27,NEG,not ironic,
22930910,38532,38532,1795148087863759107,2024-05-27,NEG,not ironic,
22930911,38533,38533,1795148086378991739,2024-05-27,NEG,not ironic,
22930912,38534,38534,1795148084848017588,2024-05-27,NEG,not ironic,
22930913,38535,38535,1795148083652624686,2024-05-27,NEU,ironic,
22930914,38536,38536,1795148082327306747,2024-05-27,NEG,not ironic,
22930915,38537,38537,1795148081442312361,2024-05-27,NEU,not ironic,
22930916,38538,38538,1795148081069019464,2024-05-27,NEG,not ironic,
22930917,38539,38539,1795148080007827853,2024-05-27,NEU,not ironic,
22930918,38540,38540,1795148079823298676,2024-05-27,NEG,not ironic,
22930919,38541,38541,1795148079651336508,2024-05-27,NEG,not ironic,
22930920,38542,38542,1795148079194075319,2024-05-27,NEG,not ironic,
22930921,38543,38543,1795148078657241361,2024-05-27,NEU,ironic,
22930922,38544,38544,1795148078267130169,2024-05-27,NEG,not ironic,
22930923,38545,38545,1795148076723638536,2024-05-27,NEG,not ironic,
22930924,38546,38546,1795148076543291505,2024-05-27,NEG,not ironic,
22930925,38547,38547,1795148076493013232,2024-05-27,NEU,not ironic,
22930926,38548,38548,1795148075788284225,2024-05-27,NEG,ironic,
22930927,38549,38549,1795148072877687264,2024-05-27,NEU,ironic,
22930928,38550,38550,1795148072223375607,2024-05-27,NEG,not ironic,
22930929,38551,38551,1795148071401034065,2024-05-27,NEU,not ironic,
22930930,38552,38552,1795148070255988895,2024-05-27,POS,not ironic,
22930931,38553,38553,1795148070243487801,2024-05-27,NEU,ironic,
22930932,38554,38554,1795148069962408303,2024-05-27,NEU,not ironic,
22930933,38555,38555,1795148069857526180,2024-05-27,NEU,not ironic,
22930934,38556,38556,1795148069454987570,2024-05-27,NEU,not ironic,
22930935,38557,38557,1795148068523794484,2024-05-27,NEG,not ironic,
22930936,38558,38558,1795148067525607425,2024-05-27,NEG,not ironic,
22930937,38559,38559,1795148066292388214,2024-05-27,POS,not ironic,
22930938,38560,38560,1795148064899936537,2024-05-27,NEG,ironic,
22930939,38561,38561,1795148063624880460,2024-05-27,NEU,not ironic,
22930940,38562,38562,1795148061225685272,2024-05-27,NEG,not ironic,
22930941,38563,38563,1795148058860073102,2024-05-27,NEG,ironic,
22930942,38564,38564,1795148058134536671,2024-05-27,POS,not ironic,
22930943,38565,38565,1795148055374639506,2024-05-27,NEG,ironic,
22930944,38566,38566,1795148055060140543,2024-05-27,NEG,ironic,
22930945,38567,38567,1795148053847974391,2024-05-27,NEG,ironic,
22930946,38568,38568,1795148053210378352,2024-05-27,NEG,ironic,
22930947,38569,38569,1795148052203815288,2024-05-27,NEG,ironic,
22930948,38570,38570,1795148047917122019,2024-05-27,NEG,ironic,
22930949,38571,38571,1795148047548047682,2024-05-27,NEG,ironic,
22930950,38572,38572,1795148046939914742,2024-05-27,POS,not ironic,
22930951,38573,38573,1795148046482784669,2024-05-27,NEU,ironic,
22930952,38574,38574,1795148045270516013,2024-05-27,POS,not ironic,
22930953,38575,38575,1795148044989546643,2024-05-27,NEG,not ironic,
22930954,38576,38576,1795148044754681909,2024-05-27,NEG,not ironic,
22930955,38577,38577,1795148044339405142,2024-05-27,NEG,ironic,
22930956,38578,38578,1795148044062601280,2024-05-27,NEU,not ironic,
22930957,38579,38579,1795148041567047807,2024-05-27,NEG,not ironic,
22930958,38580,38580,1795148041374064758,2024-05-27,NEG,not ironic,
22930959,38581,38581,1795148041260876280,2024-05-27,POS,not ironic,
22930960,38582,38582,1795148041097249249,2024-05-27,NEG,ironic,
22930961,38583,38583,1795148040476430831,2024-05-27,NEU,not ironic,
22930962,38584,38584,1795148038270271693,2024-05-27,NEU,not ironic,
22930963,38585,38585,1795148037968306383,2024-05-27,NEG,not ironic,
22930964,38586,38586,1795148037716656263,2024-05-27,NEG,not ironic,
22930965,38587,38587,1795148037607592372,2024-05-27,NEG,not ironic,
22930966,38588,38588,1795148037011972563,2024-05-27,NEU,not ironic,
22930967,38589,38589,1795148036609384807,2024-05-27,NEG,not ironic,
22930968,38590,38590,1795148035560722577,2024-05-27,POS,not ironic,
22930969,38591,38591,1795148035405775142,2024-05-27,NEU,not ironic,
22930970,38592,38592,1795148033803374708,2024-05-27,NEU,ironic,
22930971,38593,38593,1795148033191039417,2024-05-27,NEG,ironic,
22930972,38594,38594,1795148030884069638,2024-05-27,NEU,not ironic,
22930973,38595,38595,1795148030812835982,2024-05-27,NEG,not ironic,
22930974,38596,38596,1795148029025980452,2024-05-27,NEU,not ironic,
22930975,38597,38597,1795148028308816259,2024-05-27,POS,not ironic,
22930976,38598,38598,1795148027981857196,2024-05-27,NEU,not ironic,
22930977,38599,38599,1795148025356066883,2024-05-27,NEG,ironic,
22930978,38600,38600,1795148025037254802,2024-05-27,NEG,not ironic,
22930979,38601,38601,1795148023883837809,2024-05-27,NEG,not ironic,
22930980,38602,38602,1795148023342706908,2024-05-27,NEU,ironic,
22930981,38603,38603,1795148022067745036,2024-05-27,NEG,not ironic,
22930982,38604,38604,1795148019962155285,2024-05-27,NEG,ironic,
22930983,38605,38605,1795148019626553685,2024-05-27,NEG,not ironic,
22930984,38606,38606,1795148019148484994,2024-05-27,NEG,ironic,
22930985,38607,38607,1795148018980880737,2024-05-27,NEG,ironic,
22930986,38608,38608,1795148016707391489,2024-05-27,NEU,not ironic,
22930987,38609,38609,1795148016178933773,2024-05-27,NEU,not ironic,
22930988,38610,38610,1795148015813951779,2024-05-27,NEG,not ironic,
22930989,38611,38611,1795148015411323148,2024-05-27,NEG,ironic,
22930990,38612,38612,1795148014639546556,2024-05-27,NEG,not ironic,
22930991,38613,38613,1795148013993676988,2024-05-27,NEU,ironic,
22930992,38614,38614,1795148013876224446,2024-05-27,NEU,not ironic,
22930993,38615,38615,1795148013083451728,2024-05-27,NEG,ironic,
22930994,38616,38616,1795148012781552031,2024-05-27,NEU,not ironic,
22930995,38617,38617,1795148012353687775,2024-05-27,NEG,not ironic,
22930996,38618,38618,1795148012093833708,2024-05-27,NEU,not ironic,
22930997,38619,38619,1795148011372265658,2024-05-27,POS,ironic,
22930998,38620,38620,1795148010684358947,2024-05-27,NEG,not ironic,
22930999,38621,38621,1795148009132421584,2024-05-27,POS,not ironic,
22931000,38622,38622,1795148006183907443,2024-05-27,NEG,ironic,
22931001,38623,38623,1795148005772832967,2024-05-27,NEU,not ironic,
22931002,38624,38624,1795148005080752150,2024-05-27,NEG,ironic,
22931003,38625,38625,1795148004824944703,2024-05-27,NEG,not ironic,
22931004,38626,38626,1795148003336228969,2024-05-27,NEG,ironic,
22931005,38627,38627,1795148002681663535,2024-05-27,POS,not ironic,
22931006,38628,38628,1795147999758188846,2024-05-27,NEG,not ironic,
22931007,38629,38629,1795147996188787088,2024-05-27,NEG,not ironic,
22931008,38630,38630,1795147996046192852,2024-05-27,NEG,ironic,
22931009,38631,38631,1795147994863435846,2024-05-27,NEG,ironic,
22931010,38632,38632,1795147994406453659,2024-05-27,NEG,not ironic,
22931011,38633,38633,1795147994171322429,2024-05-27,NEG,ironic,
22931012,38634,38634,1795147994125189603,2024-05-27,NEG,ironic,
22931013,38635,38635,1795147993340899396,2024-05-27,NEU,ironic,
22931014,38636,38636,1795147993168932948,2024-05-27,NEG,not ironic,
22931015,38637,38637,1795147993122783686,2024-05-27,NEU,not ironic,
22931016,38638,38638,1795147993038876940,2024-05-27,NEG,ironic,
22931017,38639,38639,1795147989045911763,2024-05-27,NEG,ironic,
22931018,38640,38640,1795147988618084526,2024-05-27,NEG,not ironic,
22931019,38641,38641,1795147988513272251,2024-05-27,NEG,not ironic,
22931020,38642,38642,1795147987947028742,2024-05-27,NEG,not ironic,
22931021,38643,38643,1795147987510870086,2024-05-27,NEG,ironic,
22931022,38644,38644,1795147987192046020,2024-05-27,NEU,ironic,
22931023,38645,38645,1795147986105675835,2024-05-27,NEG,not ironic,
22931024,38646,38646,1795147985203912943,2024-05-27,NEU,not ironic,
22931025,38647,38647,1795147983903686901,2024-05-27,NEU,not ironic,
22931026,38648,38648,1795147983211860353,2024-05-27,POS,ironic,
22931027,38649,38649,1795147982750290162,2024-05-27,NEG,not ironic,
22931028,38650,38650,1795147982540607724,2024-05-27,NEG,not ironic,
22931029,38651,38651,1795147982226219199,2024-05-27,NEG,not ironic,
22931030,38652,38652,1795147979004727544,2024-05-27,NEU,not ironic,
22931031,38653,38653,1795147976047825287,2024-05-27,NEU,not ironic,
22931032,38654,38654,1795147975464825320,2024-05-27,NEG,ironic,
22931033,38655,38655,1795147974999175369,2024-05-27,NEG,ironic,
22931034,38656,38656,1795147974462337294,2024-05-27,NEG,not ironic,
22931035,38657,38657,1795147974156210193,2024-05-27,NEU,not ironic,
22931036,38658,38658,1795147972608491642,2024-05-27,NEU,ironic,
22931037,38659,38659,1795147972176470295,2024-05-27,NEU,not ironic,
22931038,38660,38660,1795147971924787624,2024-05-27,NEU,ironic,
22931039,38661,38661,1795147971366945058,2024-05-27,NEG,not ironic,
22931040,38662,38662,1795147971278815503,2024-05-27,NEU,not ironic,
22931041,38663,38663,1795147969487905144,2024-05-27,NEU,ironic,
22931042,38664,38664,1795147968317649291,2024-05-27,NEU,ironic,
22931043,38665,38665,1795147968087027994,2024-05-27,NEG,not ironic,
22931044,38666,38666,1795147968057631058,2024-05-27,NEG,ironic,
22931045,38667,38667,1795147968040812797,2024-05-27,NEG,ironic,
22931046,38668,38668,1795147966195405183,2024-05-27,NEG,not ironic,
22931047,38669,38669,1795147965578842303,2024-05-27,NEG,ironic,
22931048,38670,38670,1795147964962271351,2024-05-27,NEG,ironic,
22931049,38671,38671,1795147963032891488,2024-05-27,NEG,ironic,
22931050,38672,38672,1795147962995077581,2024-05-27,POS,not ironic,
22931051,38673,38673,1795147962969981017,2024-05-27,NEU,not ironic,
22931052,38674,38674,1795147962793754783,2024-05-27,NEU,ironic,
22931053,38675,38675,1795147962772865201,2024-05-27,NEG,ironic,
22931054,38676,38676,1795147962340782082,2024-05-27,NEU,not ironic,
22931055,38677,38677,1795147961741021575,2024-05-27,POS,not ironic,
22931056,38678,38678,1795147961300553885,2024-05-27,NEG,ironic,
22931057,38679,38679,1795147961284034699,2024-05-27,NEU,not ironic,
22931058,38680,38680,1795147959287349309,2024-05-27,NEU,ironic,
22931059,38681,38681,1795147958448443766,2024-05-27,NEU,ironic,
22931060,38682,38682,1795147958440067335,2024-05-27,NEG,not ironic,
22931061,38683,38683,1795147958259736971,2024-05-27,NEG,ironic,
22931062,38684,38684,1795147957790032210,2024-05-27,POS,ironic,
22931063,38685,38685,1795147957412475273,2024-05-27,POS,not ironic,
22931064,38686,38686,1795147955889926355,2024-05-27,NEU,ironic,
22931065,38687,38687,1795147955827057037,2024-05-27,NEG,not ironic,
22931066,38688,38688,1795147955608985908,2024-05-27,NEG,ironic,
22931067,38689,38689,1795147952802927053,2024-05-27,NEG,ironic,
22931068,38690,38690,1795147952559657041,2024-05-27,NEU,not ironic,
22931069,38691,38691,1795147950475149670,2024-05-27,NEU,not ironic,
22931070,38692,38692,1795147949694980168,2024-05-27,NEU,not ironic,
22931071,38693,38693,1795147947530678627,2024-05-27,NEG,not ironic,
22931072,38694,38694,1795147946050113981,2024-05-27,NEU,not ironic,
22931073,38695,38695,1795147945592885463,2024-05-27,NEG,ironic,
22931074,38696,38696,1795147943344840705,2024-05-27,NEU,not ironic,
22931075,38697,38697,1795147942799569094,2024-05-27,NEG,not ironic,
22931076,38698,38698,1795147942728196211,2024-05-27,NEG,ironic,
22931077,38699,38699,1795147942312951993,2024-05-27,NEG,ironic,
22931078,38700,38700,1795147941394477267,2024-05-27,NEG,not ironic,
22931079,38701,38701,1795147940236824980,2024-05-27,NEU,not ironic,
22931080,38702,38702,1795147938907201667,2024-05-27,NEG,ironic,
22931081,38703,38703,1795147938353598699,2024-05-27,NEU,not ironic,
22931082,38704,38704,1795147938269716868,2024-05-27,NEG,not ironic,
22931083,38705,38705,1795147937455980952,2024-05-27,NEG,not ironic,
22931084,38706,38706,1795147936919179424,2024-05-27,NEG,not ironic,
22931085,38707,38707,1795147934016696555,2024-05-27,NEU,not ironic,
22931086,38708,38708,1795147932993265998,2024-05-27,NEG,ironic,
22931087,38709,38709,1795147932326412704,2024-05-27,NEG,not ironic,
22931088,38710,38710,1795147932049498120,2024-05-27,NEG,not ironic,
22931089,38711,38711,1795147931193884981,2024-05-27,POS,ironic,
22931090,38712,38712,1795147931147743484,2024-05-27,NEG,ironic,
22931091,38713,38713,1795147931051253833,2024-05-27,NEG,not ironic,
22931092,38714,38714,1795147930355024154,2024-05-27,NEG,not ironic,
22931093,38715,38715,1795147930157936706,2024-05-27,NEU,not ironic,
22931094,38716,38716,1795147929843286440,2024-05-27,POS,not ironic,
22931095,38717,38717,1795147929784639930,2024-05-27,POS,ironic,
22931096,38718,38718,1795147929629454472,2024-05-27,NEG,ironic,
22931097,38719,38719,1795147929604456820,2024-05-27,NEG,not ironic,
22931098,38720,38720,1795147929428148626,2024-05-27,POS,not ironic,
22931099,38721,38721,1795147924894019898,2024-05-27,NEG,ironic,
22931100,38722,38722,1795147923430228270,2024-05-27,NEG,ironic,
22931101,38723,38723,1795147923145019733,2024-05-27,NEG,ironic,
22931102,38724,38724,1795147921500876979,2024-05-27,NEG,ironic,
22931103,38725,38725,1795147920167129143,2024-05-27,NEG,ironic,
22931104,38726,38726,1795147917117845564,2024-05-27,NEU,not ironic,
22931105,38727,38727,1795147914727002591,2024-05-27,NEG,ironic,
22931106,38728,38728,1795147914387362011,2024-05-27,NEG,ironic,
22931107,38729,38729,1795147913108009302,2024-05-27,NEG,not ironic,
22931108,38730,38730,1795147912277561428,2024-05-27,NEG,ironic,
22931109,38731,38731,1795147911665258945,2024-05-27,NEG,not ironic,
22931110,38732,38732,1795147910717276272,2024-05-27,NEG,not ironic,
22931111,38733,38733,1795147910083936675,2024-05-27,NEG,ironic,
22931112,38734,38734,1795147909228265613,2024-05-27,NEU,not ironic,
22931113,38735,38735,1795147908884373813,2024-05-27,NEU,not ironic,
22931114,38736,38736,1795147908070728161,2024-05-27,NEG,ironic,
22931115,38737,38737,1795147907701563479,2024-05-27,NEG,ironic,
22931116,38738,38738,1795147907030454285,2024-05-27,NEG,not ironic,
22931117,38739,38739,1795147906569089274,2024-05-27,NEU,not ironic,
22931118,38740,38740,1795147905386389805,2024-05-27,NEU,ironic,
22931119,38741,38741,1795147905348628608,2024-05-27,NEG,ironic,
22931120,38742,38742,1795147904383922621,2024-05-27,NEG,not ironic,
22931121,38743,38743,1795147902416835000,2024-05-27,NEU,ironic,
22931122,38744,38744,1795147901934395480,2024-05-27,NEG,ironic,
22931123,38745,38745,1795147899887648871,2024-05-27,NEU,not ironic,
22931124,38746,38746,1795147899786977777,2024-05-27,NEU,ironic,
22931125,38747,38747,1795147899703103736,2024-05-27,NEG,ironic,
22931126,38748,38748,1795147899698839647,2024-05-27,NEG,not ironic,
22931127,38749,38749,1795147899585569048,2024-05-27,NEU,ironic,
22931128,38750,38750,1795147898897793203,2024-05-27,NEG,not ironic,
22931129,38751,38751,1795147898604122388,2024-05-27,NEU,not ironic,
22931130,38752,38752,1795147898532802576,2024-05-27,NEG,ironic,
22931131,38753,38753,1795147898050445374,2024-05-27,NEG,ironic,
22931132,38754,38754,1795147897538838533,2024-05-27,NEG,ironic,
22931133,38755,38755,1795147896955789771,2024-05-27,NEG,not ironic,
22931134,38756,38756,1795147893327724990,2024-05-27,NEG,not ironic,
22931135,38757,38757,1795147893092815091,2024-05-27,NEG,not ironic,
22931136,38758,38758,1795147892908257484,2024-05-27,POS,not ironic,
22931137,38759,38759,1795147892535054460,2024-05-27,NEG,not ironic,
22931138,38760,38760,1795147890827882571,2024-05-27,NEG,ironic,
22931139,38761,38761,1795147889955492211,2024-05-27,NEU,not ironic,
22931140,38762,38762,1795147889666113989,2024-05-27,NEU,not ironic,
22931141,38763,38763,1795147889460515004,2024-05-27,NEG,ironic,
22931142,38764,38764,1795147888848191739,2024-05-27,NEG,not ironic,
22931143,38765,38765,1795147888617525703,2024-05-27,NEG,not ironic,
22931144,38766,38766,1795147887631908984,2024-05-27,NEU,ironic,
22931145,38767,38767,1795147887271186709,2024-05-27,NEG,ironic,
22931146,38768,38768,1795147886440681627,2024-05-27,POS,not ironic,
22931147,38769,38769,1795147886289674584,2024-05-27,POS,not ironic,
22931148,38770,38770,1795147886151237893,2024-05-27,NEG,ironic,
22931149,38771,38771,1795147885958303825,2024-05-27,NEU,not ironic,
22931150,38772,38772,1795147885891199299,2024-05-27,NEG,ironic,
22931151,38773,38773,1795147885580874163,2024-05-27,NEU,not ironic,
22931152,38774,38774,1795147882829316223,2024-05-27,NEG,not ironic,
22931153,38775,38775,1795147882128933069,2024-05-27,NEU,not ironic,
22931154,38776,38776,1795147880488976718,2024-05-27,NEG,not ironic,
22931155,38777,38777,1795147880337948848,2024-05-27,NEG,not ironic,
22931156,38778,38778,1795147880291860896,2024-05-27,NEU,ironic,
22931157,38779,38779,1795147878517657738,2024-05-27,POS,ironic,
22931158,38780,38780,1795147877783646678,2024-05-27,NEU,not ironic,
22931159,38781,38781,1795147876907065577,2024-05-27,NEG,ironic,
22931160,38782,38782,1795147874977677610,2024-05-27,NEG,not ironic,
22931161,38783,38783,1795147873564176762,2024-05-27,NEU,ironic,
22931162,38784,38784,1795147872003850489,2024-05-27,NEG,ironic,
22931163,38785,38785,1795147869814403462,2024-05-27,NEG,not ironic,
22931164,38786,38786,1795147868988149913,2024-05-27,NEU,not ironic,
22931165,38787,38787,1795147868799373533,2024-05-27,NEG,ironic,
22931166,38788,38788,1795147867989954862,2024-05-27,NEU,not ironic,
22931167,38789,38789,1795147866014404764,2024-05-27,NEG,ironic,
22931168,38790,38790,1795147865817334052,2024-05-27,NEG,not ironic,
22931169,38791,38791,1795147865292992591,2024-05-27,NEU,not ironic,
22931170,38792,38792,1795147864449966299,2024-05-27,NEG,ironic,
22931171,38793,38793,1795147863787212895,2024-05-27,NEG,not ironic,
22931172,38794,38794,1795147863078338840,2024-05-27,NEG,ironic,
22931173,38795,38795,1795147862973559225,2024-05-27,NEU,not ironic,
22931174,38796,38796,1795147861883076937,2024-05-27,NEG,not ironic,
22931175,38797,38797,1795147861560066394,2024-05-27,NEG,ironic,
22931176,38798,38798,1795147861283193290,2024-05-27,NEG,not ironic,
22931177,38799,38799,1795147860582821946,2024-05-27,NEG,ironic,
22931178,38800,38800,1795147860557615238,2024-05-27,NEG,ironic,
22931179,38801,38801,1795147857873248414,2024-05-27,NEG,not ironic,
22931180,38802,38802,1795147857768612352,2024-05-27,NEG,not ironic,
22931181,38803,38803,1795147856413671820,2024-05-27,NEG,not ironic,
22931182,38804,38804,1795147856203882645,2024-05-27,NEU,ironic,
22931183,38805,38805,1795147855704764652,2024-05-27,NEG,not ironic,
22931184,38806,38806,1795147854404571378,2024-05-27,POS,not ironic,
22931185,38807,38807,1795147853544767898,2024-05-27,NEU,not ironic,
22931186,38808,38808,1795147853494616108,2024-05-27,NEG,ironic,
22931187,38809,38809,1795147851791503628,2024-05-27,NEG,not ironic,
22931188,38810,38810,1795147851565035920,2024-05-27,POS,not ironic,
22931189,38811,38811,1795147850277323062,2024-05-27,POS,ironic,
22931190,38812,38812,1795147849035821206,2024-05-27,NEG,not ironic,
22931191,38813,38813,1795147848973156441,2024-05-27,NEG,not ironic,
22931192,38814,38814,1795147848910000331,2024-05-27,NEU,not ironic,
22931193,38815,38815,1795147846254993573,2024-05-27,POS,ironic,
22931194,38816,38816,1795147845609136331,2024-05-27,NEU,not ironic,
22931195,38817,38817,1795147845013475358,2024-05-27,NEG,not ironic,
22931196,38818,38818,1795147844187247055,2024-05-27,NEG,ironic,
22931197,38819,38819,1795147843977510920,2024-05-27,NEG,ironic,
22931198,38820,38820,1795147843868688448,2024-05-27,NEG,not ironic,
22931199,38821,38821,1795147843411300432,2024-05-27,NEU,ironic,
22931200,38822,38822,1795147841322569986,2024-05-27,NEG,not ironic,
22931201,38823,38823,1795147840978551023,2024-05-27,NEG,ironic,
22931202,38824,38824,1795147840974393527,2024-05-27,NEU,not ironic,
22931203,38825,38825,1795147840244597126,2024-05-27,NEG,not ironic,
22931204,38826,38826,1795147839716163634,2024-05-27,NEU,not ironic,
22931205,38827,38827,1795147838302638293,2024-05-27,NEU,ironic,
22931206,38828,38828,1795147836301906292,2024-05-27,NEU,not ironic,
22931207,38829,38829,1795147835744117054,2024-05-27,NEU,not ironic,
22931208,38830,38830,1795147835249189091,2024-05-27,NEU,not ironic,
22931209,38831,38831,1795147833944727941,2024-05-27,NEG,not ironic,
22931210,38832,38832,1795147833818935433,2024-05-27,NEU,not ironic,
22931211,38833,38833,1795147833680478417,2024-05-27,NEU,not ironic,
22931212,38834,38834,1795147833382773014,2024-05-27,NEU,not ironic,
22931213,38835,38835,1795147832380289517,2024-05-27,NEU,not ironic,
22931214,38836,38836,1795147831059058892,2024-05-27,NEG,not ironic,
22931215,38837,38837,1795147830723498053,2024-05-27,NEU,not ironic,
22931216,38838,38838,1795147830694170711,2024-05-27,NEU,not ironic,
22931217,38839,38839,1795147829905588641,2024-05-27,NEG,not ironic,
22931218,38840,38840,1795147828571857317,2024-05-27,NEG,not ironic,
22931219,38841,38841,1795147826856440160,2024-05-27,NEG,not ironic,
22931220,38842,38842,1795147826403353036,2024-05-27,NEG,ironic,
22931221,38843,38843,1795147824738312373,2024-05-27,NEG,not ironic,
22931222,38844,38844,1795147824230728173,2024-05-27,NEG,ironic,
22931223,38845,38845,1795147823060492393,2024-05-27,NEG,ironic,
22931224,38846,38846,1795147822242656478,2024-05-27,NEG,not ironic,
22931225,38847,38847,1795147821345104011,2024-05-27,POS,ironic,
22931226,38848,38848,1795147820862787796,2024-05-27,NEG,not ironic,
22931227,38849,38849,1795147820686557342,2024-05-27,NEG,ironic,
22931228,38850,38850,1795147820413882831,2024-05-27,NEU,not ironic,
22931229,38851,38851,1795147819763798256,2024-05-27,NEU,not ironic,
22931230,38852,38852,1795147819193434357,2024-05-27,NEG,not ironic,
22931231,38853,38853,1795147817855467707,2024-05-27,NEG,ironic,
22931232,38854,38854,1795147814546112804,2024-05-27,NEU,not ironic,
22931233,38855,38855,1795147813396893913,2024-05-27,NEU,not ironic,
22931234,38856,38856,1795147812973289617,2024-05-27,POS,not ironic,
22931235,38857,38857,1795147811958182135,2024-05-27,POS,ironic,
22931236,38858,38858,1795147810410573938,2024-05-27,NEG,not ironic,
22931237,38859,38859,1795147809525502137,2024-05-27,NEG,not ironic,
22931238,38860,38860,1795147809210912853,2024-05-27,NEG,not ironic,
22931239,38861,38861,1795147808342708387,2024-05-27,NEU,ironic,
22931240,38862,38862,1795147807843639680,2024-05-27,NEU,not ironic,
22931241,38863,38863,1795147807617122339,2024-05-27,NEG,ironic,
22931242,38864,38864,1795147806476218688,2024-05-27,NEG,ironic,
22931243,38865,38865,1795147803611509100,2024-05-27,NEG,ironic,
22931244,38866,38866,1795147802869367190,2024-05-27,NEG,ironic,
22931245,38867,38867,1795147802302890423,2024-05-27,NEU,ironic,
22931246,38868,38868,1795147802021962154,2024-05-27,NEG,not ironic,
22931247,38869,38869,1795147801724146113,2024-05-27,NEG,not ironic,
22931248,38870,38870,1795147801300554170,2024-05-27,NEG,not ironic,
22931249,38871,38871,1795147801225048145,2024-05-27,NEG,ironic,
22931250,38872,38872,1795147799350116537,2024-05-27,NEG,not ironic,
22931251,38873,38873,1795147798569975875,2024-05-27,NEG,ironic,
22931252,38874,38874,1795147798314152000,2024-05-27,NEG,not ironic,
22931253,38875,38875,1795147797789847660,2024-05-27,NEG,ironic,
22931254,38876,38876,1795147797676650534,2024-05-27,NEG,ironic,
22931255,38877,38877,1795147796695142747,2024-05-27,NEG,ironic,
22931256,38878,38878,1795147795080298502,2024-05-27,NEG,not ironic,
22931257,38879,38879,1795147794212061468,2024-05-27,NEG,ironic,
22931258,38880,38880,1795147793931121083,2024-05-27,NEG,ironic,
22931259,38881,38881,1795147793788699008,2024-05-27,NEG,not ironic,
22931260,38882,38882,1795147792903446812,2024-05-27,NEG,ironic,
22931261,38883,38883,1795147792890917256,2024-05-27,NEG,ironic,
22931262,38884,38884,1795147792676999631,2024-05-27,NEU,ironic,
22931263,38885,38885,1795147792630866192,2024-05-27,NEG,ironic,
22931264,38886,38886,1795147790730883173,2024-05-27,NEG,not ironic,
22931265,38887,38887,1795147789917118779,2024-05-27,NEG,not ironic,
22931266,38888,38888,1795147789199941873,2024-05-27,POS,not ironic,
22931267,38889,38889,1795147788851773651,2024-05-27,NEU,not ironic,
22931268,38890,38890,1795147786431680947,2024-05-27,NEU,ironic,
22931269,38891,38891,1795147786297462939,2024-05-27,NEU,not ironic,
22931270,38892,38892,1795147785043370205,2024-05-27,NEU,not ironic,
22931271,38893,38893,1795147785030824383,2024-05-27,NEU,not ironic,
22931272,38894,38894,1795147784036942019,2024-05-27,NEG,ironic,
22931273,38895,38895,1795147783969640853,2024-05-27,NEG,ironic,
22931274,38896,38896,1795147783889993859,2024-05-27,NEG,not ironic,
22931275,38897,38897,1795147783869022695,2024-05-27,NEU,not ironic,
22931276,38898,38898,1795147783743123684,2024-05-27,NEU,not ironic,
22931277,38899,38899,1795147783214686307,2024-05-27,NEU,not ironic,
22931278,38900,38900,1795147780626759697,2024-05-27,NEU,ironic,
22931279,38901,38901,1795147779687293176,2024-05-27,NEG,not ironic,
22931280,38902,38902,1795147779649491399,2024-05-27,POS,not ironic,
22931281,38903,38903,1795147779246809355,2024-05-27,NEG,ironic,
22931282,38904,38904,1795147779053937079,2024-05-27,NEG,not ironic,
22931283,38905,38905,1795147777011257491,2024-05-27,NEU,ironic,
22931284,38906,38906,1795147776659018003,2024-05-27,NEG,not ironic,
22931285,38907,38907,1795147775337730269,2024-05-27,NEG,ironic,
22931286,38908,38908,1795147773911744916,2024-05-27,NEG,not ironic,
22931287,38909,38909,1795147773144162593,2024-05-27,NEU,ironic,
22931288,38910,38910,1795147772158410991,2024-05-27,POS,not ironic,
22931289,38911,38911,1795147771713814566,2024-05-27,NEG,ironic,
22931290,38912,38912,1795147770824679695,2024-05-27,NEG,ironic,
22931291,38913,38913,1795147770103214219,2024-05-27,NEG,ironic,
22931292,38914,38914,1795147766781329661,2024-05-27,NEG,not ironic,
22931293,38915,38915,1795147765422620691,2024-05-27,POS,not ironic,
22931294,38916,38916,1795147764168323252,2024-05-27,NEG,not ironic,
22931295,38917,38917,1795147763304280458,2024-05-27,NEU,ironic,
22931296,38918,38918,1795147762083717512,2024-05-27,NEG,not ironic,
22931297,38919,38919,1795147761773400226,2024-05-27,NEU,ironic,
22931298,38920,38920,1795147761228333504,2024-05-27,NEG,not ironic,
22931299,38921,38921,1795147760468922827,2024-05-27,NEG,not ironic,
22931300,38922,38922,1795147759089041682,2024-05-27,NEG,ironic,
22931301,38923,38923,1795147759000911898,2024-05-27,NEG,not ironic,
22931302,38924,38924,1795147758493458905,2024-05-27,NEU,not ironic,
22931303,38925,38925,1795147757998481897,2024-05-27,NEG,ironic,
22931304,38926,38926,1795147757058941227,2024-05-27,NEU,ironic,
22931305,38927,38927,1795147756090138825,2024-05-27,NEG,not ironic,
22931306,38928,38928,1795147756073328814,2024-05-27,NEU,not ironic,
22931307,38929,38929,1795147754391429154,2024-05-27,NEG,not ironic,
22931308,38930,38930,1795147753753854307,2024-05-27,NEG,ironic,
22931309,38931,38931,1795147751828668470,2024-05-27,NEG,ironic,
22931310,38932,38932,1795147750465519939,2024-05-27,NEG,ironic,
22931311,38933,38933,1795147750121656450,2024-05-27,NEG,not ironic,
22931312,38934,38934,1795147749215604814,2024-05-27,POS,not ironic,
22931313,38935,38935,1795147749085807070,2024-05-27,NEG,not ironic,
22931314,38936,38936,1795147747906998424,2024-05-27,NEG,not ironic,
22931315,38937,38937,1795147744799052129,2024-05-27,NEU,not ironic,
22931316,38938,38938,1795147744534753778,2024-05-27,NEU,not ironic,
22931317,38939,38939,1795147742831943992,2024-05-27,NEG,not ironic,
22931318,38940,38940,1795147742060118356,2024-05-27,NEU,not ironic,
22931319,38941,38941,1795147739400945928,2024-05-27,NEU,not ironic,
22931320,38942,38942,1795147739124175290,2024-05-27,NEG,ironic,
22931321,38943,38943,1795147735500194096,2024-05-27,NEG,ironic,
22931322,38944,38944,1795147734959161638,2024-05-27,NEG,ironic,
22931323,38945,38945,1795147733977743731,2024-05-27,NEG,not ironic,
22931324,38946,38946,1795147733591802332,2024-05-27,NEG,not ironic,
22931325,38947,38947,1795147733264691471,2024-05-27,NEU,not ironic,
22931326,38948,38948,1795147733247868957,2024-05-27,NEG,not ironic,
22931327,38949,38949,1795147732484751477,2024-05-27,NEU,ironic,
22931328,38950,38950,1795147732430082069,2024-05-27,NEU,ironic,
22931329,38951,38951,1795147731473662083,2024-05-27,NEU,not ironic,
22931330,38952,38952,1795147731247169992,2024-05-27,POS,not ironic,
22931331,38953,38953,1795147730769092722,2024-05-27,NEG,not ironic,
22931332,38954,38954,1795147729796022305,2024-05-27,NEU,not ironic,
22931333,38955,38955,1795147729548501412,2024-05-27,POS,not ironic,
22931334,38956,38956,1795147728747417934,2024-05-27,NEU,not ironic,
22931335,38957,38957,1795147726771962175,2024-05-27,NEG,ironic,
22931336,38958,38958,1795147726373413048,2024-05-27,NEU,ironic,
22931337,38959,38959,1795147726335701383,2024-05-27,NEU,not ironic,
22931338,38960,38960,1795147725832339858,2024-05-27,NEG,ironic,
22931339,38961,38961,1795147725094211658,2024-05-27,NEG,ironic,
22931340,38962,38962,1795147724376981794,2024-05-27,NEU,ironic,
22931341,38963,38963,1795147723454157159,2024-05-27,NEG,ironic,
22931342,38964,38964,1795147723273830474,2024-05-27,NEU,ironic,
22931343,38965,38965,1795147721646502168,2024-05-27,NEU,ironic,
22931344,38966,38966,1795147719994118410,2024-05-27,NEG,not ironic,
22931345,38967,38967,1795147719436112143,2024-05-27,NEU,not ironic,
22931346,38968,38968,1795147719167688884,2024-05-27,NEU,not ironic,
22931347,38969,38969,1795147716705571209,2024-05-27,NEG,ironic,
22931348,38970,38970,1795147712976859593,2024-05-27,NEG,not ironic,
22931349,38971,38971,1795147712800657750,2024-05-27,NEU,not ironic,
22931350,38972,38972,1795147710741336110,2024-05-27,POS,ironic,
22931351,38973,38973,1795147709571055850,2024-05-27,POS,not ironic,
22931352,38974,38974,1795147708027551964,2024-05-27,NEG,ironic,
22931353,38975,38975,1795147707868201401,2024-05-27,NEG,not ironic,
22931354,38976,38976,1795147707629142308,2024-05-27,NEG,ironic,
22931355,38977,38977,1795147707075416184,2024-05-27,NEG,ironic,
22931356,38978,38978,1795147705108295979,2024-05-27,NEG,not ironic,
22931357,38979,38979,1795147703782953286,2024-05-27,NEU,not ironic,
22931358,38980,38980,1795147703493464089,2024-05-27,NEG,not ironic,
22931359,38981,38981,1795147703279579300,2024-05-27,NEG,not ironic,
22931360,38982,38982,1795147702369394957,2024-05-27,NEG,ironic,
22931361,38983,38983,1795147700452630557,2024-05-27,NEG,not ironic,
22931362,38984,38984,1795147699672465611,2024-05-27,NEU,not ironic,
22931363,38985,38985,1795147698619728229,2024-05-27,NEG,not ironic,
22931364,38986,38986,1795147698129019243,2024-05-27,NEU,not ironic,
22931365,38987,38987,1795147695436247213,2024-05-27,NEG,not ironic,
22931366,38988,38988,1795147694987526185,2024-05-27,NEG,not ironic,
22931367,38989,38989,1795147694974914594,2024-05-27,NEU,ironic,
22931368,38990,38990,1795147692726686145,2024-05-27,NEG,not ironic,
22931369,38991,38991,1795147691590082725,2024-05-27,NEG,ironic,
22931370,38992,38992,1795147691304849512,2024-05-27,NEG,not ironic,
22931371,38993,38993,1795147690608652447,2024-05-27,NEG,not ironic,
22931372,38994,38994,1795147689283276865,2024-05-27,NEU,ironic,
22931373,38995,38995,1795147687853003018,2024-05-27,NEG,not ironic,
22931374,38996,38996,1795147686431035431,2024-05-27,NEU,not ironic,
22931375,38997,38997,1795147686389133610,2024-05-27,NEG,not ironic,
22931376,38998,38998,1795147684208128188,2024-05-27,NEG,ironic,
22931377,38999,38999,1795147683771855087,2024-05-27,NEU,not ironic,
22931378,39000,39000,1795147682639446156,2024-05-27,NEG,not ironic,
22931379,39001,39001,1795147681788010614,2024-05-27,POS,ironic,
22931380,39002,39002,1795147680294862954,2024-05-27,NEG,not ironic,
22931381,39003,39003,1795147679871160560,2024-05-27,NEG,not ironic,
22931382,39004,39004,1795147679644696928,2024-05-27,NEG,not ironic,
22931383,39005,39005,1795147679204286732,2024-05-27,NEG,not ironic,
22931384,39006,39006,1795147678331871380,2024-05-27,NEG,ironic,
22931385,39007,39007,1795147678034063518,2024-05-27,NEG,ironic,
22931386,39008,39008,1795147676083777934,2024-05-27,POS,ironic,
22931387,39009,39009,1795147675995717691,2024-05-27,NEU,ironic,
22931388,39010,39010,1795147675756597747,2024-05-27,NEG,not ironic,
22931389,39011,39011,1795147675509125150,2024-05-27,NEU,not ironic,
22931390,39012,39012,1795147675139989944,2024-05-27,NEG,ironic,
22931391,39013,39013,1795147675022561714,2024-05-27,NEG,ironic,
22931392,39014,39014,1795147673852416406,2024-05-27,NEU,not ironic,
22931393,39015,39015,1795147673693020174,2024-05-27,NEU,ironic,
22931394,39016,39016,1795147673466507267,2024-05-27,NEG,ironic,
22931395,39017,39017,1795147672598225095,2024-05-27,NEG,not ironic,
22931396,39018,39018,1795147671436468432,2024-05-27,NEU,not ironic,
22931397,39019,39019,1795147671239307575,2024-05-27,NEG,not ironic,
22931398,39020,39020,1795147669939290613,2024-05-27,POS,not ironic,
22931399,39021,39021,1795147668643012631,2024-05-27,NEU,not ironic,
22931400,39022,39022,1795147668202619031,2024-05-27,POS,not ironic,
22931401,39023,39023,1795147668030693384,2024-05-27,NEG,ironic,
22931402,39024,39024,1795147667820982612,2024-05-27,NEU,not ironic,
22931403,39025,39025,1795147666352926763,2024-05-27,NEG,not ironic,
22931404,39026,39026,1795147665308524789,2024-05-27,NEG,ironic,
22931405,39027,39027,1795147664423846023,2024-05-27,NEG,not ironic,
22931406,39028,39028,1795147664407044250,2024-05-27,POS,ironic,
22931407,39029,39029,1795147663706300807,2024-05-27,NEU,not ironic,
22931408,39030,39030,1795147662406107625,2024-05-27,NEG,not ironic,
22931409,39031,39031,1795147661601013935,2024-05-27,NEU,not ironic,
22931410,39032,39032,1795147660657131942,2024-05-27,NEG,not ironic,
22931411,39033,39033,1795147660510335029,2024-05-27,POS,ironic,
22931412,39034,39034,1795147660367745511,2024-05-27,NEG,ironic,
22931413,39035,39035,1795147660133007455,2024-05-27,NEG,not ironic,
22931414,39036,39036,1795147658987819079,2024-05-27,NEG,not ironic,
22931415,39037,39037,1795147658291515714,2024-05-27,POS,ironic,
22931416,39038,39038,1795147656043364435,2024-05-27,NEG,not ironic,
22931417,39039,39039,1795147655795884337,2024-05-27,POS,not ironic,
22931418,39040,39040,1795147655548400092,2024-05-27,NEG,ironic,
22931419,39041,39041,1795147654667677929,2024-05-27,POS,ironic,
22931420,39042,39042,1795147654298517512,2024-05-27,NEU,ironic,
22931421,39043,39043,1795147653723947058,2024-05-27,POS,not ironic,
22931422,39044,39044,1795147651878428899,2024-05-27,POS,not ironic,
22931423,39045,39045,1795147651400241546,2024-05-27,NEU,not ironic,
22931424,39046,39046,1795147649558986871,2024-05-27,NEU,ironic,
22931425,39047,39047,1795147649001152827,2024-05-27,NEG,not ironic,
22931426,39048,39048,1795147646107058468,2024-05-27,NEU,ironic,
22931427,39049,39049,1795147645847040102,2024-05-27,POS,ironic,
22931428,39050,39050,1795147644861562991,2024-05-27,NEU,not ironic,
22931429,39051,39051,1795147644555108813,2024-05-27,NEG,not ironic,
22931430,39052,39052,1795147644479648053,2024-05-27,POS,not ironic,
22931431,39053,39053,1795147641120010339,2024-05-27,NEG,not ironic,
22931432,39054,39054,1795147640780325333,2024-05-27,NEG,not ironic,
22931433,39055,39055,1795147640360903023,2024-05-27,NEG,not ironic,
22931434,39056,39056,1795147639920496646,2024-05-27,NEG,ironic,
22931435,39057,39057,1795147637869642080,2024-05-27,NEU,ironic,
22931436,39058,39058,1795147637613596940,2024-05-27,NEG,not ironic,
22931437,39059,39059,1795147637252882491,2024-05-27,NEU,not ironic,
22931438,39060,39060,1795147636841853352,2024-05-27,NEG,not ironic,
22931439,39061,39061,1795147633809363441,2024-05-27,POS,not ironic,
22931440,39062,39062,1795147633729650694,2024-05-27,NEU,ironic,
22931441,39063,39063,1795147631800324440,2024-05-27,NEG,not ironic,
22931442,39064,39064,1795147631460598121,2024-05-27,NEG,not ironic,
22931443,39065,39065,1795147629900308582,2024-05-27,NEU,not ironic,
22931444,39066,39066,1795147629837381937,2024-05-27,NEU,not ironic,
22931445,39067,39067,1795147629266927699,2024-05-27,NEU,not ironic,
22931446,39068,39068,1795147628788793544,2024-05-27,NEG,ironic,
22931447,39069,39069,1795147625445888325,2024-05-27,NEG,not ironic,
22931448,39070,39070,1795147625215172853,2024-05-27,NEG,not ironic,
22931449,39071,39071,1795147624888066480,2024-05-27,NEU,not ironic,
22931450,39072,39072,1795147623457771767,2024-05-27,POS,not ironic,
22931451,39073,39073,1795147623147450505,2024-05-27,NEG,not ironic,
22931452,39074,39074,1795147623046971589,2024-05-27,NEU,not ironic,
22931453,39075,39075,1795147622572789917,2024-05-27,NEU,not ironic,
22931454,39076,39076,1795147622191108395,2024-05-27,NEG,not ironic,
22931455,39077,39077,1795147619359985925,2024-05-27,NEU,not ironic,
22931456,39078,39078,1795147618613346577,2024-05-27,NEG,ironic,
22931457,39079,39079,1795147618579853395,2024-05-27,NEG,not ironic,
22931458,39080,39080,1795147617401237864,2024-05-27,NEG,ironic,
22931459,39081,39081,1795147617304826285,2024-05-27,NEU,ironic,
22931460,39082,39082,1795147617178980361,2024-05-27,NEG,not ironic,
22931461,39083,39083,1795147617145409718,2024-05-27,NEG,not ironic,
22931462,39084,39084,1795147617069920592,2024-05-27,NEG,not ironic,
22931463,39085,39085,1795147616663015755,2024-05-27,NEG,ironic,
22931464,39086,39086,1795147615673151539,2024-05-27,NEG,not ironic,
22931465,39087,39087,1795147614809358767,2024-05-27,NEG,ironic,
22931466,39088,39088,1795147613592756354,2024-05-27,NEG,not ironic,
22931467,39089,39089,1795147612800123378,2024-05-27,POS,ironic,
22931468,39090,39090,1795147612678431190,2024-05-27,NEU,ironic,
22931469,39091,39091,1795147611252351357,2024-05-27,NEU,not ironic,
22931470,39092,39092,1795147611038416971,2024-05-27,NEG,ironic,
22931471,39093,39093,1795147610614870485,2024-05-27,NEG,ironic,
22931472,39094,39094,1795147609293869151,2024-05-27,NEU,ironic,
22931473,39095,39095,1795147609117528379,2024-05-27,NEU,ironic,
22931474,39096,39096,1795147608450601454,2024-05-27,NEG,ironic,
22931475,39097,39097,1795147608266019310,2024-05-27,NEU,not ironic,
22931476,39098,39098,1795147607326552402,2024-05-27,NEG,ironic,
22931477,39099,39099,1795147607225872580,2024-05-27,NEU,not ironic,
22931478,39100,39100,1795147606386958725,2024-05-27,NEG,not ironic,
22931479,39101,39101,1795147606210826605,2024-05-27,POS,not ironic,
22931480,39102,39102,1795147605485195371,2024-05-27,NEG,not ironic,
22931481,39103,39103,1795147605229363636,2024-05-27,NEG,ironic,
22931482,39104,39104,1795147603639783736,2024-05-27,NEG,ironic,
22931483,39105,39105,1795147602255610204,2024-05-27,NEG,ironic,
22931484,39106,39106,1795147602242986178,2024-05-27,NEG,ironic,
22931485,39107,39107,1795147599252541463,2024-05-27,NEG,ironic,
22931486,39108,39108,1795147598610723247,2024-05-27,NEU,not ironic,
22931487,39109,39109,1795147598564589878,2024-05-27,NEG,not ironic,
22931488,39110,39110,1795147598006776126,2024-05-27,NEG,ironic,
22931489,39111,39111,1795147597348311332,2024-05-27,NEU,ironic,
22931490,39112,39112,1795147596253757766,2024-05-27,NEU,ironic,
22931491,39113,39113,1795147595767025809,2024-05-27,NEG,not ironic,
22931492,39114,39114,1795147595683144113,2024-05-27,NEG,ironic,
22931493,39115,39115,1795147595310039540,2024-05-27,NEU,not ironic,
22931494,39116,39116,1795147595213414619,2024-05-27,NEU,not ironic,
22931495,39117,39117,1795147593841775079,2024-05-27,NEG,not ironic,
22931496,39118,39118,1795147593778884946,2024-05-27,NEG,not ironic,
22931497,39119,39119,1795147593137135652,2024-05-27,NEG,not ironic,
22931498,39120,39120,1795147592738746563,2024-05-27,NEG,not ironic,
22931499,39121,39121,1795147592260571250,2024-05-27,NEG,not ironic,
22931500,39122,39122,1795147592222879869,2024-05-27,NEG,ironic,
22931501,39123,39123,1795147592214401495,2024-05-27,NEG,ironic,
22931502,39124,39124,1795147591732064726,2024-05-27,POS,ironic,
22931503,39125,39125,1795147589584585131,2024-05-27,NEG,ironic,
22931504,39126,39126,1795147587667783852,2024-05-27,NEG,ironic,
22931505,39127,39127,1795147586728309000,2024-05-27,NEU,not ironic,
22931506,39128,39128,1795147585730007310,2024-05-27,POS,not ironic,
22931507,39129,39129,1795147585054740907,2024-05-27,NEU,not ironic,
22931508,39130,39130,1795147584190677450,2024-05-27,NEU,not ironic,
22931509,39131,39131,1795147584157159829,2024-05-27,NEG,not ironic,
22931510,39132,39132,1795147583905481043,2024-05-27,NEU,not ironic,
22931511,39133,39133,1795147582458536207,2024-05-27,NEU,ironic,
22931512,39134,39134,1795147581619568914,2024-05-27,NEG,not ironic,
22931513,39135,39135,1795147581154050496,2024-05-27,NEG,ironic,
22931514,39136,39136,1795147580545888493,2024-05-27,POS,not ironic,
22931515,39137,39137,1795147579539263962,2024-05-27,NEG,ironic,
22931516,39138,39138,1795147579451175372,2024-05-27,NEG,not ironic,
22931517,39139,39139,1795147577882562864,2024-05-27,NEG,not ironic,
22931518,39140,39140,1795147577631047887,2024-05-27,POS,not ironic,
22931519,39141,39141,1795147577077145837,2024-05-27,NEG,not ironic,
22931520,39142,39142,1795147575336763717,2024-05-27,NEG,ironic,
22931521,39143,39143,1795147575160447394,2024-05-27,NEG,not ironic,
22931522,39144,39144,1795147573298147593,2024-05-27,NEG,ironic,
22931523,39145,39145,1795147572937621677,2024-05-27,NEG,not ironic,
22931524,39146,39146,1795147572635451765,2024-05-27,POS,not ironic,
22931525,39147,39147,1795147571897266619,2024-05-27,NEU,ironic,
22931526,39148,39148,1795147570395664861,2024-05-27,POS,not ironic,
22931527,39149,39149,1795147569053458689,2024-05-27,POS,ironic,
22931528,39150,39150,1795147568411763182,2024-05-27,POS,not ironic,
22931529,39151,39151,1795147567908475243,2024-05-27,NEG,not ironic,
22931530,39152,39152,1795147567841292637,2024-05-27,POS,not ironic,
22931531,39153,39153,1795147567812030922,2024-05-27,NEG,ironic,
22931532,39154,39154,1795147567233216551,2024-05-27,NEG,not ironic,
22931533,39155,39155,1795147566390124911,2024-05-27,NEU,ironic,
22931534,39156,39156,1795147566385946742,2024-05-27,NEU,ironic,
22931535,39157,39157,1795147565421187268,2024-05-27,NEU,ironic,
22931536,39158,39158,1795147561579184484,2024-05-27,NEG,ironic,
22931537,39159,39159,1795147557795946722,2024-05-27,NEG,not ironic,
22931538,39160,39160,1795147557510754413,2024-05-27,NEU,not ironic,
22931539,39161,39161,1795147557368197177,2024-05-27,POS,ironic,
22931540,39162,39162,1795147555031945342,2024-05-27,NEG,not ironic,
22931541,39163,39163,1795147554809840019,2024-05-27,NEG,not ironic,
22931542,39164,39164,1795147553673212161,2024-05-27,NEU,ironic,
22931543,39165,39165,1795147553127751704,2024-05-27,NEG,ironic,
22931544,39166,39166,1795147552318222360,2024-05-27,NEG,not ironic,
22931545,39167,39167,1795147551789781288,2024-05-27,NEG,not ironic,
22931546,39168,39168,1795147547343794515,2024-05-27,NEU,ironic,
22931547,39169,39169,1795147546597155083,2024-05-27,NEG,ironic,
22931548,39170,39170,1795147546433589380,2024-05-27,NEG,not ironic,
22931549,39171,39171,1795147546236526865,2024-05-27,NEG,ironic,
22931550,39172,39172,1795147546005831886,2024-05-27,NEG,not ironic,
22931551,39173,39173,1795147542335979926,2024-05-27,POS,not ironic,
22931552,39174,39174,1795147541115273628,2024-05-27,NEG,ironic,
22931553,39175,39175,1795147540041519361,2024-05-27,NEU,not ironic,
22931554,39176,39176,1795147537331999143,2024-05-27,NEG,ironic,
22931555,39177,39177,1795147535729807406,2024-05-27,NEU,not ironic,
22931556,39178,39178,1795147534903431293,2024-05-27,POS,not ironic,
22931557,39179,39179,1795147533942948279,2024-05-27,NEG,ironic,
22931558,39180,39180,1795147530939879884,2024-05-27,NEG,not ironic,
22931559,39181,39181,1795147530876993618,2024-05-27,NEU,not ironic,
22931560,39182,39182,1795147530767872433,2024-05-27,NEU,not ironic,
22931561,39183,39183,1795147530604318872,2024-05-27,NEG,not ironic,
22931562,39184,39184,1795147530323255538,2024-05-27,NEG,ironic,
22931563,39185,39185,1795147530126160092,2024-05-27,NEG,not ironic,
22931564,39186,39186,1795147530017059048,2024-05-27,NEG,ironic,
22931565,39187,39187,1795147528133812367,2024-05-27,NEU,not ironic,
22931566,39188,39188,1795147527307563062,2024-05-27,POS,not ironic,
22931567,39189,39189,1795147525483049111,2024-05-27,NEU,not ironic,
22931568,39190,39190,1795147525122335058,2024-05-27,NEG,not ironic,
22931569,39191,39191,1795147525080375741,2024-05-27,NEU,not ironic,
22931570,39192,39192,1795147524946235742,2024-05-27,POS,not ironic,
22931571,39193,39193,1795147524812001458,2024-05-27,POS,not ironic,
22931572,39194,39194,1795147524728033444,2024-05-27,NEU,ironic,
22931573,39195,39195,1795147524585480475,2024-05-27,NEG,ironic,
22931574,39196,39196,1795147524170207626,2024-05-27,POS,ironic,
22931575,39197,39197,1795147523822149975,2024-05-27,POS,not ironic,
22931576,39198,39198,1795147522798715361,2024-05-27,NEG,not ironic,
22931577,39199,39199,1795147521410396670,2024-05-27,NEU,not ironic,
22931578,39200,39200,1795147521381060901,2024-05-27,NEG,ironic,
22931579,39201,39201,1795147520101793899,2024-05-27,NEU,not ironic,
22931580,39202,39202,1795147516486307860,2024-05-27,NEU,ironic,
22931581,39203,39203,1795147515991408863,2024-05-27,POS,not ironic,
22931582,39204,39204,1795147515932672104,2024-05-27,POS,not ironic,
22931583,39205,39205,1795147513411838304,2024-05-27,POS,ironic,
22931584,39206,39206,1795147512468177390,2024-05-27,NEG,not ironic,
22931585,39207,39207,1795147512157708664,2024-05-27,NEG,ironic,
22931586,39208,39208,1795147511734165648,2024-05-27,NEU,not ironic,
22931587,39209,39209,1795147511570554880,2024-05-27,NEU,not ironic,
22931588,39210,39210,1795147511042089063,2024-05-27,NEU,not ironic,
22931589,39211,39211,1795147510396154102,2024-05-27,NEU,not ironic,
22931590,39212,39212,1795147509267927230,2024-05-27,NEG,ironic,
22931591,39213,39213,1795147508852666836,2024-05-27,NEU,ironic,
22931592,39214,39214,1795147507439108342,2024-05-27,NEU,not ironic,
22931593,39215,39215,1795147507200086325,2024-05-27,NEU,not ironic,
22931594,39216,39216,1795147507112054968,2024-05-27,NEG,not ironic,
22931595,39217,39217,1795147505518227613,2024-05-27,POS,ironic,
22931596,39218,39218,1795147505497149602,2024-05-27,NEU,not ironic,
22931597,39219,39219,1795147505098686740,2024-05-27,POS,ironic,
22931598,39220,39220,1795147503110619530,2024-05-27,NEU,not ironic,
22931599,39221,39221,1795147501915300302,2024-05-27,NEG,ironic,
22931600,39222,39222,1795147501181223280,2024-05-27,NEG,not ironic,
22931601,39223,39223,1795147499063149050,2024-05-27,POS,ironic,
22931602,39224,39224,1795147498748559660,2024-05-27,NEG,ironic,
22931603,39225,39225,1795147496492020066,2024-05-27,NEG,not ironic,
22931604,39226,39226,1795147496403996859,2024-05-27,NEU,not ironic,
22931605,39227,39227,1795147496156451282,2024-05-27,NEG,ironic,
22931606,39228,39228,1795147495602893011,2024-05-27,NEU,not ironic,
22931607,39229,39229,1795147494487212421,2024-05-27,POS,not ironic,
22931608,39230,39230,1795147492197052626,2024-05-27,POS,not ironic,
22931609,39231,39231,1795147492083847646,2024-05-27,NEU,not ironic,
22931610,39232,39232,1795147491194569169,2024-05-27,NEG,ironic,
22931611,39233,39233,1795147489911226808,2024-05-27,NEG,ironic,
22931612,39234,39234,1795147487356858375,2024-05-27,NEG,ironic,
22931613,39235,39235,1795147484609556828,2024-05-27,NEU,not ironic,
22931614,39236,39236,1795147484555026826,2024-05-27,NEU,ironic,
22931615,39237,39237,1795147484383088663,2024-05-27,NEG,ironic,
22931616,39238,39238,1795147483783336056,2024-05-27,NEG,ironic,
22931617,39239,39239,1795147483749707987,2024-05-27,NEG,ironic,
22931618,39240,39240,1795147483556852060,2024-05-27,NEU,not ironic,
22931619,39241,39241,1795147483326058893,2024-05-27,POS,not ironic,
22931620,39242,39242,1795147483091206232,2024-05-27,NEU,not ironic,
22931621,39243,39243,1795147481715445948,2024-05-27,POS,ironic,
22931622,39244,39244,1795147481509978350,2024-05-27,NEG,ironic,
22931623,39245,39245,1795147480109096991,2024-05-27,NEU,not ironic,
22931624,39246,39246,1795147477986713875,2024-05-27,NEU,not ironic,
22931625,39247,39247,1795147476434853910,2024-05-27,NEU,not ironic,
22931626,39248,39248,1795147475377938641,2024-05-27,NEU,ironic,
22931627,39249,39249,1795147474761294281,2024-05-27,NEU,not ironic,
22931628,39250,39250,1795147474195317010,2024-05-27,NEU,not ironic,
22931629,39251,39251,1795147473838801178,2024-05-27,NEU,ironic,
22931630,39252,39252,1795147473482035512,2024-05-27,POS,not ironic,
22931631,39253,39253,1795147472492220575,2024-05-27,NEU,not ironic,
22931632,39254,39254,1795147470701248890,2024-05-27,NEU,not ironic,
22931633,39255,39255,1795147470223110266,2024-05-27,NEG,not ironic,
22931634,39256,39256,1795147470080532567,2024-05-27,NEG,not ironic,
22931635,39257,39257,1795147470080471469,2024-05-27,NEU,ironic,
22931636,39258,39258,1795147469942067394,2024-05-27,NEG,not ironic,
22931637,39259,39259,1795147468759253305,2024-05-27,NEG,ironic,
22931638,39260,39260,1795147467970806083,2024-05-27,NEU,not ironic,
22931639,39261,39261,1795147467681312907,2024-05-27,NEG,ironic,
22931640,39262,39262,1795147467186471396,2024-05-27,NEG,ironic,
22931641,39263,39263,1795147467136127034,2024-05-27,POS,not ironic,
22931642,39264,39264,1795147466318196970,2024-05-27,NEU,ironic,
22931643,39265,39265,1795147465978474635,2024-05-27,NEG,ironic,
22931644,39266,39266,1795147465152196753,2024-05-27,NEU,not ironic,
22931645,39267,39267,1795147464875376877,2024-05-27,NEG,ironic,
22931646,39268,39268,1795147463789006890,2024-05-27,NEU,not ironic,
22931647,39269,39269,1795147462442713369,2024-05-27,NEU,not ironic,
22931648,39270,39270,1795147461146636711,2024-05-27,NEG,not ironic,
22931649,39271,39271,1795147459498291587,2024-05-27,NEG,not ironic,
22931650,39272,39272,1795147458047033789,2024-05-27,NEU,ironic,
22931651,39273,39273,1795147457870905349,2024-05-27,NEG,ironic,
22931652,39274,39274,1795147457745072398,2024-05-27,NEG,ironic,
22931653,39275,39275,1795147457652777446,2024-05-27,POS,not ironic,
22931654,39276,39276,1795147457354940912,2024-05-27,NEU,not ironic,
22931655,39277,39277,1795147457007059315,2024-05-27,NEG,ironic,
22931656,39278,39278,1795147456960725169,2024-05-27,NEG,not ironic,
22931657,39279,39279,1795147456012767697,2024-05-27,NEU,not ironic,
22931658,39280,39280,1795147455668813953,2024-05-27,NEG,ironic,
22931659,39281,39281,1795147455639498840,2024-05-27,POS,not ironic,
22931660,39282,39282,1795147453374570724,2024-05-27,NEG,not ironic,
22931661,39283,39283,1795147453093552183,2024-05-27,NEG,ironic,
22931662,39284,39284,1795147452888080553,2024-05-27,NEU,not ironic,
22931663,39285,39285,1795147452128854212,2024-05-27,NEG,ironic,
22931664,39286,39286,1795147449633243591,2024-05-27,NEG,ironic,
22931665,39287,39287,1795147447666098560,2024-05-27,NEU,not ironic,
22931666,39288,39288,1795147445443109362,2024-05-27,NEG,not ironic,
22931667,39289,39289,1795147444847587528,2024-05-27,NEG,ironic,
22931668,39290,39290,1795147444545634600,2024-05-27,NEG,not ironic,
22931669,39291,39291,1795147443782512640,2024-05-27,NEG,not ironic,
22931670,39292,39292,1795147442096132505,2024-05-27,NEU,ironic,
22931671,39293,39293,1795147441697628497,2024-05-27,NEG,not ironic,
22931672,39294,39294,1795147441693499418,2024-05-27,NEG,not ironic,
22931673,39295,39295,1795147438577053717,2024-05-27,NEG,not ironic,
22931674,39296,39296,1795147437994090789,2024-05-27,NEU,not ironic,
22931675,39297,39297,1795147437956276628,2024-05-27,NEG,not ironic,
22931676,39298,39298,1795147437511700801,2024-05-27,NEG,not ironic,
22931677,39299,39299,1795147436781924512,2024-05-27,NEU,not ironic,
22931678,39300,39300,1795147436484333638,2024-05-27,NEG,ironic,
22931679,39301,39301,1795147435578143084,2024-05-27,NEG,ironic,
22931680,39302,39302,1795147435188117991,2024-05-27,NEG,not ironic,
22931681,39303,39303,1795147434848301333,2024-05-27,NEU,not ironic,
22931682,39304,39304,1795147433971683426,2024-05-27,POS,not ironic,
22931683,39305,39305,1795147432696730017,2024-05-27,NEU,not ironic,
22931684,39306,39306,1795147429609640297,2024-05-27,POS,not ironic,
22931685,39307,39307,1795147429026623613,2024-05-27,NEG,not ironic,
22931686,39308,39308,1795147426535194894,2024-05-27,NEG,not ironic,
22931687,39309,39309,1795147426451292600,2024-05-27,NEG,ironic,
22931688,39310,39310,1795147425566318608,2024-05-27,NEG,not ironic,
22931689,39311,39311,1795147424652054992,2024-05-27,POS,not ironic,
22931690,39312,39312,1795147424367022106,2024-05-27,NEU,not ironic,
22931691,39313,39313,1795147423641403716,2024-05-27,NEG,not ironic,
22931692,39314,39314,1795147422215082425,2024-05-27,NEU,not ironic,
22931693,39315,39315,1795147421330149621,2024-05-27,NEU,not ironic,
22931694,39316,39316,1795147420973625551,2024-05-27,NEU,ironic,
22931695,39317,39317,1795147417416782144,2024-05-27,NEG,not ironic,
22931696,39318,39318,1795147416733110582,2024-05-27,NEU,not ironic,
22931697,39319,39319,1795147415978197361,2024-05-27,NEG,not ironic,
22931698,39320,39320,1795147415621652899,2024-05-27,POS,not ironic,
22931699,39321,39321,1795147414887858333,2024-05-27,NEG,not ironic,
22931700,39322,39322,1795147414178800003,2024-05-27,NEU,not ironic,
22931701,39323,39323,1795147412228411747,2024-05-27,NEG,not ironic,
22931702,39324,39324,1795147412056543396,2024-05-27,NEG,ironic,
22931703,39325,39325,1795147411439947924,2024-05-27,NEU,not ironic,
22931704,39326,39326,1795147410521326063,2024-05-27,NEG,not ironic,
22931705,39327,39327,1795147410286453112,2024-05-27,NEG,not ironic,
22931706,39328,39328,1795147409531552143,2024-05-27,NEG,not ironic,
22931707,39329,39329,1795147409347006878,2024-05-27,NEU,not ironic,
22931708,39330,39330,1795147408080285808,2024-05-27,NEU,not ironic,
22931709,39331,39331,1795147406985556149,2024-05-27,NEG,not ironic,
22931710,39332,39332,1795147405303619699,2024-05-27,NEG,not ironic,
22931711,39333,39333,1795147403831427564,2024-05-27,NEG,not ironic,
22931712,39334,39334,1795147402426404915,2024-05-27,NEG,not ironic,
22931713,39335,39335,1795147402283749508,2024-05-27,NEG,not ironic,
22931714,39336,39336,1795147401809838438,2024-05-27,NEG,ironic,
22931715,39337,39337,1795147400325066881,2024-05-27,NEG,ironic,
22931716,39338,39338,1795147399599411277,2024-05-27,POS,not ironic,
22931717,39339,39339,1795147398102102251,2024-05-27,NEU,not ironic,
22931718,39340,39340,1795147395321254329,2024-05-27,NEU,ironic,
22931719,39341,39341,1795147394515943785,2024-05-27,NEG,not ironic,
22931720,39342,39342,1795147393442148799,2024-05-27,NEG,not ironic,
22931721,39343,39343,1795147392511013290,2024-05-27,NEU,ironic,
22931722,39344,39344,1795147391990906931,2024-05-27,NEU,ironic,
22931723,39345,39345,1795147391974191200,2024-05-27,NEU,ironic,
22931724,39346,39346,1795147391890342192,2024-05-27,NEG,not ironic,
22931725,39347,39347,1795147391626002567,2024-05-27,NEG,not ironic,
22931726,39348,39348,1795147391428898955,2024-05-27,NEG,not ironic,
22931727,39349,39349,1795147390841766261,2024-05-27,NEU,not ironic,
22931728,39350,39350,1795147390514548888,2024-05-27,NEG,not ironic,
22931729,39351,39351,1795147389587644822,2024-05-27,NEG,ironic,
22931730,39352,39352,1795147388052439510,2024-05-27,NEG,ironic,
22931731,39353,39353,1795147387746332984,2024-05-27,NEG,ironic,
22931732,39354,39354,1795147387310100931,2024-05-27,POS,ironic,
22931733,39355,39355,1795147384462135746,2024-05-27,NEG,not ironic,
22931734,39356,39356,1795147384403402861,2024-05-27,NEG,not ironic,
22931735,39357,39357,1795147383988244773,2024-05-27,POS,not ironic,
22931736,39358,39358,1795147383891808533,2024-05-27,NEG,not ironic,
22931737,39359,39359,1795147383560360007,2024-05-27,NEU,not ironic,
22931738,39360,39360,1795147382281093371,2024-05-27,NEU,not ironic,
22931739,39361,39361,1795147382205583696,2024-05-27,NEU,not ironic,
22931740,39362,39362,1795147382109159488,2024-05-27,NEG,not ironic,
22931741,39363,39363,1795147382054645901,2024-05-27,NEU,ironic,
22931742,39364,39364,1795147379923996745,2024-05-27,NEU,not ironic,
22931743,39365,39365,1795147379701694690,2024-05-27,NEG,not ironic,
22931744,39366,39366,1795147379584249922,2024-05-27,NEG,ironic,
22931745,39367,39367,1795147379160527246,2024-05-27,NEU,not ironic,
22931746,39368,39368,1795147378174943700,2024-05-27,NEU,ironic,
22931747,39369,39369,1795147376618807389,2024-05-27,NEG,not ironic,
22931748,39370,39370,1795147376497135807,2024-05-27,NEG,ironic,
22931749,39371,39371,1795147375205347636,2024-05-27,NEU,not ironic,
22931750,39372,39372,1795147374748184715,2024-05-27,NEG,not ironic,
22931751,39373,39373,1795147370885198303,2024-05-27,NEG,ironic,
22931752,39374,39374,1795147370717425805,2024-05-27,NEG,not ironic,
22931753,39375,39375,1795147369001996567,2024-05-27,NEU,not ironic,
22931754,39376,39376,1795147367898919203,2024-05-27,NEU,ironic,
22931755,39377,39377,1795147365877252338,2024-05-27,NEU,not ironic,
22931756,39378,39378,1795147364908351871,2024-05-27,NEG,not ironic,
22931757,39379,39379,1795147363880784203,2024-05-27,NEG,ironic,
22931758,39380,39380,1795147360751747211,2024-05-27,NEG,not ironic,
22931759,39381,39381,1795147360495915234,2024-05-27,NEG,ironic,
22931760,39382,39382,1795147360437166150,2024-05-27,NEU,not ironic,
22931761,39383,39383,1795147359791239514,2024-05-27,NEG,not ironic,
22931762,39384,39384,1795147359262773485,2024-05-27,NEG,not ironic,
22931763,39385,39385,1795147359157998023,2024-05-27,NEU,not ironic,
22931764,39386,39386,1795147358902034441,2024-05-27,NEU,not ironic,
22931765,39387,39387,1795147358231023814,2024-05-27,NEU,ironic,
22931766,39388,39388,1795147358147117522,2024-05-27,NEU,not ironic,
22931767,39389,39389,1795147357719306704,2024-05-27,POS,not ironic,
22931768,39390,39390,1795147354883920247,2024-05-27,NEG,ironic,
22931769,39391,39391,1795147353885659240,2024-05-27,NEG,ironic,
22931770,39392,39392,1795147353076224391,2024-05-27,NEU,not ironic,
22931771,39393,39393,1795147352883233242,2024-05-27,NEU,ironic,
22931772,39394,39394,1795147352212209771,2024-05-27,NEU,not ironic,
22931773,39395,39395,1795147351524319698,2024-05-27,NEU,not ironic,
22931774,39396,39396,1795147350979023244,2024-05-27,NEU,not ironic,
22931775,39397,39397,1795147350974881829,2024-05-27,POS,not ironic,
22931776,39398,39398,1795147348814987451,2024-05-27,NEU,not ironic,
22931777,39399,39399,1795147348256936166,2024-05-27,NEG,not ironic,
22931778,39400,39400,1795147347686511026,2024-05-27,NEG,not ironic,
22931779,39401,39401,1795147346159767643,2024-05-27,NEG,not ironic,
22931780,39402,39402,1795147345362923868,2024-05-27,NEG,not ironic,
22931781,39403,39403,1795147345107009818,2024-05-27,NEG,ironic,
22931782,39404,39404,1795147342800154883,2024-05-27,NEG,not ironic,
22931783,39405,39405,1795147342687109205,2024-05-27,NEG,not ironic,
22931784,39406,39406,1795147341655310709,2024-05-27,NEU,not ironic,
22931785,39407,39407,1795147341533467001,2024-05-27,POS,ironic,
22931786,39408,39408,1795147339729900027,2024-05-27,NEU,not ironic,
22931787,39409,39409,1795147337624404134,2024-05-27,NEG,not ironic,
22931788,39410,39410,1795147336940749301,2024-05-27,NEU,not ironic,
22931789,39411,39411,1795147336819085437,2024-05-27,NEG,ironic,
22931790,39412,39412,1795147336294830369,2024-05-27,NEU,ironic,
22931791,39413,39413,1795147336257036739,2024-05-27,NEG,not ironic,
22931792,39414,39414,1795147336034746698,2024-05-27,POS,ironic,
22931793,39415,39415,1795147336017912200,2024-05-27,NEG,ironic,
22931794,39416,39416,1795147335200014611,2024-05-27,NEG,ironic,
22931795,39417,39417,1795147334730277031,2024-05-27,NEG,not ironic,
22931796,39418,39418,1795147332222124192,2024-05-27,NEG,ironic,
22931797,39419,39419,1795147331412590941,2024-05-27,POS,not ironic,
22931798,39420,39420,1795147331056067030,2024-05-27,NEG,not ironic,
22931799,39421,39421,1795147330976612754,2024-05-27,NEG,not ironic,
22931800,39422,39422,1795147330271826119,2024-05-27,NEU,ironic,
22931801,39423,39423,1795147330120724883,2024-05-27,NEG,ironic,
22931802,39424,39424,1795147327901949983,2024-05-27,NEG,ironic,
22931803,39425,39425,1795147327734202749,2024-05-27,NEG,ironic,
22931804,39426,39426,1795147327591649507,2024-05-27,POS,ironic,
22931805,39427,39427,1795147326748565811,2024-05-27,POS,not ironic,
22931806,39428,39428,1795147325616132495,2024-05-27,NEG,not ironic,
22931807,39429,39429,1795147324982796619,2024-05-27,NEU,not ironic,
22931808,39430,39430,1795147324760404237,2024-05-27,NEG,not ironic,
22931809,39431,39431,1795147324722737355,2024-05-27,NEG,not ironic,
22931810,39432,39432,1795147323766407261,2024-05-27,NEG,not ironic,
22931811,39433,39433,1795147323548357057,2024-05-27,NEG,ironic,
22931812,39434,39434,1795147322932007218,2024-05-27,NEU,not ironic,
22931813,39435,39435,1795147322550100217,2024-05-27,NEU,not ironic,
22931814,39436,39436,1795147321774104918,2024-05-27,NEG,not ironic,
22931815,39437,39437,1795147321748951360,2024-05-27,NEG,not ironic,
22931816,39438,39438,1795147321732104244,2024-05-27,NEU,ironic,
22931817,39439,39439,1795147321727971728,2024-05-27,NEU,not ironic,
22931818,39440,39440,1795147321413599461,2024-05-27,NEG,not ironic,
22931819,39441,39441,1795147319471468976,2024-05-27,NEG,not ironic,
22931820,39442,39442,1795147318150287554,2024-05-27,NEU,not ironic,
22931821,39443,39443,1795147317453947121,2024-05-27,NEG,not ironic,
22931822,39444,39444,1795147316908691931,2024-05-27,NEU,not ironic,
22931823,39445,39445,1795147314861953433,2024-05-27,NEU,not ironic,
22931824,39446,39446,1795147314614382880,2024-05-27,NEU,ironic,
22931825,39447,39447,1795147314589286510,2024-05-27,NEG,not ironic,
22931826,39448,39448,1795147314379571248,2024-05-27,NEG,not ironic,
22931827,39449,39449,1795147313716896175,2024-05-27,NEG,not ironic,
22931828,39450,39450,1795147311518978102,2024-05-27,NEU,not ironic,
22931829,39451,39451,1795147311414218954,2024-05-27,NEG,not ironic,
22931830,39452,39452,1795147309883297856,2024-05-27,NEG,not ironic,
22931831,39453,39453,1795147309153648878,2024-05-27,NEG,ironic,
22931832,39454,39454,1795147308981436638,2024-05-27,POS,not ironic,
22931833,39455,39455,1795147308247453908,2024-05-27,NEG,ironic,
22931834,39456,39456,1795147307932881151,2024-05-27,NEG,not ironic,
22931835,39457,39457,1795147306657796559,2024-05-27,NEU,not ironic,
22931836,39458,39458,1795147305466605639,2024-05-27,NEU,not ironic,
22931837,39459,39459,1795147304149618731,2024-05-27,NEG,ironic,
22931838,39460,39460,1795147299972153539,2024-05-27,NEG,ironic,
22931839,39461,39461,1795147299636601258,2024-05-27,NEG,not ironic,
22931840,39462,39462,1795147299615621325,2024-05-27,NEU,not ironic,
22931841,39463,39463,1795147299137397082,2024-05-27,NEG,not ironic,
22931842,39464,39464,1795147299095540143,2024-05-27,NEG,not ironic,
22931843,39465,39465,1795147297673597374,2024-05-27,NEU,ironic,
22931844,39466,39466,1795147297656869021,2024-05-27,NEU,not ironic,
22931845,39467,39467,1795147297233285452,2024-05-27,NEG,ironic,
22931846,39468,39468,1795147296344076466,2024-05-27,NEG,not ironic,
22931847,39469,39469,1795147296243372212,2024-05-27,NEU,ironic,
22931848,39470,39470,1795147295081509122,2024-05-27,NEU,not ironic,
22931849,39471,39471,1795147294209171605,2024-05-27,NEG,ironic,
22931850,39472,39472,1795147293085270425,2024-05-27,NEU,ironic,
22931851,39473,39473,1795147292527165868,2024-05-27,POS,not ironic,
22931852,39474,39474,1795147291659059561,2024-05-27,NEG,not ironic,
22931853,39475,39475,1795147290111295582,2024-05-27,NEU,ironic,
22931854,39476,39476,1795147287255007715,2024-05-27,NEG,not ironic,
22931855,39477,39477,1795147287133348337,2024-05-27,NEG,not ironic,
22931856,39478,39478,1795147284855799964,2024-05-27,NEG,not ironic,
22931857,39479,39479,1795147284063072675,2024-05-27,NEG,not ironic,
22931858,39480,39480,1795147281450098779,2024-05-27,NEG,not ironic,
22931859,39481,39481,1795147281051611284,2024-05-27,NEU,not ironic,
22931860,39482,39482,1795147280577634651,2024-05-27,POS,not ironic,
22931861,39483,39483,1795147279432606109,2024-05-27,NEU,not ironic,
22931862,39484,39484,1795147277851365444,2024-05-27,NEU,not ironic,
22931863,39485,39485,1795147277385818281,2024-05-27,NEG,ironic,
22931864,39486,39486,1795147277205463516,2024-05-27,NEU,ironic,
22931865,39487,39487,1795147273170567174,2024-05-27,NEG,not ironic,
22931866,39488,39488,1795147273027895621,2024-05-27,NEG,ironic,
22931867,39489,39489,1795147272470266258,2024-05-27,NEG,ironic,
22931868,39490,39490,1795147272180629709,2024-05-27,NEU,ironic,
22931869,39491,39491,1795147271291519232,2024-05-27,POS,not ironic,
22931870,39492,39492,1795147269575999812,2024-05-27,POS,ironic,
22931871,39493,39493,1795147268305113213,2024-05-27,NEG,not ironic,
22931872,39494,39494,1795147267990557111,2024-05-27,NEG,ironic,
22931873,39495,39495,1795147267428466720,2024-05-27,NEU,not ironic,
22931874,39496,39496,1795147266925175232,2024-05-27,NEG,not ironic,
22931875,39497,39497,1795147266661261625,2024-05-27,POS,not ironic,
22931876,39498,39498,1795147265402650686,2024-05-27,NEG,ironic,
22931877,39499,39499,1795147265155190901,2024-05-27,NEG,ironic,
22931878,39500,39500,1795147264697983164,2024-05-27,NEU,not ironic,
22931879,39501,39501,1795147264601751999,2024-05-27,NEG,ironic,
22931880,39502,39502,1795147264412844243,2024-05-27,NEU,not ironic,
22931881,39503,39503,1795147263880106379,2024-05-27,NEU,not ironic,
22931882,39504,39504,1795147263859150969,2024-05-27,NEU,ironic,
22931883,39505,39505,1795147262886031571,2024-05-27,NEG,not ironic,
22931884,39506,39506,1795147262235959640,2024-05-27,NEG,ironic,
22931885,39507,39507,1795147260319211620,2024-05-27,NEG,ironic,
22931886,39508,39508,1795147260159725933,2024-05-27,NEU,not ironic,
22931887,39509,39509,1795147257899307467,2024-05-27,NEG,ironic,
22931888,39510,39510,1795147257764839696,2024-05-27,NEU,not ironic,
22931889,39511,39511,1795147255638327718,2024-05-27,NEG,ironic,
22931890,39512,39512,1795147255193764148,2024-05-27,NEG,ironic,
22931891,39513,39513,1795147254484828368,2024-05-27,NEU,not ironic,
22931892,39514,39514,1795147252601598212,2024-05-27,NEG,not ironic,
22931893,39515,39515,1795147251293036670,2024-05-27,NEG,not ironic,
22931894,39516,39516,1795147251028812277,2024-05-27,NEU,not ironic,
22931895,39517,39517,1795147250861035751,2024-05-27,NEG,ironic,
22931896,39518,39518,1795147250852679698,2024-05-27,NEG,not ironic,
22931897,39519,39519,1795147250051502261,2024-05-27,NEU,not ironic,
22931898,39520,39520,1795147245794255125,2024-05-27,NEU,not ironic,
22931899,39521,39521,1795147245328728547,2024-05-27,NEU,ironic,
22931900,39522,39522,1795147245190369452,2024-05-27,NEG,not ironic,
22931901,39523,39523,1795147245139927300,2024-05-27,NEG,ironic,
22931902,39524,39524,1795147244716409210,2024-05-27,NEG,not ironic,
22931903,39525,39525,1795147243789418534,2024-05-27,NEU,not ironic,
22931904,39526,39526,1795147243348955183,2024-05-27,NEG,not ironic,
22931905,39527,39527,1795147243290313049,2024-05-27,NEU,not ironic,
22931906,39528,39528,1795147241063096440,2024-05-27,NEG,ironic,
22931907,39529,39529,1795147240744407270,2024-05-27,NEG,ironic,
22931908,39530,39530,1795147240337703427,2024-05-27,NEU,ironic,
22931909,39531,39531,1795147240257810613,2024-05-27,NEU,not ironic,
22931910,39532,39532,1795147239939092744,2024-05-27,NEU,not ironic,
22931911,39533,39533,1795147239607730347,2024-05-27,NEG,not ironic,
22931912,39534,39534,1795147239280496703,2024-05-27,NEG,not ironic,
22931913,39535,39535,1795147239049789869,2024-05-27,NEU,not ironic,
22931914,39536,39536,1795147237472784593,2024-05-27,NEG,not ironic,
22931915,39537,39537,1795147237279867325,2024-05-27,NEG,ironic,
22931916,39538,39538,1795147236436750359,2024-05-27,NEG,not ironic,
22931917,39539,39539,1795147235992203406,2024-05-27,NEG,ironic,
22931918,39540,39540,1795147235983765923,2024-05-27,POS,ironic,
22931919,39541,39541,1795147235958624371,2024-05-27,NEG,not ironic,
22931920,39542,39542,1795147235820265548,2024-05-27,NEG,not ironic,
22931921,39543,39543,1795147234868330886,2024-05-27,NEU,not ironic,
22931922,39544,39544,1795147234213773630,2024-05-27,NEG,not ironic,
22931923,39545,39545,1795147232037011884,2024-05-27,POS,ironic,
22931924,39546,39546,1795147231596548456,2024-05-27,NEU,not ironic,
22931925,39547,39547,1795147230082367670,2024-05-27,NEG,not ironic,
22931926,39548,39548,1795147230036271576,2024-05-27,NEG,ironic,
22931927,39549,39549,1795147228899836150,2024-05-27,NEG,ironic,
22931928,39550,39550,1795147227045806572,2024-05-27,NEU,not ironic,
22931929,39551,39551,1795147226022392023,2024-05-27,NEG,ironic,
22931930,39552,39552,1795147225850360126,2024-05-27,NEG,ironic,
22931931,39553,39553,1795147225481244691,2024-05-27,NEU,not ironic,
22931932,39554,39554,1795147224789213441,2024-05-27,NEU,not ironic,
22931933,39555,39555,1795147223774220483,2024-05-27,NEU,not ironic,
22931934,39556,39556,1795147223040180433,2024-05-27,NEU,not ironic,
22931935,39557,39557,1795147223023419423,2024-05-27,NEG,not ironic,
22931936,39558,39558,1795147221723381964,2024-05-27,NEU,ironic,
22931937,39559,39559,1795147220393619505,2024-05-27,NEG,not ironic,
22931938,39560,39560,1795147219672154299,2024-05-27,NEG,ironic,
22931939,39561,39561,1795147219638636839,2024-05-27,NEG,ironic,
22931940,39562,39562,1795147216677470362,2024-05-27,NEU,not ironic,
22931941,39563,39563,1795147216614535603,2024-05-27,NEG,not ironic,
22931942,39564,39564,1795147215918284910,2024-05-27,NEG,not ironic,
22931943,39565,39565,1795147214089601075,2024-05-27,NEG,not ironic,
22931944,39566,39566,1795147212411802071,2024-05-27,NEG,not ironic,
22931945,39567,39567,1795147212382515348,2024-05-27,NEU,not ironic,
22931946,39568,39568,1795147212088918371,2024-05-27,NEU,not ironic,
22931947,39569,39569,1795147212088811535,2024-05-27,NEG,ironic,
22931948,39570,39570,1795147211681988953,2024-05-27,NEG,not ironic,
22931949,39571,39571,1795147211031933133,2024-05-27,NEG,ironic,
22931950,39572,39572,1795147209228358094,2024-05-27,NEG,ironic,
22931951,39573,39573,1795147208863502369,2024-05-27,POS,not ironic,
22931952,39574,39574,1795147208804671547,2024-05-27,NEG,ironic,
22931953,39575,39575,1795147203939320242,2024-05-27,NEG,not ironic,
22931954,39576,39576,1795147203620515909,2024-05-27,NEG,ironic,
22931955,39577,39577,1795147201393435079,2024-05-27,POS,ironic,
22931956,39578,39578,1795147201074671960,2024-05-27,NEG,not ironic,
22931957,39579,39579,1795147200978194659,2024-05-27,NEG,not ironic,
22931958,39580,39580,1795147200311312733,2024-05-27,NEU,not ironic,
22931959,39581,39581,1795147200013418694,2024-05-27,NEG,not ironic,
22931960,39582,39582,1795147199707255226,2024-05-27,NEG,ironic,
22931961,39583,39583,1795147199480836348,2024-05-27,NEG,not ironic,
22931962,39584,39584,1795147197945684048,2024-05-27,NEU,ironic,
22931963,39585,39585,1795147197857612011,2024-05-27,POS,ironic,
22931964,39586,39586,1795147197857530171,2024-05-27,NEG,not ironic,
22931965,39587,39587,1795147197664625095,2024-05-27,NEU,not ironic,
22931966,39588,39588,1795147197194924403,2024-05-27,NEG,not ironic,
22931967,39589,39589,1795147195491975235,2024-05-27,NEG,not ironic,
22931968,39590,39590,1795147194418315265,2024-05-27,NEU,not ironic,
22931969,39591,39591,1795147194032402923,2024-05-27,POS,ironic,
22931970,39592,39592,1795147193499664804,2024-05-27,NEG,not ironic,
22931971,39593,39593,1795147193218744404,2024-05-27,NEU,ironic,
22931972,39594,39594,1795147189963862149,2024-05-27,NEG,ironic,
22931973,39595,39595,1795147189280235674,2024-05-27,NEG,not ironic,
22931974,39596,39596,1795147189016031426,2024-05-27,NEG,not ironic,
22931975,39597,39597,1795147188495917527,2024-05-27,NEU,ironic,
22931976,39598,39598,1795147188055449650,2024-05-27,NEG,ironic,
22931977,39599,39599,1795147186520367210,2024-05-27,NEG,not ironic,
22931978,39600,39600,1795147182854570449,2024-05-27,NEG,not ironic,
22931979,39601,39601,1795147182581887146,2024-05-27,NEU,not ironic,
22931980,39602,39602,1795147181642375259,2024-05-27,NEG,ironic,
22931981,39603,39603,1795147177632661618,2024-05-27,NEU,not ironic,
22931982,39604,39604,1795147177041461476,2024-05-27,NEG,not ironic,
22931983,39605,39605,1795147176823455862,2024-05-27,NEU,not ironic,
22931984,39606,39606,1795147176252723277,2024-05-27,NEG,not ironic,
22931985,39607,39607,1795147174268785106,2024-05-27,NEG,ironic,
22931986,39608,39608,1795147174251999532,2024-05-27,NEU,not ironic,
22931987,39609,39609,1795147174017216996,2024-05-27,POS,ironic,
22931988,39610,39610,1795147173950005342,2024-05-27,NEG,not ironic,
22931989,39611,39611,1795147173039911310,2024-05-27,NEU,ironic,
22931990,39612,39612,1795147172976951667,2024-05-27,NEU,ironic,
22931991,39613,39613,1795147172863741994,2024-05-27,NEU,not ironic,
22931992,39614,39614,1795147171584671758,2024-05-27,POS,not ironic,
22931993,39615,39615,1795147170720502234,2024-05-27,NEG,not ironic,
22931994,39616,39616,1795147170577817776,2024-05-27,NEU,not ironic,
22931995,39617,39617,1795147170091557094,2024-05-27,NEU,not ironic,
22931996,39618,39618,1795147169990611316,2024-05-27,POS,not ironic,
22931997,39619,39619,1795147169021780022,2024-05-27,NEU,not ironic,
22931998,39620,39620,1795147168707137965,2024-05-27,NEG,ironic,
22931999,39621,39621,1795147168652595291,2024-05-27,POS,not ironic,
22932000,39622,39622,1795147168489120233,2024-05-27,NEG,ironic,
22932001,39623,39623,1795147168291971460,2024-05-27,NEG,ironic,
22932002,39624,39624,1795147166018625598,2024-05-27,NEG,ironic,
22932003,39625,39625,1795147165448196435,2024-05-27,NEG,not ironic,
22932004,39626,39626,1795147165297250623,2024-05-27,NEG,ironic,
22932005,39627,39627,1795147164672262654,2024-05-27,NEG,not ironic,
22932006,39628,39628,1795147163237769705,2024-05-27,NEG,not ironic,
22932007,39629,39629,1795147162638278922,2024-05-27,NEU,ironic,
22932008,39630,39630,1795147160805147120,2024-05-27,NEG,ironic,
22932009,39631,39631,1795147160725373150,2024-05-27,NEG,not ironic,
22932010,39632,39632,1795147157734912397,2024-05-27,NEG,ironic,
22932011,39633,39633,1795147156757623086,2024-05-27,NEU,not ironic,
22932012,39634,39634,1795147154882798029,2024-05-27,NEG,not ironic,
22932013,39635,39635,1795147153041498487,2024-05-27,NEG,not ironic,
22932014,39636,39636,1795147152710099225,2024-05-27,NEG,not ironic,
22932015,39637,39637,1795147152273928434,2024-05-27,NEG,not ironic,
22932016,39638,39638,1795147150382465038,2024-05-27,NEG,not ironic,
22932017,39639,39639,1795147144719913286,2024-05-27,NEG,not ironic,
22932018,39640,39640,1795147144577384539,2024-05-27,NEU,ironic,
22932019,39641,39641,1795147140752113985,2024-05-27,NEG,not ironic,
22932020,39642,39642,1795147140676624531,2024-05-27,NEG,ironic,
22932021,39643,39643,1795147140110422459,2024-05-27,POS,ironic,
22932022,39644,39644,1795147139867164857,2024-05-27,NEG,ironic,
22932023,39645,39645,1795147139263221915,2024-05-27,NEU,ironic,
22932024,39646,39646,1795147138713735673,2024-05-27,POS,ironic,
22932025,39647,39647,1795147136859771347,2024-05-27,NEU,ironic,
22932026,39648,39648,1795147136264245302,2024-05-27,NEU,ironic,
22932027,39649,39649,1795147135932834037,2024-05-27,NEU,not ironic,
22932028,39650,39650,1795147132959088722,2024-05-27,NEG,not ironic,
22932029,39651,39651,1795147130878787884,2024-05-27,POS,not ironic,
22932030,39652,39652,1795147130325152228,2024-05-27,POS,ironic,
22932031,39653,39653,1795147130165666233,2024-05-27,NEG,ironic,
22932032,39654,39654,1795147127494005064,2024-05-27,NEG,ironic,
22932033,39655,39655,1795147126369829346,2024-05-27,NEG,ironic,
22932034,39656,39656,1795147125870731316,2024-05-27,NEU,ironic,
22932035,39657,39657,1795147123236737512,2024-05-27,NEG,ironic,
22932036,39658,39658,1795147122334994568,2024-05-27,NEG,not ironic,
22932037,39659,39659,1795147121739342002,2024-05-27,NEU,not ironic,
22932038,39660,39660,1795147121227624466,2024-05-27,NEG,ironic,
22932039,39661,39661,1795147120963354854,2024-05-27,NEG,not ironic,
22932040,39662,39662,1795147120506253375,2024-05-27,POS,ironic,
22932041,39663,39663,1795147119579320606,2024-05-27,NEG,ironic,
22932042,39664,39664,1795147119013089325,2024-05-27,NEG,ironic,
22932043,39665,39665,1795147118664929542,2024-05-27,NEG,ironic,
22932044,39666,39666,1795147118379704331,2024-05-27,NEU,not ironic,
22932045,39667,39667,1795147112880992309,2024-05-27,NEG,ironic,
22932046,39668,39668,1795147112864178557,2024-05-27,NEG,not ironic,
22932047,39669,39669,1795147112541196482,2024-05-27,NEU,ironic,
22932048,39670,39670,1795147111597539802,2024-05-27,POS,not ironic,
22932049,39671,39671,1795147110536323568,2024-05-27,NEU,not ironic,
22932050,39672,39672,1795147110481829929,2024-05-27,NEU,ironic,
22932051,39673,39673,1795147109647224880,2024-05-27,NEG,not ironic,
22932052,39674,39674,1795147108372156492,2024-05-27,NEG,not ironic,
22932053,39675,39675,1795147105847112001,2024-05-27,NEU,ironic,
22932054,39676,39676,1795147104190373986,2024-05-27,POS,not ironic,
22932055,39677,39677,1795147103368351815,2024-05-27,NEG,ironic,
22932056,39678,39678,1795147103024316680,2024-05-27,NEG,not ironic,
22932057,39679,39679,1795147101556318442,2024-05-27,NEG,not ironic,
22932058,39680,39680,1795147100843385192,2024-05-27,NEU,not ironic,
22932059,39681,39681,1795147100503646606,2024-05-27,NEG,ironic,
22932060,39682,39682,1795147100012871963,2024-05-27,NEG,not ironic,
22932061,39683,39683,1795147099677282420,2024-05-27,NEU,not ironic,
22932062,39684,39684,1795147097529802935,2024-05-27,NEG,not ironic,
22932063,39685,39685,1795147096753947067,2024-05-27,NEG,not ironic,
22932064,39686,39686,1795147096745496743,2024-05-27,NEG,ironic,
22932065,39687,39687,1795147094421905565,2024-05-27,NEU,ironic,
22932066,39688,39688,1795147091657760865,2024-05-27,NEU,ironic,
22932067,39689,39689,1795147089795592499,2024-05-27,NEG,not ironic,
22932068,39690,39690,1795147088952471848,2024-05-27,NEU,ironic,
22932069,39691,39691,1795147088155521352,2024-05-27,NEG,not ironic,
22932070,39692,39692,1795147087912280469,2024-05-27,POS,ironic,
22932071,39693,39693,1795147085764800834,2024-05-27,NEU,not ironic,
22932072,39694,39694,1795147085420863598,2024-05-27,NEG,not ironic,
22932073,39695,39695,1795147083017531445,2024-05-27,NEG,not ironic,
22932074,39696,39696,1795147082853933409,2024-05-27,NEU,not ironic,
22932075,39697,39697,1795147081998348501,2024-05-27,NEU,ironic,
22932076,39698,39698,1795147081612431862,2024-05-27,NEG,not ironic,
22932077,39699,39699,1795147080819933641,2024-05-27,NEU,not ironic,
22932078,39700,39700,1795147079557239029,2024-05-27,NEU,not ironic,
22932079,39701,39701,1795147078735192072,2024-05-27,NEG,ironic,
22932080,39702,39702,1795147078508695844,2024-05-27,NEU,not ironic,
22932081,39703,39703,1795147076512227727,2024-05-27,NEG,not ironic,
22932082,39704,39704,1795147076256276539,2024-05-27,NEU,not ironic,
22932083,39705,39705,1795147075920789592,2024-05-27,POS,not ironic,
22932084,39706,39706,1795147075631337529,2024-05-27,NEU,not ironic,
22932085,39707,39707,1795147074926698801,2024-05-27,NEG,ironic,
22932086,39708,39708,1795147074524078566,2024-05-27,NEG,ironic,
22932087,39709,39709,1795147073660006782,2024-05-27,POS,ironic,
22932088,39710,39710,1795147073131536885,2024-05-27,NEU,not ironic,
22932089,39711,39711,1795147072372355398,2024-05-27,NEU,not ironic,
22932090,39712,39712,1795147069247590783,2024-05-27,NEG,ironic,
22932091,39713,39713,1795147069209854239,2024-05-27,NEU,not ironic,
22932092,39714,39714,1795147067528028543,2024-05-27,NEG,ironic,
22932093,39715,39715,1795147065153953892,2024-05-27,NEG,not ironic,
22932094,39716,39716,1795147063816011967,2024-05-27,NEG,ironic,
22932095,39717,39717,1795147063551742009,2024-05-27,NEG,not ironic,
22932096,39718,39718,1795147062406705311,2024-05-27,NEG,not ironic,
22932097,39719,39719,1795147061941166576,2024-05-27,NEG,not ironic,
22932098,39720,39720,1795147060443742317,2024-05-27,NEG,not ironic,
22932099,39721,39721,1795147060024402169,2024-05-27,NEG,ironic,
22932100,39722,39722,1795147059776921817,2024-05-27,NEG,ironic,
22932101,39723,39723,1795147059101671582,2024-05-27,NEU,not ironic,
22932102,39724,39724,1795147057206002053,2024-05-27,NEG,not ironic,
22932103,39725,39725,1795147057042268315,2024-05-27,NEG,not ironic,
22932104,39726,39726,1795147055440015609,2024-05-27,NEG,ironic,
22932105,39727,39727,1795147055389614116,2024-05-27,NEU,not ironic,
22932106,39728,39728,1795147053112172877,2024-05-27,NEG,not ironic,
22932107,39729,39729,1795147052512370923,2024-05-27,NEG,not ironic,
22932108,39730,39730,1795147051656749451,2024-05-27,NEU,not ironic,
22932109,39731,39731,1795147050268451199,2024-05-27,NEG,ironic,
22932110,39732,39732,1795147050113175712,2024-05-27,NEG,ironic,
22932111,39733,39733,1795147050033562051,2024-05-27,NEG,not ironic,
22932112,39734,39734,1795147049937031215,2024-05-27,NEG,not ironic,
22932113,39735,39735,1795147048112529851,2024-05-27,NEG,not ironic,
22932114,39736,39736,1795147046837452965,2024-05-27,POS,ironic,
22932115,39737,39737,1795147045872795733,2024-05-27,NEU,not ironic,
22932116,39738,39738,1795147044530635081,2024-05-27,NEG,not ironic,
22932117,39739,39739,1795147044509597836,2024-05-27,NEG,not ironic,
22932118,39740,39740,1795147044090220632,2024-05-27,NEG,not ironic,
22932119,39741,39741,1795147043947581851,2024-05-27,NEG,ironic,
22932120,39742,39742,1795147043561783512,2024-05-27,NEU,ironic,
22932121,39743,39743,1795147041250648195,2024-05-27,POS,ironic,
22932122,39744,39744,1795147040541823279,2024-05-27,NEU,ironic,
22932123,39745,39745,1795147040210481463,2024-05-27,NEG,not ironic,
22932124,39746,39746,1795147038604059036,2024-05-27,NEG,not ironic,
22932125,39747,39747,1795147038218178613,2024-05-27,NEG,not ironic,
22932126,39748,39748,1795147038130057294,2024-05-27,NEG,ironic,
22932127,39749,39749,1795147036955713561,2024-05-27,NEG,not ironic,
22932128,39750,39750,1795147036741755108,2024-05-27,POS,not ironic,
22932129,39751,39751,1795147036632711597,2024-05-27,NEG,ironic,
22932130,39752,39752,1795147036116824370,2024-05-27,NEU,ironic,
22932131,39753,39753,1795147036100022470,2024-05-27,NEG,not ironic,
22932132,39754,39754,1795147035823440182,2024-05-27,NEG,not ironic,
22932133,39755,39755,1795147033994576376,2024-05-27,NEG,not ironic,
22932134,39756,39756,1795147033700888761,2024-05-27,NEG,not ironic,
22932135,39757,39757,1795147033562460456,2024-05-27,NEG,not ironic,
22932136,39758,39758,1795147031280820259,2024-05-27,POS,not ironic,
22932137,39759,39759,1795147029586280933,2024-05-27,NEG,not ironic,
22932138,39760,39760,1795147028281856407,2024-05-27,POS,ironic,
22932139,39761,39761,1795147027531051383,2024-05-27,NEU,not ironic,
22932140,39762,39762,1795147027283578927,2024-05-27,NEG,ironic,
22932141,39763,39763,1795147026973520292,2024-05-27,POS,ironic,
22932142,39764,39764,1795147026482520520,2024-05-27,POS,ironic,
22932143,39765,39765,1795147025870143868,2024-05-27,NEG,not ironic,
22932144,39766,39766,1795147025673060822,2024-05-27,NEG,not ironic,
22932145,39767,39767,1795147024997708108,2024-05-27,NEG,ironic,
22932146,39768,39768,1795147023911616719,2024-05-27,NEG,ironic,
22932147,39769,39769,1795147023848550840,2024-05-27,NEG,ironic,
22932148,39770,39770,1795147023710142874,2024-05-27,NEG,not ironic,
22932149,39771,39771,1795147021491273895,2024-05-27,NEU,ironic,
22932150,39772,39772,1795147018886676521,2024-05-27,NEG,ironic,
22932151,39773,39773,1795147017531891801,2024-05-27,NEG,not ironic,
22932152,39774,39774,1795147016584007857,2024-05-27,POS,not ironic,
22932153,39775,39775,1795147016391024938,2024-05-27,POS,ironic,
22932154,39776,39776,1795147016244175017,2024-05-27,POS,not ironic,
22932155,39777,39777,1795147014780403828,2024-05-27,NEG,not ironic,
22932156,39778,39778,1795147014268678584,2024-05-27,NEU,not ironic,
22932157,39779,39779,1795147014235152525,2024-05-27,NEG,not ironic,
22932158,39780,39780,1795147013824086237,2024-05-27,NEU,ironic,
22932159,39781,39781,1795147013702492231,2024-05-27,NEU,ironic,
22932160,39782,39782,1795147013585096952,2024-05-27,NEU,not ironic,
22932161,39783,39783,1795147013299876318,2024-05-27,NEG,ironic,
22932162,39784,39784,1795147011953496397,2024-05-27,NEG,not ironic,
22932163,39785,39785,1795147011068461320,2024-05-27,NEU,ironic,
22932164,39786,39786,1795147010749723032,2024-05-27,NEG,ironic,
22932165,39787,39787,1795147010472829201,2024-05-27,NEU,not ironic,
22932166,39788,39788,1795147009684390177,2024-05-27,NEG,not ironic,
22932167,39789,39789,1795147009118081211,2024-05-27,POS,not ironic,
22932168,39790,39790,1795147008254062638,2024-05-27,NEG,not ironic,
22932169,39791,39791,1795147006773444946,2024-05-27,NEU,ironic,
22932170,39792,39792,1795147006618267713,2024-05-27,NEG,not ironic,
22932171,39793,39793,1795147006551199863,2024-05-27,NEG,not ironic,
22932172,39794,39794,1795147005133471982,2024-05-27,POS,ironic,
22932173,39795,39795,1795147004672110695,2024-05-27,POS,not ironic,
22932174,39796,39796,1795147002860142703,2024-05-27,NEU,not ironic,
22932175,39797,39797,1795147002700845470,2024-05-27,NEG,not ironic,
22932176,39798,39798,1795147002486952343,2024-05-27,NEG,not ironic,
22932177,39799,39799,1795147001530601689,2024-05-27,NEG,not ironic,
22932178,39800,39800,1795147000465195151,2024-05-27,NEG,ironic,
22932179,39801,39801,1795146998565228775,2024-05-27,NEG,not ironic,
22932180,39802,39802,1795146997084647681,2024-05-27,NEG,ironic,
22932181,39803,39803,1795146996715590123,2024-05-27,NEU,ironic,
22932182,39804,39804,1795146996690330052,2024-05-27,NEG,ironic,
22932183,39805,39805,1795146996078022876,2024-05-27,NEG,not ironic,
22932184,39806,39806,1795146995880939552,2024-05-27,NEG,not ironic,
22932185,39807,39807,1795146995830538310,2024-05-27,POS,ironic,
22932186,39808,39808,1795146995713118666,2024-05-27,POS,ironic,
22932187,39809,39809,1795146994706440634,2024-05-27,NEG,not ironic,
22932188,39810,39810,1795146992806494704,2024-05-27,NEG,not ironic,
22932189,39811,39811,1795146991745323252,2024-05-27,NEG,ironic,
22932190,39812,39812,1795146989404815627,2024-05-27,POS,not ironic,
22932191,39813,39813,1795146987979014599,2024-05-27,NEG,ironic,
22932192,39814,39814,1795146987681050662,2024-05-27,NEU,not ironic,
22932193,39815,39815,1795146987169288530,2024-05-27,NEU,not ironic,
22932194,39816,39816,1795146986678612141,2024-05-27,NEU,ironic,
22932195,39817,39817,1795146986473009627,2024-05-27,NEG,not ironic,
22932196,39818,39818,1795146983683899870,2024-05-27,NEG,not ironic,
22932197,39819,39819,1795146983138635850,2024-05-27,POS,ironic,
22932198,39820,39820,1795146983033712997,2024-05-27,NEG,ironic,
22932199,39821,39821,1795146982157156707,2024-05-27,POS,ironic,
22932200,39822,39822,1795146981423133146,2024-05-27,NEG,ironic,
22932201,39823,39823,1795146981314060554,2024-05-27,NEU,ironic,
22932202,39824,39824,1795146980580024578,2024-05-27,NEU,ironic,
22932203,39825,39825,1795146979204345865,2024-05-27,NEG,not ironic,
22932204,39826,39826,1795146978801697276,2024-05-27,NEU,ironic,
22932205,39827,39827,1795146978453545128,2024-05-27,POS,ironic,
22932206,39828,39828,1795146977946067342,2024-05-27,NEU,not ironic,
22932207,39829,39829,1795146977610514852,2024-05-27,POS,ironic,
22932208,39830,39830,1795146976935223671,2024-05-27,NEU,not ironic,
22932209,39831,39831,1795146976872353848,2024-05-27,NEG,ironic,
22932210,39832,39832,1795146976545091819,2024-05-27,NEU,not ironic,
22932211,39833,39833,1795146975764967586,2024-05-27,POS,not ironic,
22932212,39834,39834,1795146975626600787,2024-05-27,NEG,not ironic,
22932213,39835,39835,1795146975622340939,2024-05-27,NEU,not ironic,
22932214,39836,39836,1795146973202309399,2024-05-27,POS,ironic,
22932215,39837,39837,1795146972711747885,2024-05-27,NEU,not ironic,
22932216,39838,39838,1795146972094951788,2024-05-27,NEG,not ironic,
22932217,39839,39839,1795146970836652070,2024-05-27,NEG,ironic,
22932218,39840,39840,1795146970345914722,2024-05-27,NEG,not ironic,
22932219,39841,39841,1795146970337587448,2024-05-27,NEU,not ironic,
22932220,39842,39842,1795146968395657569,2024-05-27,NEG,ironic,
22932221,39843,39843,1795146967691002235,2024-05-27,NEG,ironic,
22932222,39844,39844,1795146967586119718,2024-05-27,POS,not ironic,
22932223,39845,39845,1795146967305146706,2024-05-27,NEU,not ironic,
22932224,39846,39846,1795146966709436606,2024-05-27,NEG,not ironic,
22932225,39847,39847,1795146965438640482,2024-05-27,NEG,ironic,
22932226,39848,39848,1795146965010776113,2024-05-27,NEG,not ironic,
22932227,39849,39849,1795146964448825598,2024-05-27,NEG,ironic,
22932228,39850,39850,1795146963333284138,2024-05-27,POS,not ironic,
22932229,39851,39851,1795146962380984696,2024-05-27,NEG,not ironic,
22932230,39852,39852,1795146962099974160,2024-05-27,NEG,not ironic,
22932231,39853,39853,1795146961974112757,2024-05-27,POS,not ironic,
22932232,39854,39854,1795146960850002064,2024-05-27,POS,ironic,
22932233,39855,39855,1795146960833331238,2024-05-27,NEG,not ironic,
22932234,39856,39856,1795146960791331315,2024-05-27,NEG,ironic,
22932235,39857,39857,1795146959432352164,2024-05-27,NEG,ironic,
22932236,39858,39858,1795146959356874760,2024-05-27,NEG,not ironic,
22932237,39859,39859,1795146958962614528,2024-05-27,NEG,ironic,
22932238,39860,39860,1795146958190821517,2024-05-27,NEG,not ironic,
22932239,39861,39861,1795146957838557274,2024-05-27,NEG,ironic,
22932240,39862,39862,1795146957490716972,2024-05-27,NEG,not ironic,
22932241,39863,39863,1795146957444219222,2024-05-27,NEG,not ironic,
22932242,39864,39864,1795146955921776790,2024-05-27,NEG,not ironic,
22932243,39865,39865,1795146955854647358,2024-05-27,NEG,not ironic,
22932244,39866,39866,1795146954416193622,2024-05-27,NEG,ironic,
22932245,39867,39867,1795146954239795546,2024-05-27,NEG,not ironic,
22932246,39868,39868,1795146953916838288,2024-05-27,NEU,not ironic,
22932247,39869,39869,1795146953249968417,2024-05-27,NEG,ironic,
22932248,39870,39870,1795146953073758466,2024-05-27,POS,ironic,
22932249,39871,39871,1795146952478220728,2024-05-27,NEU,not ironic,
22932250,39872,39872,1795146952436228188,2024-05-27,NEG,not ironic,
22932251,39873,39873,1795146952071328200,2024-05-27,NEG,not ironic,
22932252,39874,39874,1795146951358292180,2024-05-27,NEG,not ironic,
22932253,39875,39875,1795146950905397308,2024-05-27,NEG,ironic,
22932254,39876,39876,1795146949558988832,2024-05-27,NEG,ironic,
22932255,39877,39877,1795146949168951318,2024-05-27,NEU,not ironic,
22932256,39878,39878,1795146947998671329,2024-05-27,NEU,not ironic,
22932257,39879,39879,1795146947252130066,2024-05-27,NEG,not ironic,
22932258,39880,39880,1795146946958565547,2024-05-27,NEG,ironic,
22932259,39881,39881,1795146946333770121,2024-05-27,NEG,not ironic,
22932260,39882,39882,1795146944974672322,2024-05-27,NEG,ironic,
22932261,39883,39883,1795146944404217951,2024-05-27,NEG,not ironic,
22932262,39884,39884,1795146944265978099,2024-05-27,NEG,not ironic,
22932263,39885,39885,1795146941271072987,2024-05-27,NEG,not ironic,
22932264,39886,39886,1795146941132603845,2024-05-27,NEG,ironic,
22932265,39887,39887,1795146939849232613,2024-05-27,NEG,ironic,
22932266,39888,39888,1795146939178136015,2024-05-27,NEU,not ironic,
22932267,39889,39889,1795146938901295282,2024-05-27,NEU,not ironic,
22932268,39890,39890,1795146938167243251,2024-05-27,NEU,ironic,
22932269,39891,39891,1795146937164861633,2024-05-27,NEG,ironic,
22932270,39892,39892,1795146937106137243,2024-05-27,NEU,not ironic,
22932271,39893,39893,1795146935772344396,2024-05-27,NEG,not ironic,
22932272,39894,39894,1795146935596134792,2024-05-27,NEG,not ironic,
22932273,39895,39895,1795146934916669652,2024-05-27,POS,ironic,
22932274,39896,39896,1795146933960430004,2024-05-27,NEG,ironic,
22932275,39897,39897,1795146932987334771,2024-05-27,NEG,not ironic,
22932276,39898,39898,1795146931926093858,2024-05-27,POS,not ironic,
22932277,39899,39899,1795146931368255512,2024-05-27,NEG,not ironic,
22932278,39900,39900,1795146930948858311,2024-05-27,NEU,ironic,
22932279,39901,39901,1795146930919449029,2024-05-27,NEG,not ironic,
22932280,39902,39902,1795146930080596081,2024-05-27,NEU,ironic,
22932281,39903,39903,1795146929778655576,2024-05-27,NEG,not ironic,
22932282,39904,39904,1795146929363394605,2024-05-27,POS,ironic,
22932283,39905,39905,1795146927824093527,2024-05-27,POS,not ironic,
22932284,39906,39906,1795146923763986448,2024-05-27,NEG,ironic,
22932285,39907,39907,1795146922279199084,2024-05-27,NEG,not ironic,
22932286,39908,39908,1795146921373319406,2024-05-27,NEG,not ironic,
22932287,39909,39909,1795146920958034331,2024-05-27,NEU,not ironic,
22932288,39910,39910,1795146920421204466,2024-05-27,NEU,not ironic,
22932289,39911,39911,1795146919943209178,2024-05-27,NEG,ironic,
22932290,39912,39912,1795146919150240020,2024-05-27,NEG,ironic,
22932291,39913,39913,1795146918386889118,2024-05-27,NEU,not ironic,
22932292,39914,39914,1795146918269440021,2024-05-27,NEG,ironic,
22932293,39915,39915,1795146916654731485,2024-05-27,NEG,ironic,
22932294,39916,39916,1795146915312509121,2024-05-27,NEG,ironic,
22932295,39917,39917,1795146915236950320,2024-05-27,NEU,not ironic,
22932296,39918,39918,1795146915115409499,2024-05-27,NEU,not ironic,
22932297,39919,39919,1795146914620420486,2024-05-27,NEU,not ironic,
22932298,39920,39920,1795146913223786810,2024-05-27,NEG,ironic,
22932299,39921,39921,1795146913026572354,2024-05-27,NEG,not ironic,
22932300,39922,39922,1795146912921780437,2024-05-27,NEU,ironic,
22932301,39923,39923,1795146912372261090,2024-05-27,POS,not ironic,
22932302,39924,39924,1795146911919259656,2024-05-27,NEG,not ironic,
22932303,39925,39925,1795146911843831903,2024-05-27,NEU,not ironic,
22932304,39926,39926,1795146911009173984,2024-05-27,NEG,not ironic,
22932305,39927,39927,1795146910216433769,2024-05-27,NEG,not ironic,
22932306,39928,39928,1795146909004296390,2024-05-27,NEU,not ironic,
22932307,39929,39929,1795146908681331139,2024-05-27,NEG,not ironic,
22932308,39930,39930,1795146907662053861,2024-05-27,NEU,not ironic,
22932309,39931,39931,1795146906332532848,2024-05-27,NEG,ironic,
22932310,39932,39932,1795146906160497023,2024-05-27,NEG,not ironic,
22932311,39933,39933,1795146903589450184,2024-05-27,NEG,not ironic,
22932312,39934,39934,1795146902566023471,2024-05-27,NEG,not ironic,
22932313,39935,39935,1795146902100464030,2024-05-27,NEU,ironic,
22932314,39936,39936,1795146901144170708,2024-05-27,POS,not ironic,
22932315,39937,39937,1795146900854718850,2024-05-27,NEG,not ironic,
22932316,39938,39938,1795146900775080001,2024-05-27,NEU,not ironic,
22932317,39939,39939,1795146896572387758,2024-05-27,NEG,ironic,
22932318,39940,39940,1795146896492605626,2024-05-27,NEU,not ironic,
22932319,39941,39941,1795146896400347409,2024-05-27,POS,not ironic,
22932320,39942,39942,1795146893376225618,2024-05-27,NEG,ironic,
22932321,39943,39943,1795146893313372597,2024-05-27,NEU,not ironic,
22932322,39944,39944,1795146893208715429,2024-05-27,NEU,not ironic,
22932323,39945,39945,1795146892952658326,2024-05-27,POS,not ironic,
22932324,39946,39946,1795146891589513460,2024-05-27,NEG,not ironic,
22932325,39947,39947,1795146890641604995,2024-05-27,NEG,not ironic,
22932326,39948,39948,1795146890419261928,2024-05-27,NEG,not ironic,
22932327,39949,39949,1795146889685336081,2024-05-27,NEU,ironic,
22932328,39950,39950,1795146888385077313,2024-05-27,NEG,ironic,
22932329,39951,39951,1795146888003371357,2024-05-27,POS,not ironic,
22932330,39952,39952,1795146886887669905,2024-05-27,NEU,not ironic,
22932331,39953,39953,1795146886808007157,2024-05-27,NEG,ironic,
22932332,39954,39954,1795146886543782234,2024-05-27,NEG,not ironic,
22932333,39955,39955,1795146886287958205,2024-05-27,POS,not ironic,
22932334,39956,39956,1795146885805580789,2024-05-27,NEU,ironic,
22932335,39957,39957,1795146884882825434,2024-05-27,NEU,ironic,
22932336,39958,39958,1795146884421394852,2024-05-27,NEU,not ironic,
22932337,39959,39959,1795146884069147113,2024-05-27,NEG,not ironic,
22932338,39960,39960,1795146881753862171,2024-05-27,NEG,not ironic,
22932339,39961,39961,1795146881485484401,2024-05-27,NEG,ironic,
22932340,39962,39962,1795146880373969104,2024-05-27,NEG,not ironic,
22932341,39963,39963,1795146879577039346,2024-05-27,NEG,not ironic,
22932342,39964,39964,1795146879430238238,2024-05-27,NEU,not ironic,
22932343,39965,39965,1795146879279177946,2024-05-27,NEG,not ironic,
22932344,39966,39966,1795146878444527994,2024-05-27,NEU,not ironic,
22932345,39967,39967,1795146878083858735,2024-05-27,NEG,not ironic,
22932346,39968,39968,1795146877853131179,2024-05-27,NEG,not ironic,
22932347,39969,39969,1795146876666175927,2024-05-27,NEU,not ironic,
22932348,39970,39970,1795146875734982908,2024-05-27,POS,ironic,
22932349,39971,39971,1795146872476110902,2024-05-27,NEG,not ironic,
22932350,39972,39972,1795146872203444236,2024-05-27,NEG,not ironic,
22932351,39973,39973,1795146871461048330,2024-05-27,NEG,not ironic,
22932352,39974,39974,1795146870819365292,2024-05-27,NEG,not ironic,
22932353,39975,39975,1795146869938524189,2024-05-27,NEU,not ironic,
22932354,39976,39976,1795146868508311895,2024-05-27,POS,ironic,
22932355,39977,39977,1795146867732279432,2024-05-27,NEU,ironic,
22932356,39978,39978,1795146867208073397,2024-05-27,POS,not ironic,
22932357,39979,39979,1795146865106674130,2024-05-27,NEU,not ironic,
22932358,39980,39980,1795146864267780123,2024-05-27,NEG,ironic,
22932359,39981,39981,1795146863231791135,2024-05-27,NEG,ironic,
22932360,39982,39982,1795146862451708377,2024-05-27,NEG,not ironic,
22932361,39983,39983,1795146861570888151,2024-05-27,NEU,ironic,
22932362,39984,39984,1795146859901546889,2024-05-27,NEG,ironic,
22932363,39985,39985,1795146859549175961,2024-05-27,NEG,ironic,
22932364,39986,39986,1795146859465355451,2024-05-27,NEG,ironic,
22932365,39987,39987,1795146858668409103,2024-05-27,NEG,ironic,
22932366,39988,39988,1795146857611403321,2024-05-27,NEU,not ironic,
22932367,39989,39989,1795146857535918250,2024-05-27,NEU,ironic,
22932368,39990,39990,1795146857129062887,2024-05-27,POS,ironic,
22932369,39991,39991,1795146856843948361,2024-05-27,NEU,not ironic,
22932370,39992,39992,1795146855023587490,2024-05-27,NEG,ironic,
22932371,39993,39993,1795146854880977064,2024-05-27,NEG,not ironic,
22932372,39994,39994,1795146854830641526,2024-05-27,NEG,ironic,
22932373,39995,39995,1795146853379453363,2024-05-27,NEG,not ironic,
22932374,39996,39996,1795146852540526760,2024-05-27,NEU,not ironic,
22932375,39997,39997,1795146852184068209,2024-05-27,NEG,ironic,
22932376,39998,39998,1795146851684872639,2024-05-27,NEG,not ironic,
22932377,39999,39999,1795146851575898619,2024-05-27,NEG,not ironic,
22932378,40000,40000,1795146850955063422,2024-05-27,NEG,not ironic,
22932379,40001,40001,1795146849906512116,2024-05-27,POS,not ironic,
22932380,40002,40002,1795146849050866010,2024-05-27,NEU,not ironic,
22932381,40003,40003,1795146846622433413,2024-05-27,NEG,not ironic,
22932382,40004,40004,1795146846228095132,2024-05-27,NEU,not ironic,
22932383,40005,40005,1795146845376675949,2024-05-27,NEG,ironic,
22932384,40006,40006,1795146845116678311,2024-05-27,NEG,ironic,
22932385,40007,40007,1795146841895366731,2024-05-27,NEG,not ironic,
22932386,40008,40008,1795146841526284333,2024-05-27,NEG,not ironic,
22932387,40009,40009,1795146838758064304,2024-05-27,NEU,not ironic,
22932388,40010,40010,1795146837474619450,2024-05-27,NEG,ironic,
22932389,40011,40011,1795146836065362009,2024-05-27,NEU,ironic,
22932390,40012,40012,1795146834999951861,2024-05-27,NEU,ironic,
22932391,40013,40013,1795146833557127191,2024-05-27,NEU,not ironic,
22932392,40014,40014,1795146832898642147,2024-05-27,NEG,not ironic,
22932393,40015,40015,1795146832001064977,2024-05-27,NEU,ironic,
22932394,40016,40016,1795146831887732815,2024-05-27,NEG,not ironic,
22932395,40017,40017,1795146831485161857,2024-05-27,NEU,ironic,
22932396,40018,40018,1795146831128576449,2024-05-27,NEU,not ironic,
22932397,40019,40019,1795146830876950786,2024-05-27,NEG,not ironic,
22932398,40020,40020,1795146829752832463,2024-05-27,NEG,not ironic,
22932399,40021,40021,1795146829178241470,2024-05-27,NEG,ironic,
22932400,40022,40022,1795146828884713901,2024-05-27,NEG,ironic,
22932401,40023,40023,1795146828301705560,2024-05-27,NEG,not ironic,
22932402,40024,40024,1795146828125495702,2024-05-27,NEG,not ironic,
22932403,40025,40025,1795146828066767069,2024-05-27,NEU,not ironic,
22932404,40026,40026,1795146827362132033,2024-05-27,NEG,ironic,
22932405,40027,40027,1795146826607210843,2024-05-27,NEG,ironic,
22932406,40028,40028,1795146826045149440,2024-05-27,NEG,ironic,
22932407,40029,40029,1795146825374093536,2024-05-27,NEG,not ironic,
22932408,40030,40030,1795146825088881122,2024-05-27,NEG,ironic,
22932409,40031,40031,1795146823130284349,2024-05-27,NEU,ironic,
22932410,40032,40032,1795146822949716093,2024-05-27,NEG,not ironic,
22932411,40033,40033,1795146822438039713,2024-05-27,NEG,ironic,
22932412,40034,40034,1795146822240895195,2024-05-27,NEG,not ironic,
22932413,40035,40035,1795146821070675974,2024-05-27,NEU,ironic,
22932414,40036,40036,1795146820630306883,2024-05-27,NEU,not ironic,
22932415,40037,40037,1795146818562453851,2024-05-27,NEU,not ironic,
22932416,40038,40038,1795146817945915825,2024-05-27,POS,not ironic,
22932417,40039,40039,1795146816154976464,2024-05-27,NEG,not ironic,
22932418,40040,40040,1795146814540144964,2024-05-27,NEG,ironic,
22932419,40041,40041,1795146812426162210,2024-05-27,POS,ironic,
22932420,40042,40042,1795146812073836622,2024-05-27,NEG,not ironic,
22932421,40043,40043,1795146811935482048,2024-05-27,NEG,ironic,
22932422,40044,40044,1795146811570594297,2024-05-27,NEU,ironic,
22932423,40045,40045,1795146810974998985,2024-05-27,NEG,ironic,
22932424,40046,40046,1795146808840081619,2024-05-27,NEG,ironic,
22932425,40047,40047,1795146808789737742,2024-05-27,NEG,not ironic,
22932426,40048,40048,1795146808768811240,2024-05-27,NEG,ironic,
22932427,40049,40049,1795146808433271142,2024-05-27,NEG,not ironic,
22932428,40050,40050,1795146806109552842,2024-05-27,POS,not ironic,
22932429,40051,40051,1795146806105436390,2024-05-27,NEU,not ironic,
22932430,40052,40052,1795146805740482994,2024-05-27,POS,not ironic,
22932431,40053,40053,1795146805664960559,2024-05-27,NEG,not ironic,
22932432,40054,40054,1795146805044285708,2024-05-27,NEU,not ironic,
22932433,40055,40055,1795146804889071943,2024-05-27,NEG,not ironic,
22932434,40056,40056,1795146802515087569,2024-05-27,NEG,ironic,
22932435,40057,40057,1795146699213545509,2024-05-27,NEU,not ironic,
22932436,40058,40058,1795146698576064671,2024-05-27,NEG,ironic,
22932437,40059,40059,1795146698051706887,2024-05-27,NEG,ironic,
22932438,40060,40060,1795146697560973813,2024-05-27,NEU,not ironic,
22932439,40061,40061,1795146697204441337,2024-05-27,NEU,not ironic,
22932440,40062,40062,1795146693706461367,2024-05-27,NEG,ironic,
22932441,40063,40063,1795146693438013895,2024-05-27,NEG,ironic,
22932442,40064,40064,1795146692334899426,2024-05-27,NEG,not ironic,
22932443,40065,40065,1795146691307249782,2024-05-27,NEG,not ironic,
22932444,40066,40066,1795146690850140661,2024-05-27,NEG,ironic,
22932445,40067,40067,1795146690636185715,2024-05-27,NEU,ironic,
22932446,40068,40068,1795146690443301235,2024-05-27,POS,ironic,
22932447,40069,40069,1795146689579298932,2024-05-27,NEG,not ironic,
22932448,40070,40070,1795146689411469454,2024-05-27,NEU,not ironic,
22932449,40071,40071,1795146689080103036,2024-05-27,NEG,ironic,
22932450,40072,40072,1795146687070998603,2024-05-27,POS,not ironic,
22932451,40073,40073,1795146684550246827,2024-05-27,NEG,not ironic,
22932452,40074,40074,1795146684017557677,2024-05-27,NEU,not ironic,
22932453,40075,40075,1795146683665338514,2024-05-27,POS,not ironic,
22932454,40076,40076,1795146682423730480,2024-05-27,NEU,ironic,
22932455,40077,40077,1795146681861718412,2024-05-27,NEU,ironic,
22932456,40078,40078,1795146681672982965,2024-05-27,NEG,not ironic,
22932457,40079,40079,1795146680162975773,2024-05-27,NEU,not ironic,
22932458,40080,40080,1795146679303164271,2024-05-27,NEU,not ironic,
22932459,40081,40081,1795146678942458038,2024-05-27,NEU,ironic,
22932460,40082,40082,1795146678841835789,2024-05-27,NEU,not ironic,
22932461,40083,40083,1795146678544060902,2024-05-27,NEG,not ironic,
22932462,40084,40084,1795146677138948566,2024-05-27,POS,not ironic,
22932463,40085,40085,1795146676459512046,2024-05-27,NEU,not ironic,
22932464,40086,40086,1795146674127384798,2024-05-27,POS,ironic,
22932465,40087,40087,1795146673758327078,2024-05-27,NEU,not ironic,
22932466,40088,40088,1795146672504184862,2024-05-27,NEG,ironic,
22932467,40089,40089,1795146672290308103,2024-05-27,NEG,ironic,
22932468,40090,40090,1795146671258579394,2024-05-27,NEG,not ironic,
22932469,40091,40091,1795146669866062024,2024-05-27,NEU,ironic,
22932470,40092,40092,1795146668926456045,2024-05-27,NEG,not ironic,
22932471,40093,40093,1795146667928268961,2024-05-27,NEG,not ironic,
22932472,40094,40094,1795146666984583544,2024-05-27,NEU,not ironic,
22932473,40095,40095,1795146664660844643,2024-05-27,NEG,not ironic,
22932474,40096,40096,1795146664186953895,2024-05-27,NEG,ironic,
22932475,40097,40097,1795146663910125878,2024-05-27,NEU,not ironic,
22932476,40098,40098,1795146663008366880,2024-05-27,NEU,not ironic,
22932477,40099,40099,1795146662425309348,2024-05-27,NEG,ironic,
22932478,40100,40100,1795146661573837270,2024-05-27,NEG,not ironic,
22932479,40101,40101,1795146659006951920,2024-05-27,NEG,not ironic,
22932480,40102,40102,1795146658839163043,2024-05-27,NEG,not ironic,
22932481,40103,40103,1795146656658178207,2024-05-27,NEU,not ironic,
22932482,40104,40104,1795146656079307166,2024-05-27,NEG,ironic,
22932483,40105,40105,1795146655324426393,2024-05-27,NEG,not ironic,
22932484,40106,40106,1795146653386625374,2024-05-27,NEG,ironic,
22932485,40107,40107,1795146652589678803,2024-05-27,NEG,ironic,
22932486,40108,40108,1795146652509929628,2024-05-27,NEU,not ironic,
22932487,40109,40109,1795146651310408178,2024-05-27,NEU,not ironic,
22932488,40110,40110,1795146650903609348,2024-05-27,NEG,not ironic,
22932489,40111,40111,1795146650584842557,2024-05-27,NEG,not ironic,
22932490,40112,40112,1795146649339044024,2024-05-27,NEG,not ironic,
22932491,40113,40113,1795146648860975122,2024-05-27,NEG,ironic,
22932492,40114,40114,1795146647107711342,2024-05-27,NEU,ironic,
22932493,40115,40115,1795146645950112016,2024-05-27,POS,ironic,
22932494,40116,40116,1795146645278974355,2024-05-27,NEG,not ironic,
22932495,40117,40117,1795146645052498259,2024-05-27,POS,not ironic,
22932496,40118,40118,1795146644926738783,2024-05-27,NEG,not ironic,
22932497,40119,40119,1795146644658217241,2024-05-27,POS,ironic,
22932498,40120,40120,1795146644620464402,2024-05-27,NEU,ironic,
22932499,40121,40121,1795146643114688795,2024-05-27,NEU,not ironic,
22932500,40122,40122,1795146641227268256,2024-05-27,POS,not ironic,
22932501,40123,40123,1795146638924599475,2024-05-27,NEU,ironic,
22932502,40124,40124,1795146637632761911,2024-05-27,NEU,not ironic,
22932503,40125,40125,1795146637276242365,2024-05-27,NEU,not ironic,
22932504,40126,40126,1795146636894580834,2024-05-27,NEG,not ironic,
22932505,40127,40127,1795146635569238451,2024-05-27,NEU,not ironic,
22932506,40128,40128,1795146635225227668,2024-05-27,NEG,ironic,
22932507,40129,40129,1795146634696761621,2024-05-27,NEG,ironic,
22932508,40130,40130,1795146634256425422,2024-05-27,NEG,not ironic,
22932509,40131,40131,1795146633576899021,2024-05-27,NEG,not ironic,
22932510,40132,40132,1795146631915987218,2024-05-27,NEG,not ironic,
22932511,40133,40133,1795146630670225755,2024-05-27,NEG,ironic,
22932512,40134,40134,1795146630208893410,2024-05-27,POS,not ironic,
22932513,40135,40135,1795146629877571993,2024-05-27,NEG,not ironic,
22932514,40136,40136,1795146629827142133,2024-05-27,NEG,not ironic,
22932515,40137,40137,1795146629546229931,2024-05-27,NEG,ironic,
22932516,40138,40138,1795146629504262585,2024-05-27,NEU,not ironic,
22932517,40139,40139,1795146628539576485,2024-05-27,NEU,not ironic,
22932518,40140,40140,1795146628443082917,2024-05-27,NEU,ironic,
22932519,40141,40141,1795146627419631885,2024-05-27,NEG,ironic,
22932520,40142,40142,1795146627184726193,2024-05-27,NEG,ironic,
22932521,40143,40143,1795146627100876947,2024-05-27,POS,ironic,
22932522,40144,40144,1795146626631073817,2024-05-27,NEG,not ironic,
22932523,40145,40145,1795146626501132450,2024-05-27,NEU,ironic,
22932524,40146,40146,1795146626186523128,2024-05-27,NEU,not ironic,
22932525,40147,40147,1795146625481896046,2024-05-27,NEG,not ironic,
22932526,40148,40148,1795146624311742549,2024-05-27,NEU,ironic,
22932527,40149,40149,1795146624290668881,2024-05-27,NEU,not ironic,
22932528,40150,40150,1795146621765775723,2024-05-27,NEG,not ironic,
22932529,40151,40151,1795146621098840130,2024-05-27,NEU,not ironic,
22932530,40152,40152,1795146620268360011,2024-05-27,NEU,ironic,
22932531,40153,40153,1795146619647635571,2024-05-27,NEU,not ironic,
22932532,40154,40154,1795146619232330034,2024-05-27,NEG,not ironic,
22932533,40155,40155,1795146618423083100,2024-05-27,POS,ironic,
22932534,40156,40156,1795146618334843229,2024-05-27,NEU,ironic,
22932535,40157,40157,1795146618036986115,2024-05-27,NEU,not ironic,
22932536,40158,40158,1795146615495278982,2024-05-27,NEG,not ironic,
22932537,40159,40159,1795146613364511089,2024-05-27,NEG,not ironic,
22932538,40160,40160,1795146612924145999,2024-05-27,NEG,not ironic,
22932539,40161,40161,1795146612831875252,2024-05-27,NEU,not ironic,
22932540,40162,40162,1795146612026556786,2024-05-27,NEG,not ironic,
22932541,40163,40163,1795146611133215146,2024-05-27,NEU,ironic,
22932542,40164,40164,1795146610520863047,2024-05-27,NEG,not ironic,
22932543,40165,40165,1795146609577083163,2024-05-27,NEG,ironic,
22932544,40166,40166,1795146608012603663,2024-05-27,NEU,not ironic,
22932545,40167,40167,1795146606972416378,2024-05-27,NEG,not ironic,
22932546,40168,40168,1795146606741803459,2024-05-27,NEU,not ironic,
22932547,40169,40169,1795146605781278785,2024-05-27,NEU,not ironic,
22932548,40170,40170,1795146605223432424,2024-05-27,NEG,not ironic,
22932549,40171,40171,1795146605068185637,2024-05-27,NEU,not ironic,
22932550,40172,40172,1795146603075977405,2024-05-27,NEG,not ironic,
22932551,40173,40173,1795146602211922116,2024-05-27,NEU,not ironic,
22932552,40174,40174,1795146600848728074,2024-05-27,NEG,not ironic,
22932553,40175,40175,1795146600244748513,2024-05-27,NEU,ironic,
22932554,40176,40176,1795146599737274597,2024-05-27,NEU,not ironic,
22932555,40177,40177,1795146598772601013,2024-05-27,NEG,not ironic,
22932556,40178,40178,1795146598160199944,2024-05-27,NEU,not ironic,
22932557,40179,40179,1795146597086413111,2024-05-27,NEG,ironic,
22932558,40180,40180,1795146596394365211,2024-05-27,NEG,ironic,
22932559,40181,40181,1795146595605897713,2024-05-27,NEU,ironic,
22932560,40182,40182,1795146594154594344,2024-05-27,NEG,not ironic,
22932561,40183,40183,1795146593961722187,2024-05-27,NEG,not ironic,
22932562,40184,40184,1795146593080881644,2024-05-27,NEU,not ironic,
22932563,40185,40185,1795146592355340344,2024-05-27,NEU,not ironic,
22932564,40186,40186,1795146591965176069,2024-05-27,NEG,not ironic,
22932565,40187,40187,1795146591940067799,2024-05-27,NEG,not ironic,
22932566,40188,40188,1795146591218585768,2024-05-27,NEU,ironic,
22932567,40189,40189,1795146590690136366,2024-05-27,NEG,not ironic,
22932568,40190,40190,1795146590421672037,2024-05-27,NEG,ironic,
22932569,40191,40191,1795146590211936431,2024-05-27,NEG,ironic,
22932570,40192,40192,1795146589675135211,2024-05-27,NEU,ironic,
22932571,40193,40193,1795146589394137290,2024-05-27,NEG,ironic,
22932572,40194,40194,1795146588945367331,2024-05-27,NEG,ironic,
22932573,40195,40195,1795146588366467190,2024-05-27,NEG,ironic,
22932574,40196,40196,1795146587854803441,2024-05-27,NEU,not ironic,
22932575,40197,40197,1795146587838046482,2024-05-27,NEG,not ironic,
22932576,40198,40198,1795146587548623340,2024-05-27,NEG,not ironic,
22932577,40199,40199,1795146586789392496,2024-05-27,NEG,ironic,
22932578,40200,40200,1795146585262670307,2024-05-27,NEG,not ironic,
22932579,40201,40201,1795146585061339259,2024-05-27,NEG,not ironic,
22932580,40202,40202,1795146584709022133,2024-05-27,NEG,ironic,
22932581,40203,40203,1795146584000188605,2024-05-27,NEU,not ironic,
22932582,40204,40204,1795146582624534967,2024-05-27,NEG,ironic,
22932583,40205,40205,1795146580808368147,2024-05-27,NEG,not ironic,
22932584,40206,40206,1795146579713593706,2024-05-27,NEG,not ironic,
22932585,40207,40207,1795146578245636409,2024-05-27,NEG,ironic,
22932586,40208,40208,1795146577545216361,2024-05-27,NEG,ironic,
22932587,40209,40209,1795146577234771975,2024-05-27,NEU,ironic,
22932588,40210,40210,1795146577159369010,2024-05-27,NEU,ironic,
22932589,40211,40211,1795146576614117884,2024-05-27,POS,not ironic,
22932590,40212,40212,1795146576614068463,2024-05-27,NEG,not ironic,
22932591,40213,40213,1795146575712292930,2024-05-27,NEG,ironic,
22932592,40214,40214,1795146575515152409,2024-05-27,NEU,not ironic,
22932593,40215,40215,1795146575322255469,2024-05-27,NEU,ironic,
22932594,40216,40216,1795146573816438995,2024-05-27,NEG,ironic,
22932595,40217,40217,1795146573812306371,2024-05-27,NEG,ironic,
22932596,40218,40218,1795146572826574872,2024-05-27,NEG,not ironic,
22932597,40219,40219,1795146572205785181,2024-05-27,NEG,not ironic,
22932598,40220,40220,1795146571354378311,2024-05-27,POS,not ironic,
22932599,40221,40221,1795146570259677354,2024-05-27,NEG,not ironic,
22932600,40222,40222,1795146569898971580,2024-05-27,NEG,ironic,
22932601,40223,40223,1795146569219494074,2024-05-27,NEG,not ironic,
22932602,40224,40224,1795146567055217010,2024-05-27,NEG,ironic,
22932603,40225,40225,1795146566409277586,2024-05-27,NEU,ironic,
22932604,40226,40226,1795146564110877036,2024-05-27,NEG,not ironic,
22932605,40227,40227,1795146563695571254,2024-05-27,NEG,not ironic,
22932606,40228,40228,1795146563469062611,2024-05-27,NEU,not ironic,
22932607,40229,40229,1795146562424684992,2024-05-27,NEG,not ironic,
22932608,40230,40230,1795146561548079364,2024-05-27,NEG,ironic,
22932609,40231,40231,1795146561258713350,2024-05-27,POS,not ironic,
22932610,40232,40232,1795146560621187415,2024-05-27,NEG,not ironic,
22932611,40233,40233,1795146560164000248,2024-05-27,NEG,ironic,
22932612,40234,40234,1795146559245472188,2024-05-27,POS,not ironic,
22932613,40235,40235,1795146556808516038,2024-05-27,NEG,ironic,
22932614,40236,40236,1795146555453767954,2024-05-27,NEG,ironic,
22932615,40237,40237,1795146555260871023,2024-05-27,NEG,ironic,
22932616,40238,40238,1795146554879144330,2024-05-27,NEG,not ironic,
22932617,40239,40239,1795146554765889995,2024-05-27,NEU,not ironic,
22932618,40240,40240,1795146554073858271,2024-05-27,NEG,ironic,
22932619,40241,40241,1795146553838993503,2024-05-27,POS,not ironic,
22932620,40242,40242,1795146553717379238,2024-05-27,POS,ironic,
22932621,40243,40243,1795146552563875975,2024-05-27,NEU,not ironic,
22932622,40244,40244,1795146551834145234,2024-05-27,NEG,not ironic,
22932623,40245,40245,1795146551699833275,2024-05-27,NEG,ironic,
22932624,40246,40246,1795146550852645231,2024-05-27,POS,not ironic,
22932625,40247,40247,1795146550139617573,2024-05-27,NEU,not ironic,
22932626,40248,40248,1795146549174890583,2024-05-27,NEG,not ironic,
22932627,40249,40249,1795146547283283973,2024-05-27,NEG,not ironic,
22932628,40250,40250,1795146545647522050,2024-05-27,NEG,not ironic,
22932629,40251,40251,1795146545366442174,2024-05-27,NEG,ironic,
22932630,40252,40252,1795146543017652456,2024-05-27,POS,ironic,
22932631,40253,40253,1795146541373575448,2024-05-27,NEG,not ironic,
22932632,40254,40254,1795146540408803458,2024-05-27,NEG,not ironic,
22932633,40255,40255,1795146539716735427,2024-05-27,NEG,ironic,
22932634,40256,40256,1795146538072633549,2024-05-27,NEG,not ironic,
22932635,40257,40257,1795146536625598968,2024-05-27,NEU,not ironic,
22932636,40258,40258,1795146536273215771,2024-05-27,NEU,not ironic,
22932637,40259,40259,1795146535912525928,2024-05-27,NEG,not ironic,
22932638,40260,40260,1795146535396659413,2024-05-27,NEG,not ironic,
22932639,40261,40261,1795146535010762875,2024-05-27,NEU,not ironic,
22932640,40262,40262,1795146534977167367,2024-05-27,NEU,ironic,
22932641,40263,40263,1795146531697213816,2024-05-27,NEG,not ironic,
22932642,40264,40264,1795146530325762446,2024-05-27,NEU,not ironic,
22932643,40265,40265,1795146528471818377,2024-05-27,POS,ironic,
22932644,40266,40266,1795146528383762671,2024-05-27,NEG,ironic,
22932645,40267,40267,1795146527066698149,2024-05-27,NEU,not ironic,
22932646,40268,40268,1795146526399885460,2024-05-27,NEU,not ironic,
22932647,40269,40269,1795146525720318228,2024-05-27,NEG,ironic,
22932648,40270,40270,1795146525045076217,2024-05-27,NEU,not ironic,
22932649,40271,40271,1795146524478828580,2024-05-27,NEG,not ironic,
22932650,40272,40272,1795146524243927130,2024-05-27,NEG,not ironic,
22932651,40273,40273,1795146524088746420,2024-05-27,NEG,ironic,
22932652,40274,40274,1795146521656103188,2024-05-27,NEU,ironic,
22932653,40275,40275,1795146520406155338,2024-05-27,NEG,ironic,
22932654,40276,40276,1795146520045494690,2024-05-27,NEU,not ironic,
22932655,40277,40277,1795146519735153028,2024-05-27,NEG,not ironic,
22932656,40278,40278,1795146518833352945,2024-05-27,NEU,not ironic,
22932657,40279,40279,1795146515666673812,2024-05-27,NEG,not ironic,
22932658,40280,40280,1795146515305947263,2024-05-27,NEU,not ironic,
22932659,40281,40281,1795146515175915861,2024-05-27,NEG,ironic,
22932660,40282,40282,1795146514538340777,2024-05-27,NEU,not ironic,
22932661,40283,40283,1795146513615593597,2024-05-27,NEU,ironic,
22932662,40284,40284,1795146511765881341,2024-05-27,NEU,ironic,
22932663,40285,40285,1795146511757582617,2024-05-27,NEG,ironic,
22932664,40286,40286,1795146511266775384,2024-05-27,NEG,ironic,
22932665,40287,40287,1795146510553825446,2024-05-27,NEG,not ironic,
22932666,40288,40288,1795146510142751010,2024-05-27,NEG,not ironic,
22932667,40289,40289,1795146510067233232,2024-05-27,POS,ironic,
22932668,40290,40290,1795146509945590182,2024-05-27,NEG,ironic,
22932669,40291,40291,1795146509895270659,2024-05-27,NEG,ironic,
22932670,40292,40292,1795146509719138419,2024-05-27,NEG,not ironic,
22932671,40293,40293,1795146509396144582,2024-05-27,NEG,ironic,
22932672,40294,40294,1795146508993478864,2024-05-27,POS,not ironic,
22932673,40295,40295,1795146508888572148,2024-05-27,NEG,ironic,
22932674,40296,40296,1795146508830113866,2024-05-27,NEG,not ironic,
22932675,40297,40297,1795146507772965154,2024-05-27,NEU,not ironic,
22932676,40298,40298,1795146506745323629,2024-05-27,NEU,ironic,
22932677,40299,40299,1795146506586161506,2024-05-27,NEG,not ironic,
22932678,40300,40300,1795146505671545316,2024-05-27,NEG,ironic,
22932679,40301,40301,1795146504623005982,2024-05-27,NEU,not ironic,
22932680,40302,40302,1795146504203534719,2024-05-27,NEU,ironic,
22932681,40303,40303,1795146503956119735,2024-05-27,NEU,not ironic,
22932682,40304,40304,1795146503943573651,2024-05-27,NEU,not ironic,
22932683,40305,40305,1795146503205302600,2024-05-27,NEU,not ironic,
22932684,40306,40306,1795146501615653226,2024-05-27,NEU,not ironic,
22932685,40307,40307,1795146501242425809,2024-05-27,NEG,ironic,
22932686,40308,40308,1795146500718071917,2024-05-27,NEG,not ironic,
22932687,40309,40309,1795146499887669758,2024-05-27,NEU,not ironic,
22932688,40310,40310,1795146498444857531,2024-05-27,NEG,ironic,
22932689,40311,40311,1795146496846807365,2024-05-27,NEU,not ironic,
22932690,40312,40312,1795146494988710389,2024-05-27,NEU,ironic,
22932691,40313,40313,1795146494707675411,2024-05-27,NEU,not ironic,
22932692,40314,40314,1795146493176828047,2024-05-27,NEG,not ironic,
22932693,40315,40315,1795146492967026795,2024-05-27,NEU,not ironic,
22932694,40316,40316,1795146492962811999,2024-05-27,NEG,ironic,
22932695,40317,40317,1795146492480471400,2024-05-27,NEG,ironic,
22932696,40318,40318,1795146492304318547,2024-05-27,NEU,not ironic,
22932697,40319,40319,1795146491536826777,2024-05-27,NEU,not ironic,
22932698,40320,40320,1795146490878234746,2024-05-27,NEU,ironic,
22932699,40321,40321,1795146490643419484,2024-05-27,NEG,not ironic,
22932700,40322,40322,1795146488185565543,2024-05-27,NEU,ironic,
22932701,40323,40323,1795146487665500475,2024-05-27,NEG,ironic,
22932702,40324,40324,1795146487157924020,2024-05-27,POS,ironic,
22932703,40325,40325,1795146486998507865,2024-05-27,NEG,ironic,
22932704,40326,40326,1795146486394618058,2024-05-27,NEG,not ironic,
22932705,40327,40327,1795146485736104045,2024-05-27,NEG,ironic,
22932706,40328,40328,1795146485601853489,2024-05-27,NEG,ironic,
22932707,40329,40329,1795146483110465601,2024-05-27,NEG,ironic,
22932708,40330,40330,1795146483013947409,2024-05-27,NEG,not ironic,
22932709,40331,40331,1795146482753950114,2024-05-27,POS,not ironic,
22932710,40332,40332,1795146481411702871,2024-05-27,NEG,not ironic,
22932711,40333,40333,1795146480199606511,2024-05-27,NEG,not ironic,
22932712,40334,40334,1795146479926902844,2024-05-27,NEG,not ironic,
22932713,40335,40335,1795146479381750219,2024-05-27,NEU,not ironic,
22932714,40336,40336,1795146479134502919,2024-05-27,NEG,not ironic,
22932715,40337,40337,1795146478593188154,2024-05-27,NEG,ironic,
22932716,40338,40338,1795146477884391656,2024-05-27,NEU,ironic,
22932717,40339,40339,1795146477594878157,2024-05-27,NEG,ironic,
22932718,40340,40340,1795146476676427788,2024-05-27,POS,not ironic,
22932719,40341,40341,1795146476206661837,2024-05-27,POS,ironic,
22932720,40342,40342,1795146474700820615,2024-05-27,NEG,ironic,
22932721,40343,40343,1795146474122011022,2024-05-27,NEG,ironic,
22932722,40344,40344,1795146472792494470,2024-05-27,NEG,ironic,
22932723,40345,40345,1795146472687604003,2024-05-27,NEU,not ironic,
22932724,40346,40346,1795146471911678192,2024-05-27,NEU,not ironic,
22932725,40347,40347,1795146471488045392,2024-05-27,NEG,not ironic,
22932726,40348,40348,1795146471030853652,2024-05-27,NEU,ironic,
22932727,40349,40349,1795146470875611559,2024-05-27,NEG,not ironic,
22932728,40350,40350,1795146470057754659,2024-05-27,NEG,not ironic,
22932729,40351,40351,1795146469776736736,2024-05-27,NEU,not ironic,
22932730,40352,40352,1795146468442935688,2024-05-27,NEG,ironic,
22932731,40353,40353,1795146468321382489,2024-05-27,NEG,not ironic,
22932732,40354,40354,1795146468141027722,2024-05-27,POS,not ironic,
22932733,40355,40355,1795146467293692371,2024-05-27,NEU,ironic,
22932734,40356,40356,1795146465070703040,2024-05-27,NEU,ironic,
22932735,40357,40357,1795146464127053893,2024-05-27,NEU,not ironic,
22932736,40358,40358,1795146464034787467,2024-05-27,NEU,ironic,
22932737,40359,40359,1795146463942508720,2024-05-27,NEU,not ironic,
22932738,40360,40360,1795146463728611801,2024-05-27,POS,ironic,
22932739,40361,40361,1795146463678210353,2024-05-27,NEG,ironic,
22932740,40362,40362,1795146462969405832,2024-05-27,NEU,not ironic,
22932741,40363,40363,1795146462109606107,2024-05-27,NEU,ironic,
22932742,40364,40364,1795146461987954931,2024-05-27,NEU,not ironic,
22932743,40365,40365,1795146461769879988,2024-05-27,NEU,not ironic,
22932744,40366,40366,1795146461346169072,2024-05-27,NEG,not ironic,
22932745,40367,40367,1795146459114770887,2024-05-27,NEG,not ironic,
22932746,40368,40368,1795146458812862684,2024-05-27,POS,ironic,
22932747,40369,40369,1795146458804392002,2024-05-27,NEG,ironic,
22932748,40370,40370,1795146457357414419,2024-05-27,NEU,not ironic,
22932749,40371,40371,1795146457323893031,2024-05-27,NEU,ironic,
22932750,40372,40372,1795146454555582970,2024-05-27,NEU,not ironic,
22932751,40373,40373,1795146454543061163,2024-05-27,NEU,ironic,
22932752,40374,40374,1795146454446522615,2024-05-27,NEU,ironic,
22932753,40375,40375,1795146453842579708,2024-05-27,NEU,not ironic,
22932754,40376,40376,1795146453226062043,2024-05-27,NEG,ironic,
22932755,40377,40377,1795146451527381503,2024-05-27,NEU,not ironic,
22932756,40378,40378,1795146450642309449,2024-05-27,POS,not ironic,
22932757,40379,40379,1795146450575183907,2024-05-27,NEU,not ironic,
22932758,40380,40380,1795146447937044577,2024-05-27,NEG,ironic,
22932759,40381,40381,1795146446359982250,2024-05-27,NEG,not ironic,
22932760,40382,40382,1795146446188019833,2024-05-27,NEU,not ironic,
22932761,40383,40383,1795146444828991515,2024-05-27,NEG,not ironic,
22932762,40384,40384,1795146444501909908,2024-05-27,NEG,ironic,
22932763,40385,40385,1795146444002721938,2024-05-27,NEG,not ironic,
22932764,40386,40386,1795146443436474638,2024-05-27,NEU,not ironic,
22932765,40387,40387,1795146443310743754,2024-05-27,POS,ironic,
22932766,40388,40388,1795146441314156640,2024-05-27,POS,ironic,
22932767,40389,40389,1795146441066750399,2024-05-27,POS,not ironic,
22932768,40390,40390,1795146440919925200,2024-05-27,NEU,not ironic,
22932769,40391,40391,1795146440362123596,2024-05-27,NEG,ironic,
22932770,40392,40392,1795146438856388649,2024-05-27,NEG,not ironic,
22932771,40393,40393,1795146438273360130,2024-05-27,POS,not ironic,
22932772,40394,40394,1795146436549410920,2024-05-27,NEU,not ironic,
22932773,40395,40395,1795146435299569940,2024-05-27,NEG,not ironic,
22932774,40396,40396,1795146434590769510,2024-05-27,NEG,not ironic,
22932775,40397,40397,1795146433898635487,2024-05-27,NEG,ironic,
22932776,40398,40398,1795146433856766198,2024-05-27,NEG,not ironic,
22932777,40399,40399,1795146432241958941,2024-05-27,POS,ironic,
22932778,40400,40400,1795146430618751056,2024-05-27,NEU,ironic,
22932779,40401,40401,1795146430497132897,2024-05-27,NEU,ironic,
22932780,40402,40402,1795146430245454269,2024-05-27,NEG,ironic,
22932781,40403,40403,1795146429519863980,2024-05-27,NEG,not ironic,
22932782,40404,40404,1795146429486227584,2024-05-27,NEG,ironic,
22932783,40405,40405,1795146429351985256,2024-05-27,NEG,not ironic,
22932784,40406,40406,1795146428647407925,2024-05-27,NEU,ironic,
22932785,40407,40407,1795146427707863468,2024-05-27,NEG,ironic,
22932786,40408,40408,1795146427602984970,2024-05-27,NEG,ironic,
22932787,40409,40409,1795146426806153647,2024-05-27,NEG,ironic,
22932788,40410,40410,1795146426789347827,2024-05-27,NEG,not ironic,
22932789,40411,40411,1795146426671890747,2024-05-27,NEG,ironic,
22932790,40412,40412,1795146425623285799,2024-05-27,NEU,not ironic,
22932791,40413,40413,1795146423698170104,2024-05-27,NEG,ironic,
22932792,40414,40414,1795146422221742239,2024-05-27,NEU,not ironic,
22932793,40415,40415,1795146420263022886,2024-05-27,NEU,not ironic,
22932794,40416,40416,1795146419860345143,2024-05-27,NEG,not ironic,
22932795,40417,40417,1795146419323461636,2024-05-27,NEG,ironic,
22932796,40418,40418,1795146419298275377,2024-05-27,NEG,not ironic,
22932797,40419,40419,1795146418601984169,2024-05-27,NEU,not ironic,
22932798,40420,40420,1795146418060996828,2024-05-27,NEG,ironic,
22932799,40421,40421,1795146417905783286,2024-05-27,NEG,not ironic,
22932800,40422,40422,1795146417016627684,2024-05-27,NEU,not ironic,
22932801,40423,40423,1795146415422750819,2024-05-27,NEG,not ironic,
22932802,40424,40424,1795146415208861779,2024-05-27,POS,ironic,
22932803,40425,40425,1795146414395121774,2024-05-27,NEU,not ironic,
22932804,40426,40426,1795146413652763030,2024-05-27,NEU,not ironic,
22932805,40427,40427,1795146413443076269,2024-05-27,NEG,not ironic,
22932806,40428,40428,1795146413342396807,2024-05-27,POS,ironic,
22932807,40429,40429,1795146413325644185,2024-05-27,POS,not ironic,
22932808,40430,40430,1795146413052932301,2024-05-27,NEU,ironic,
22932809,40431,40431,1795146412713288168,2024-05-27,NEG,ironic,
22932810,40432,40432,1795146412356784346,2024-05-27,NEG,not ironic,
22932811,40433,40433,1795146411828187280,2024-05-27,NEU,not ironic,
22932812,40434,40434,1795146410880344161,2024-05-27,POS,ironic,
22932813,40435,40435,1795146410490220827,2024-05-27,NEU,not ironic,
22932814,40436,40436,1795146409605251567,2024-05-27,NEG,not ironic,
22932815,40437,40437,1795146407239614641,2024-05-27,NEG,not ironic,
22932816,40438,40438,1795146405897482575,2024-05-27,NEG,not ironic,
22932817,40439,40439,1795146404907597936,2024-05-27,NEG,not ironic,
22932818,40440,40440,1795146404240769457,2024-05-27,POS,not ironic,
22932819,40441,40441,1795146401472553363,2024-05-27,NEG,not ironic,
22932820,40442,40442,1795146400864329885,2024-05-27,NEU,not ironic,
22932821,40443,40443,1795146399849271800,2024-05-27,NEU,ironic,
22932822,40444,40444,1795146399455072318,2024-05-27,NEG,not ironic,
22932823,40445,40445,1795146398632972424,2024-05-27,NEG,ironic,
22932824,40446,40446,1795146397794074971,2024-05-27,POS,not ironic,
22932825,40447,40447,1795146397366313411,2024-05-27,NEG,not ironic,
22932826,40448,40448,1795146396208664615,2024-05-27,NEG,ironic,
22932827,40449,40449,1795146392786100503,2024-05-27,NEG,ironic,
22932828,40450,40450,1795146392081510578,2024-05-27,NEU,not ironic,
22932829,40451,40451,1795146390491807973,2024-05-27,NEG,not ironic,
22932830,40452,40452,1795146389514539110,2024-05-27,NEG,ironic,
22932831,40453,40453,1795146388998680779,2024-05-27,NEU,not ironic,
22932832,40454,40454,1795146388797260027,2024-05-27,NEG,not ironic,
22932833,40455,40455,1795146386628899026,2024-05-27,NEU,not ironic,
22932834,40456,40456,1795146386549228029,2024-05-27,NEG,not ironic,
22932835,40457,40457,1795146386377163082,2024-05-27,NEG,not ironic,
22932836,40458,40458,1795146386339516609,2024-05-27,NEU,not ironic,
22932837,40459,40459,1795146386180059171,2024-05-27,NEG,not ironic,
22932838,40460,40460,1795146385773215945,2024-05-27,NEG,not ironic,
22932839,40461,40461,1795146385622233394,2024-05-27,NEU,not ironic,
22932840,40462,40462,1795146385320296879,2024-05-27,NEG,ironic,
22932841,40463,40463,1795146384217190469,2024-05-27,NEG,not ironic,
22932842,40464,40464,1795146382812012578,2024-05-27,NEG,ironic,
22932843,40465,40465,1795146382329741396,2024-05-27,NEG,ironic,
22932844,40466,40466,1795146377413939360,2024-05-27,NEG,ironic,
22932845,40467,40467,1795146376960995762,2024-05-27,POS,not ironic,
22932846,40468,40468,1795146376281563371,2024-05-27,NEG,not ironic,
22932847,40469,40469,1795146372519174530,2024-05-27,NEU,not ironic,
22932848,40470,40470,1795146372510847372,2024-05-27,NEG,ironic,
22932849,40471,40471,1795146372460453959,2024-05-27,NEG,not ironic,
22932850,40472,40472,1795146371898466463,2024-05-27,NEU,not ironic,
22932851,40473,40473,1795146371458027552,2024-05-27,NEU,not ironic,
22932852,40474,40474,1795146370438865172,2024-05-27,NEG,ironic,
22932853,40475,40475,1795146370325602609,2024-05-27,NEG,ironic,
22932854,40476,40476,1795146369390325933,2024-05-27,NEU,not ironic,
22932855,40477,40477,1795146367410520509,2024-05-27,NEG,ironic,
22932856,40478,40478,1795146366269681879,2024-05-27,NEG,not ironic,
22932857,40479,40479,1795146366059962408,2024-05-27,NEG,ironic,
22932858,40480,40480,1795146365476958485,2024-05-27,POS,not ironic,
22932859,40481,40481,1795146364772381150,2024-05-27,NEG,ironic,
22932860,40482,40482,1795146364352868474,2024-05-27,NEU,not ironic,
22932861,40483,40483,1795146364243898706,2024-05-27,NEU,not ironic,
22932862,40484,40484,1795146364109619556,2024-05-27,NEU,not ironic,
22932863,40485,40485,1795146363618885837,2024-05-27,NEU,ironic,
22932864,40486,40486,1795146363052667301,2024-05-27,NEU,ironic,
22932865,40487,40487,1795146362935271592,2024-05-27,POS,not ironic,
22932866,40488,40488,1795146360829751609,2024-05-27,NEG,not ironic,
22932867,40489,40489,1795146358246039834,2024-05-27,NEG,ironic,
22932868,40490,40490,1795146357713334453,2024-05-27,NEG,not ironic,
22932869,40491,40491,1795146356400570684,2024-05-27,NEG,not ironic,
22932870,40492,40492,1795146354240438406,2024-05-27,NEU,not ironic,
22932871,40493,40493,1795146351681884535,2024-05-27,NEG,not ironic,
22932872,40494,40494,1795146351325397343,2024-05-27,NEU,not ironic,
22932873,40495,40495,1795146350440395134,2024-05-27,NEG,not ironic,
22932874,40496,40496,1795146349291217370,2024-05-27,NEG,not ironic,
22932875,40497,40497,1795146347638608229,2024-05-27,NEU,not ironic,
22932876,40498,40498,1795146347533816267,2024-05-27,NEG,not ironic,
22932877,40499,40499,1795146346573267400,2024-05-27,NEU,ironic,
22932878,40500,40500,1795146345268863405,2024-05-27,NEG,ironic,
22932879,40501,40501,1795146344316727620,2024-05-27,POS,not ironic,
22932880,40502,40502,1795146343406563408,2024-05-27,NEG,ironic,
22932881,40503,40503,1795146342446018694,2024-05-27,NEG,not ironic,
22932882,40504,40504,1795146342353748186,2024-05-27,NEU,not ironic,
22932883,40505,40505,1795146341380706796,2024-05-27,NEG,ironic,
22932884,40506,40506,1795146339044479205,2024-05-27,NEG,not ironic,
22932885,40507,40507,1795146338872480098,2024-05-27,NEG,not ironic,
22932886,40508,40508,1795146337983332855,2024-05-27,NEU,not ironic,
22932887,40509,40509,1795146337924628606,2024-05-27,NEG,ironic,
22932888,40510,40510,1795146337324827056,2024-05-27,NEG,not ironic,
22932889,40511,40511,1795146335420600773,2024-05-27,NEG,ironic,
22932890,40512,40512,1795146335269589159,2024-05-27,POS,ironic,
22932891,40513,40513,1795146335001174253,2024-05-27,POS,not ironic,
22932892,40514,40514,1795146334023938165,2024-05-27,NEG,not ironic,
22932893,40515,40515,1795146331863802093,2024-05-27,NEU,not ironic,
22932894,40516,40516,1795146331788394910,2024-05-27,NEG,ironic,
22932895,40517,40517,1795146331725365491,2024-05-27,NEG,ironic,
22932896,40518,40518,1795146331620614513,2024-05-27,NEU,not ironic,
22932897,40519,40519,1795146330479772124,2024-05-27,POS,not ironic,
22932898,40520,40520,1795146329913508306,2024-05-27,NEG,not ironic,
22932899,40521,40521,1795146328470679763,2024-05-27,NEU,not ironic,
22932900,40522,40522,1795146328445465013,2024-05-27,NEG,not ironic,
22932901,40523,40523,1795146327686336760,2024-05-27,NEU,not ironic,
22932902,40524,40524,1795146326096630253,2024-05-27,NEG,not ironic,
22932903,40525,40525,1795146325178057215,2024-05-27,NEU,not ironic,
22932904,40526,40526,1795146324603543725,2024-05-27,NEG,ironic,
22932905,40527,40527,1795146322892202240,2024-05-27,NEG,ironic,
22932906,40528,40528,1795146321889841591,2024-05-27,NEG,ironic,
22932907,40529,40529,1795146321575157912,2024-05-27,NEG,not ironic,
22932908,40530,40530,1795146320954490981,2024-05-27,NEG,ironic,
22932909,40531,40531,1795146319293513903,2024-05-27,NEU,ironic,
22932910,40532,40532,1795146319129973021,2024-05-27,NEU,ironic,
22932911,40533,40533,1795146318366605734,2024-05-27,NEG,ironic,
22932912,40534,40534,1795146317183787026,2024-05-27,NEU,not ironic,
22932913,40535,40535,1795146316416237765,2024-05-27,NEU,not ironic,
22932914,40536,40536,1795146315908690385,2024-05-27,NEG,ironic,
22932915,40537,40537,1795146315615072316,2024-05-27,NEG,ironic,
22932916,40538,40538,1795146315325735168,2024-05-27,NEU,not ironic,
22932917,40539,40539,1795146315162136595,2024-05-27,POS,not ironic,
22932918,40540,40540,1795146315069903142,2024-05-27,NEG,not ironic,
22932919,40541,40541,1795146314088321163,2024-05-27,NEG,not ironic,
22932920,40542,40542,1795146313534701583,2024-05-27,POS,not ironic,
22932921,40543,40543,1795146312565891507,2024-05-27,NEG,ironic,
22932922,40544,40544,1795146310628057358,2024-05-27,NEG,ironic,
22932923,40545,40545,1795146309839581546,2024-05-27,NEG,ironic,
22932924,40546,40546,1795146309550342339,2024-05-27,NEG,not ironic,
22932925,40547,40547,1795146308186960272,2024-05-27,NEG,ironic,
22932926,40548,40548,1795146307813666909,2024-05-27,NEG,ironic,
22932927,40549,40549,1795146304202342659,2024-05-27,NEG,ironic,
22932928,40550,40550,1795146303510298898,2024-05-27,NEG,not ironic,
22932929,40551,40551,1795146303061594602,2024-05-27,POS,ironic,
22932930,40552,40552,1795146300494692521,2024-05-27,NEG,ironic,
22932931,40553,40553,1795146298334568474,2024-05-27,NEG,ironic,
22932932,40554,40554,1795146297051099643,2024-05-27,NEG,ironic,
22932933,40555,40555,1795146296648466925,2024-05-27,NEG,not ironic,
22932934,40556,40556,1795146296476504533,2024-05-27,NEG,not ironic,
22932935,40557,40557,1795146296308752470,2024-05-27,NEG,not ironic,
22932936,40558,40558,1795146295356612830,2024-05-27,NEU,not ironic,
22932937,40559,40559,1795146295331475627,2024-05-27,NEU,not ironic,
22932938,40560,40560,1795146295121781194,2024-05-27,NEG,ironic,
22932939,40561,40561,1795146294173827255,2024-05-27,NEG,ironic,
22932940,40562,40562,1795146292827464106,2024-05-27,NEU,not ironic,
22932941,40563,40563,1795146292760297814,2024-05-27,NEG,not ironic,
22932942,40564,40564,1795146292500292048,2024-05-27,NEU,not ironic,
22932943,40565,40565,1795146292034769088,2024-05-27,NEG,ironic,
22932944,40566,40566,1795146291753730386,2024-05-27,NEU,not ironic,
22932945,40567,40567,1795146291472716187,2024-05-27,NEU,not ironic,
22932946,40568,40568,1795146290600321300,2024-05-27,NEG,not ironic,
22932947,40569,40569,1795146290591945181,2024-05-27,NEU,not ironic,
22932948,40570,40570,1795146289560137769,2024-05-27,NEG,ironic,
22932949,40571,40571,1795146289010590108,2024-05-27,POS,ironic,
22932950,40572,40572,1795146287404183592,2024-05-27,NEG,not ironic,
22932951,40573,40573,1795146286418546804,2024-05-27,NEU,not ironic,
22932952,40574,40574,1795146285999104401,2024-05-27,NEG,not ironic,
22932953,40575,40575,1795146285252501504,2024-05-27,NEU,not ironic,
22932954,40576,40576,1795146284518474237,2024-05-27,NEG,not ironic,
22932955,40577,40577,1795146284472357338,2024-05-27,NEU,not ironic,
22932956,40578,40578,1795146283910348886,2024-05-27,NEU,not ironic,
22932957,40579,40579,1795146283310571691,2024-05-27,NEG,not ironic,
22932958,40580,40580,1795146283050586525,2024-05-27,NEU,not ironic,
22932959,40581,40581,1795146282337493251,2024-05-27,NEG,ironic,
22932960,40582,40582,1795146282316550178,2024-05-27,NEG,ironic,
22932961,40583,40583,1795146282048147482,2024-05-27,NEG,not ironic,
22932962,40584,40584,1795146281263743252,2024-05-27,POS,not ironic,
22932963,40585,40585,1795146280051642810,2024-05-27,NEU,ironic,
22932964,40586,40586,1795146279615447461,2024-05-27,NEU,not ironic,
22932965,40587,40587,1795146277245600107,2024-05-27,NEU,ironic,
22932966,40588,40588,1795146277027454994,2024-05-27,NEU,not ironic,
22932967,40589,40589,1795146276964573383,2024-05-27,POS,ironic,
22932968,40590,40590,1795146276457034136,2024-05-27,POS,not ironic,
22932969,40591,40591,1795146276129870195,2024-05-27,NEG,ironic,
22932970,40592,40592,1795146275567944000,2024-05-27,POS,ironic,
22932971,40593,40593,1795146273017737569,2024-05-27,POS,ironic,
22932972,40594,40594,1795146272136925519,2024-05-27,NEU,not ironic,
22932973,40595,40595,1795146271100952887,2024-05-27,POS,not ironic,
22932974,40596,40596,1795146270165667888,2024-05-27,NEG,not ironic,
22932975,40597,40597,1795146269305786731,2024-05-27,NEG,not ironic,
22932976,40598,40598,1795146268336935211,2024-05-27,NEG,not ironic,
22932977,40599,40599,1795146267883876377,2024-05-27,NEU,not ironic,
22932978,40600,40600,1795146267233784252,2024-05-27,NEG,not ironic,
22932979,40601,40601,1795146265103126658,2024-05-27,NEU,not ironic,
22932980,40602,40602,1795146264050278801,2024-05-27,NEG,not ironic,
22932981,40603,40603,1795146263404404769,2024-05-27,NEU,not ironic,
22932982,40604,40604,1795146262238400737,2024-05-27,NEG,not ironic,
22932983,40605,40605,1795146260946530424,2024-05-27,NEU,ironic,
22932984,40606,40606,1795146260648747316,2024-05-27,NEU,not ironic,
22932985,40607,40607,1795146260359348527,2024-05-27,NEU,not ironic,
22932986,40608,40608,1795146257779851524,2024-05-27,NEG,ironic,
22932987,40609,40609,1795146256911581364,2024-05-27,NEU,not ironic,
22932988,40610,40610,1795146256248967351,2024-05-27,NEU,not ironic,
22932989,40611,40611,1795146255791685656,2024-05-27,POS,not ironic,
22932990,40612,40612,1795146255309418991,2024-05-27,NEU,ironic,
22932991,40613,40613,1795146254931960216,2024-05-27,NEG,not ironic,
22932992,40614,40614,1795146252822200614,2024-05-27,NEG,not ironic,
22932993,40615,40615,1795146251249295838,2024-05-27,NEG,ironic,
22932994,40616,40616,1795146249546465558,2024-05-27,NEU,not ironic,
22932995,40617,40617,1795146247579250998,2024-05-27,NEU,not ironic,
22932996,40618,40618,1795146247369523689,2024-05-27,NEU,not ironic,
22932997,40619,40619,1795146247260553309,2024-05-27,NEU,ironic,
22932998,40620,40620,1795146247151485343,2024-05-27,NEG,ironic,
22932999,40621,40621,1795146246681702906,2024-05-27,NEG,not ironic,
22933000,40622,40622,1795146246534898043,2024-05-27,NEG,not ironic,
22933001,40623,40623,1795146245981217098,2024-05-27,NEG,not ironic,
22933002,40624,40624,1795146244433539202,2024-05-27,NEU,ironic,
22933003,40625,40625,1795146243460509783,2024-05-27,POS,not ironic,
22933004,40626,40626,1795146241317167212,2024-05-27,NEU,ironic,
22933005,40627,40627,1795146241103331738,2024-05-27,NEG,not ironic,
22933006,40628,40628,1795146240616718763,2024-05-27,NEG,ironic,
22933007,40629,40629,1795146239308145032,2024-05-27,NEG,not ironic,
22933008,40630,40630,1795146238515458357,2024-05-27,NEG,not ironic,
22933009,40631,40631,1795146238414782862,2024-05-27,NEU,not ironic,
22933010,40632,40632,1795146238037201343,2024-05-27,POS,ironic,
22933011,40633,40633,1795146237114507554,2024-05-27,NEG,not ironic,
22933012,40634,40634,1795146236384661516,2024-05-27,NEU,ironic,
22933013,40635,40635,1795146235772379482,2024-05-27,NEU,not ironic,
22933014,40636,40636,1795146235289989484,2024-05-27,NEG,ironic,
22933015,40637,40637,1795146234300150223,2024-05-27,NEU,ironic,
22933016,40638,40638,1795146233461223568,2024-05-27,NEU,ironic,
22933017,40639,40639,1795146233264111738,2024-05-27,NEU,not ironic,
22933018,40640,40640,1795146233134141576,2024-05-27,NEU,not ironic,
22933019,40641,40641,1795146233050231285,2024-05-27,POS,not ironic,
22933020,40642,40642,1795146232161062974,2024-05-27,NEU,not ironic,
22933021,40643,40643,1795146231968100408,2024-05-27,NEG,not ironic,
22933022,40644,40644,1795146230470734146,2024-05-27,NEU,not ironic,
22933023,40645,40645,1795146230432936227,2024-05-27,NEG,ironic,
22933024,40646,40646,1795146229308924405,2024-05-27,NEG,ironic,
22933025,40647,40647,1795146228746920315,2024-05-27,NEU,not ironic,
22933026,40648,40648,1795146228121899223,2024-05-27,NEU,ironic,
22933027,40649,40649,1795146227073360293,2024-05-27,NEG,not ironic,
22933028,40650,40650,1795146225898942495,2024-05-27,NEU,not ironic,
22933029,40651,40651,1795146225584402434,2024-05-27,NEU,ironic,
22933030,40652,40652,1795146224602870270,2024-05-27,NEG,not ironic,
22933031,40653,40653,1795146224053493928,2024-05-27,NEU,ironic,
22933032,40654,40654,1795146223185170442,2024-05-27,NEU,not ironic,
22933033,40655,40655,1795146223017415086,2024-05-27,NEG,not ironic,
22933034,40656,40656,1795146221578813560,2024-05-27,POS,ironic,
22933035,40657,40657,1795146221406839173,2024-05-27,NEG,ironic,
22933036,40658,40658,1795146221218300127,2024-05-27,NEU,not ironic,
22933037,40659,40659,1795146220161159352,2024-05-27,NEG,not ironic,
22933038,40660,40660,1795146219318120637,2024-05-27,NEG,ironic,
22933039,40661,40661,1795146219066442042,2024-05-27,NEG,ironic,
22933040,40662,40662,1795146216877003120,2024-05-27,NEG,ironic,
22933041,40663,40663,1795146216726000112,2024-05-27,NEG,not ironic,
22933042,40664,40664,1795146215836864794,2024-05-27,NEU,not ironic,
22933043,40665,40665,1795146214658265130,2024-05-27,NEG,ironic,
22933044,40666,40666,1795146211751534897,2024-05-27,POS,ironic,
22933045,40667,40667,1795146211676086531,2024-05-27,NEG,ironic,
22933046,40668,40668,1795146211353063720,2024-05-27,NEU,not ironic,
22933047,40669,40669,1795146210547843094,2024-05-27,NEU,ironic,
22933048,40670,40670,1795146205690819033,2024-05-27,NEG,ironic,
22933049,40671,40671,1795146205342880081,2024-05-27,POS,not ironic,
22933050,40672,40672,1795146205137142168,2024-05-27,NEU,not ironic,
22933051,40673,40673,1795146204558303257,2024-05-27,NEU,not ironic,
22933052,40674,40674,1795146203677471061,2024-05-27,NEG,not ironic,
22933053,40675,40675,1795146203501338927,2024-05-27,NEU,not ironic,
22933054,40676,40676,1795146202045911392,2024-05-27,POS,not ironic,
22933055,40677,40677,1795146201098027048,2024-05-27,POS,not ironic,
22933056,40678,40678,1795146200846406009,2024-05-27,NEU,not ironic,
22933057,40679,40679,1795146200586338392,2024-05-27,NEG,not ironic,
22933058,40680,40680,1795146200322109455,2024-05-27,NEG,ironic,
22933059,40681,40681,1795146199713910866,2024-05-27,NEG,not ironic,
22933060,40682,40682,1795146199311200718,2024-05-27,NEU,not ironic,
22933061,40683,40683,1795146199059575111,2024-05-27,NEU,ironic,
22933062,40684,40684,1795146198334001245,2024-05-27,NEU,not ironic,
22933063,40685,40685,1795146197147013205,2024-05-27,POS,not ironic,
22933064,40686,40686,1795146197038137409,2024-05-27,NEU,not ironic,
22933065,40687,40687,1795146196484288925,2024-05-27,NEG,not ironic,
22933066,40688,40688,1795146196266148021,2024-05-27,NEU,ironic,
22933067,40689,40689,1795146194928177229,2024-05-27,NEG,not ironic,
22933068,40690,40690,1795146194810712116,2024-05-27,NEG,ironic,
22933069,40691,40691,1795146194554913172,2024-05-27,NEG,not ironic,
22933070,40692,40692,1795146194072613195,2024-05-27,NEG,ironic,
22933071,40693,40693,1795146194018082982,2024-05-27,NEU,not ironic,
22933072,40694,40694,1795146193619529862,2024-05-27,POS,ironic,
22933073,40695,40695,1795146193372147986,2024-05-27,NEG,not ironic,
22933074,40696,40696,1795146192688422980,2024-05-27,NEG,ironic,
22933075,40697,40697,1795146192264765884,2024-05-27,NEG,ironic,
22933076,40698,40698,1795146190788481242,2024-05-27,NEU,not ironic,
22933077,40699,40699,1795146190071161272,2024-05-27,NEG,not ironic,
22933078,40700,40700,1795146186329850220,2024-05-27,NEU,not ironic,
22933079,40701,40701,1795146186162045301,2024-05-27,NEU,not ironic,
22933080,40702,40702,1795146185621033060,2024-05-27,NEU,ironic,
22933081,40703,40703,1795146185394590048,2024-05-27,POS,ironic,
22933082,40704,40704,1795146184840892504,2024-05-27,NEU,not ironic,
22933083,40705,40705,1795146184400441592,2024-05-27,NEG,not ironic,
22933084,40706,40706,1795146183427379367,2024-05-27,NEG,ironic,
22933085,40707,40707,1795146182932504659,2024-05-27,NEU,ironic,
22933086,40708,40708,1795146182034890837,2024-05-27,NEG,not ironic,
22933087,40709,40709,1795146180529115338,2024-05-27,NEG,not ironic,
22933088,40710,40710,1795146178553622880,2024-05-27,NEG,not ironic,
22933089,40711,40711,1795146178490749267,2024-05-27,NEU,ironic,
22933090,40712,40712,1795146177244991922,2024-05-27,NEG,not ironic,
22933091,40713,40713,1795146176028647691,2024-05-27,NEU,not ironic,
22933092,40714,40714,1795146175185621010,2024-05-27,NEG,not ironic,
22933093,40715,40715,1795146175047245870,2024-05-27,NEU,not ironic,
22933094,40716,40716,1795146172576809241,2024-05-27,NEU,not ironic,
22933095,40717,40717,1795146170798403953,2024-05-27,NEG,not ironic,
22933096,40718,40718,1795146170437714040,2024-05-27,NEG,not ironic,
22933097,40719,40719,1795146169913409672,2024-05-27,NEG,not ironic,
22933098,40720,40720,1795146169720393998,2024-05-27,NEG,not ironic,
22933099,40721,40721,1795146169036820658,2024-05-27,POS,ironic,
22933100,40722,40722,1795146169024163960,2024-05-27,POS,not ironic,
22933101,40723,40723,1795146168864751835,2024-05-27,NEG,ironic,
22933102,40724,40724,1795146167950438446,2024-05-27,NEG,not ironic,
22933103,40725,40725,1795146167744958938,2024-05-27,NEU,not ironic,
22933104,40726,40726,1795146166494990780,2024-05-27,NEG,not ironic,
22933105,40727,40727,1795146166251704735,2024-05-27,NEU,not ironic,
22933106,40728,40728,1795146164079083715,2024-05-27,POS,not ironic,
22933107,40729,40729,1795146163852566726,2024-05-27,NEU,not ironic,
22933108,40730,40730,1795146163575828771,2024-05-27,NEG,not ironic,
22933109,40731,40731,1795146162049036424,2024-05-27,NEG,not ironic,
22933110,40732,40732,1795146160006385813,2024-05-27,NEG,not ironic,
22933111,40733,40733,1795146158836195714,2024-05-27,NEU,ironic,
22933112,40734,40734,1795146157657653321,2024-05-27,NEG,ironic,
22933113,40735,40735,1795146157145936099,2024-05-27,NEU,not ironic,
22933114,40736,40736,1795146157057769508,2024-05-27,NEG,ironic,
22933115,40737,40737,1795146156680323394,2024-05-27,POS,ironic,
22933116,40738,40738,1795146156223107208,2024-05-27,NEG,not ironic,
22933117,40739,40739,1795146156160229880,2024-05-27,NEG,ironic,
22933118,40740,40740,1795146155350806786,2024-05-27,NEG,ironic,
22933119,40741,40741,1795146155178725456,2024-05-27,POS,ironic,
22933120,40742,40742,1795146154335727753,2024-05-27,NEU,ironic,
22933121,40743,40743,1795146154021187887,2024-05-27,NEG,ironic,
22933122,40744,40744,1795146153924730913,2024-05-27,NEG,ironic,
22933123,40745,40745,1795146153119359450,2024-05-27,NEG,not ironic,
22933124,40746,40746,1795146153094234404,2024-05-27,NEU,not ironic,
22933125,40747,40747,1795146151542272207,2024-05-27,NEG,not ironic,
22933126,40748,40748,1795146151059984736,2024-05-27,NEG,ironic,
22933127,40749,40749,1795146146907570240,2024-05-27,NEG,not ironic,
22933128,40750,40750,1795146146748231848,2024-05-27,NEU,not ironic,
22933129,40751,40751,1795146146110685279,2024-05-27,NEG,not ironic,
22933130,40752,40752,1795146145871609881,2024-05-27,POS,not ironic,
22933131,40753,40753,1795146145322221575,2024-05-27,NEG,not ironic,
22933132,40754,40754,1795146144240087166,2024-05-27,NEG,ironic,
22933133,40755,40755,1795146143594074537,2024-05-27,NEG,ironic,
22933134,40756,40756,1795146143518609731,2024-05-27,NEG,not ironic,
22933135,40757,40757,1795146143040446859,2024-05-27,NEG,ironic,
22933136,40758,40758,1795146142696530201,2024-05-27,NEG,not ironic,
22933137,40759,40759,1795146142293905806,2024-05-27,NEG,not ironic,
22933138,40760,40760,1795146140435750966,2024-05-27,NEG,ironic,
22933139,40761,40761,1795146140037398691,2024-05-27,NEG,not ironic,
22933140,40762,40762,1795146138045063423,2024-05-27,NEG,not ironic,
22933141,40763,40763,1795146134651863507,2024-05-27,NEU,not ironic,
22933142,40764,40764,1795146133099995292,2024-05-27,NEG,ironic,
22933143,40765,40765,1795146131988521211,2024-05-27,NEG,ironic,
22933144,40766,40766,1795146131246039230,2024-05-27,NEG,not ironic,
22933145,40767,40767,1795146131137052933,2024-05-27,NEG,not ironic,
22933146,40768,40768,1795146131111878723,2024-05-27,NEG,not ironic,
22933147,40769,40769,1795146129849340349,2024-05-27,NEU,not ironic,
22933148,40770,40770,1795146128846930150,2024-05-27,NEG,not ironic,
22933149,40771,40771,1795146128637263908,2024-05-27,NEG,ironic,
22933150,40772,40772,1795146126946873476,2024-05-27,NEU,not ironic,
22933151,40773,40773,1795146125348946218,2024-05-27,NEG,ironic,
22933152,40774,40774,1795146124447171049,2024-05-27,POS,ironic,
22933153,40775,40775,1795146122962317531,2024-05-27,NEG,not ironic,
22933154,40776,40776,1795146122924527976,2024-05-27,NEG,not ironic,
22933155,40777,40777,1795146122660282872,2024-05-27,NEG,ironic,
22933156,40778,40778,1795146121188139444,2024-05-27,NEG,not ironic,
22933157,40779,40779,1795146121137799434,2024-05-27,NEU,ironic,
22933158,40780,40780,1795146120085017013,2024-05-27,NEU,ironic,
22933159,40781,40781,1795146118658945070,2024-05-27,NEG,not ironic,
22933160,40782,40782,1795146118029795600,2024-05-27,NEG,not ironic,
22933161,40783,40783,1795146116956147862,2024-05-27,NEG,ironic,
22933162,40784,40784,1795146115395854821,2024-05-27,NEU,not ironic,
22933163,40785,40785,1795146114502431014,2024-05-27,NEG,not ironic,
22933164,40786,40786,1795146111503511560,2024-05-27,NEG,not ironic,
22933165,40787,40787,1795146111310549193,2024-05-27,NEU,not ironic,
22933166,40788,40788,1795146110731780456,2024-05-27,NEG,ironic,
22933167,40789,40789,1795146110643601694,2024-05-27,NEG,ironic,
22933168,40790,40790,1795146110576574913,2024-05-27,NEG,ironic,
22933169,40791,40791,1795146110509384184,2024-05-27,NEG,not ironic,
22933170,40792,40792,1795146108831682995,2024-05-27,NEG,ironic,
22933171,40793,40793,1795146106570952740,2024-05-27,NEG,not ironic,
22933172,40794,40794,1795146105560178704,2024-05-27,POS,not ironic,
22933173,40795,40795,1795146105346244869,2024-05-27,NEG,ironic,
22933174,40796,40796,1795146105300144325,2024-05-27,NEU,ironic,
22933175,40797,40797,1795146104868090096,2024-05-27,POS,ironic,
22933176,40798,40798,1795146104423530593,2024-05-27,POS,not ironic,
22933177,40799,40799,1795146103047733448,2024-05-27,NEG,not ironic,
22933178,40800,40800,1795146101114405288,2024-05-27,NEU,not ironic,
22933179,40801,40801,1795146101038649793,2024-05-27,NEU,ironic,
22933180,40802,40802,1795146101005123643,2024-05-27,NEG,ironic,
22933181,40803,40803,1795146099063152739,2024-05-27,NEU,ironic,
22933182,40804,40804,1795146096676569499,2024-05-27,NEU,not ironic,
22933183,40805,40805,1795146096508883183,2024-05-27,NEU,ironic,
22933184,40806,40806,1795146096332730546,2024-05-27,NEU,not ironic,
22933185,40807,40807,1795146095418372568,2024-05-27,NEG,ironic,
22933186,40808,40808,1795146094751404273,2024-05-27,NEG,not ironic,
22933187,40809,40809,1795146094206210288,2024-05-27,POS,not ironic,
22933188,40810,40810,1795146093560266951,2024-05-27,NEG,ironic,
22933189,40811,40811,1795146093539242174,2024-05-27,NEU,ironic,
22933190,40812,40812,1795146093124051427,2024-05-27,NEG,not ironic,
22933191,40813,40813,1795146092436181181,2024-05-27,NEG,not ironic,
22933192,40814,40814,1795146092020928624,2024-05-27,NEU,not ironic,
22933193,40815,40815,1795146091400212597,2024-05-27,NEU,not ironic,
22933194,40816,40816,1795146091282702378,2024-05-27,POS,not ironic,
22933195,40817,40817,1795146090687140183,2024-05-27,NEG,not ironic,
22933196,40818,40818,1795146088539648257,2024-05-27,NEU,ironic,
22933197,40819,40819,1795146085402333425,2024-05-27,NEU,not ironic,
22933198,40820,40820,1795146083309351179,2024-05-27,NEU,not ironic,
22933199,40821,40821,1795146082541883525,2024-05-27,NEG,not ironic,
22933200,40822,40822,1795146082504130968,2024-05-27,NEG,not ironic,
22933201,40823,40823,1795146080314650821,2024-05-27,NEG,ironic,
22933202,40824,40824,1795146078657859768,2024-05-27,NEU,not ironic,
22933203,40825,40825,1795146076611047840,2024-05-27,NEG,not ironic,
22933204,40826,40826,1795146076141314352,2024-05-27,POS,not ironic,
22933205,40827,40827,1795146074140647508,2024-05-27,NEU,ironic,
22933206,40828,40828,1795146071066185853,2024-05-27,NEG,ironic,
22933207,40829,40829,1795146070055440654,2024-05-27,NEU,ironic,
22933208,40830,40830,1795146068654518306,2024-05-27,NEU,not ironic,
22933209,40831,40831,1795146068633530429,2024-05-27,NEG,not ironic,
22933210,40832,40832,1795146068058907050,2024-05-27,NEU,not ironic,
22933211,40833,40833,1795146067853328567,2024-05-27,NEG,not ironic,
22933212,40834,40834,1795146067589124363,2024-05-27,NEU,not ironic,
22933213,40835,40835,1795146067131965603,2024-05-27,NEG,not ironic,
22933214,40836,40836,1795146066683126182,2024-05-27,NEG,not ironic,
22933215,40837,40837,1795146066146255226,2024-05-27,NEG,ironic,
22933216,40838,40838,1795146065777225931,2024-05-27,NEU,not ironic,
22933217,40839,40839,1795146065282306521,2024-05-27,NEU,not ironic,
22933218,40840,40840,1795146064279839167,2024-05-27,NEU,not ironic,
22933219,40841,40841,1795146061394137176,2024-05-27,NEG,not ironic,
22933220,40842,40842,1795146059691291033,2024-05-27,NEU,not ironic,
22933221,40843,40843,1795146058290397646,2024-05-27,NEG,ironic,
22933222,40844,40844,1795146058252566765,2024-05-27,NEG,ironic,
22933223,40845,40845,1795146054725169580,2024-05-27,NEG,ironic,
22933224,40846,40846,1795146054205161816,2024-05-27,NEG,ironic,
22933225,40847,40847,1795146052871327971,2024-05-27,NEU,not ironic,
22933226,40848,40848,1795146051390722527,2024-05-27,POS,not ironic,
22933227,40849,40849,1795146049796903054,2024-05-27,NEG,ironic,
22933228,40850,40850,1795146048135995540,2024-05-27,NEG,ironic,
22933229,40851,40851,1795146046105849908,2024-05-27,NEG,ironic,
22933230,40852,40852,1795146045812322808,2024-05-27,NEG,not ironic,
22933231,40853,40853,1795146045564785115,2024-05-27,NEU,not ironic,
22933232,40854,40854,1795146045539721465,2024-05-27,NEU,not ironic,
22933233,40855,40855,1795146044969230528,2024-05-27,POS,not ironic,
22933234,40856,40856,1795146044960899285,2024-05-27,POS,ironic,
22933235,40857,40857,1795146044784689530,2024-05-27,NEG,not ironic,
22933236,40858,40858,1795146044705005623,2024-05-27,NEG,not ironic,
22933237,40859,40859,1795146044373692826,2024-05-27,NEU,not ironic,
22933238,40860,40860,1795146043572605257,2024-05-27,NEU,not ironic,
22933239,40861,40861,1795146042352054536,2024-05-27,NEU,ironic,
22933240,40862,40862,1795146041605361762,2024-05-27,NEU,not ironic,
22933241,40863,40863,1795146040913346886,2024-05-27,NEU,not ironic,
22933242,40864,40864,1795146040338731213,2024-05-27,POS,ironic,
22933243,40865,40865,1795146039508234372,2024-05-27,NEG,ironic,
22933244,40866,40866,1795146038631649298,2024-05-27,NEG,ironic,
22933245,40867,40867,1795146036899393548,2024-05-27,NEG,not ironic,
22933246,40868,40868,1795146036450672641,2024-05-27,NEG,ironic,
22933247,40869,40869,1795146035599159441,2024-05-27,NEU,ironic,
22933248,40870,40870,1795146035477565685,2024-05-27,NEG,ironic,
22933249,40871,40871,1795146035074904239,2024-05-27,POS,ironic,
22933250,40872,40872,1795146034777035121,2024-05-27,NEU,not ironic,
22933251,40873,40873,1795146032264745129,2024-05-27,POS,not ironic,
22933252,40874,40874,1795146030939267527,2024-05-27,NEU,not ironic,
22933253,40875,40875,1795146030024958433,2024-05-27,NEU,not ironic,
22933254,40876,40876,1795146030024896919,2024-05-27,NEU,ironic,
22933255,40877,40877,1795146029395743199,2024-05-27,NEG,ironic,
22933256,40878,40878,1795146029240668645,2024-05-27,NEG,not ironic,
22933257,40879,40879,1795146029081235962,2024-05-27,NEU,not ironic,
22933258,40880,40880,1795146028645061031,2024-05-27,NEG,not ironic,
22933259,40881,40881,1795146026426171556,2024-05-27,NEU,ironic,
22933260,40882,40882,1795146025629270322,2024-05-27,NEG,ironic,
22933261,40883,40883,1795146025335701705,2024-05-27,NEU,not ironic,
22933262,40884,40884,1795146024966644013,2024-05-27,NEU,not ironic,
22933263,40885,40885,1795146024870117488,2024-05-27,NEG,not ironic,
22933264,40886,40886,1795146024215822482,2024-05-27,NEG,ironic,
22933265,40887,40887,1795146023708377110,2024-05-27,NEG,ironic,
22933266,40888,40888,1795146019946090929,2024-05-27,NEU,ironic,
22933267,40889,40889,1795146019828564421,2024-05-27,NEU,ironic,
22933268,40890,40890,1795146019769864564,2024-05-27,NEG,ironic,
22933269,40891,40891,1795146019732099472,2024-05-27,NEG,not ironic,
22933270,40892,40892,1795146018067022307,2024-05-27,NEU,not ironic,
22933271,40893,40893,1795146014367556071,2024-05-27,NEG,not ironic,
22933272,40894,40894,1795146013058961680,2024-05-27,POS,not ironic,
22933273,40895,40895,1795146012606021907,2024-05-27,NEG,ironic,
22933274,40896,40896,1795146011746120184,2024-05-27,NEU,not ironic,
22933275,40897,40897,1795146011293139278,2024-05-27,NEG,not ironic,
22933276,40898,40898,1795146010508841266,2024-05-27,NEU,ironic,
22933277,40899,40899,1795146009816809670,2024-05-27,NEG,not ironic,
22933278,40900,40900,1795146009263186033,2024-05-27,NEG,not ironic,
22933279,40901,40901,1795146008940155281,2024-05-27,NEG,ironic,
22933280,40902,40902,1795146007803564318,2024-05-27,NEG,ironic,
22933281,40903,40903,1795146006545252740,2024-05-27,NEG,not ironic,
22933282,40904,40904,1795146005916094569,2024-05-27,NEG,not ironic,
22933283,40905,40905,1795146003391140227,2024-05-27,NEU,not ironic,
22933284,40906,40906,1795146000769646829,2024-05-27,NEG,ironic,
22933285,40907,40907,1795146000539038003,2024-05-27,NEG,ironic,
22933286,40908,40908,1795146000413192199,2024-05-27,NEG,not ironic,
22933287,40909,40909,1795145997175206267,2024-05-27,NEU,ironic,
22933288,40910,40910,1795145995652649078,2024-05-27,NEG,not ironic,
22933289,40911,40911,1795145995577070017,2024-05-27,NEG,ironic,
22933290,40912,40912,1795145994595709024,2024-05-27,POS,not ironic,
22933291,40913,40913,1795145994411114728,2024-05-27,POS,not ironic,
22933292,40914,40914,1795145992167129262,2024-05-27,NEG,ironic,
22933293,40915,40915,1795145990841774466,2024-05-27,NEG,not ironic,
22933294,40916,40916,1795145990447546487,2024-05-27,NEU,ironic,
22933295,40917,40917,1795145990300745889,2024-05-27,NEG,ironic,
22933296,40918,40918,1795145990153863492,2024-05-27,NEG,not ironic,
22933297,40919,40919,1795145988732035265,2024-05-27,NEU,not ironic,
22933298,40920,40920,1795145988207788154,2024-05-27,NEG,ironic,
22933299,40921,40921,1795145987972837886,2024-05-27,NEG,ironic,
22933300,40922,40922,1795145987737993306,2024-05-27,NEG,not ironic,
22933301,40923,40923,1795145986957799466,2024-05-27,NEU,not ironic,
22933302,40924,40924,1795145986546847970,2024-05-27,POS,ironic,
22933303,40925,40925,1795145985787564500,2024-05-27,NEG,not ironic,
22933304,40926,40926,1795145984843891133,2024-05-27,NEU,not ironic,
22933305,40927,40927,1795145984126624175,2024-05-27,NEG,ironic,
22933306,40928,40928,1795145983816327220,2024-05-27,NEG,not ironic,
22933307,40929,40929,1795145982671269911,2024-05-27,NEU,ironic,
22933308,40930,40930,1795145982461546502,2024-05-27,NEG,not ironic,
22933309,40931,40931,1795145981836587280,2024-05-27,NEU,not ironic,
22933310,40932,40932,1795145980267868396,2024-05-27,NEU,ironic,
22933311,40933,40933,1795145979550720491,2024-05-27,NEG,not ironic,
22933312,40934,40934,1795145979491987894,2024-05-27,NEG,not ironic,
22933313,40935,40935,1795145975561932891,2024-05-27,POS,not ironic,
22933314,40936,40936,1795145975536689629,2024-05-27,NEU,not ironic,
22933315,40937,40937,1795145974899146917,2024-05-27,POS,not ironic,
22933316,40938,40938,1795145970985980083,2024-05-27,POS,not ironic,
22933317,40939,40939,1795145970847551621,2024-05-27,NEU,ironic,
22933318,40940,40940,1795145970222760449,2024-05-27,NEG,not ironic,
22933319,40941,40941,1795145970004455451,2024-05-27,NEG,ironic,
22933320,40942,40942,1795145969199186307,2024-05-27,NEG,ironic,
22933321,40943,40943,1795145968964272142,2024-05-27,NEG,ironic,
22933322,40944,40944,1795145967529795700,2024-05-27,NEU,ironic,
22933323,40945,40945,1795145966569304398,2024-05-27,NEU,ironic,
22933324,40946,40946,1795145966548373925,2024-05-27,POS,not ironic,
22933325,40947,40947,1795145964597981580,2024-05-27,NEU,ironic,
22933326,40948,40948,1795145963360698791,2024-05-27,NEG,ironic,
22933327,40949,40949,1795145962274292200,2024-05-27,NEG,ironic,
22933328,40950,40950,1795145961343271365,2024-05-27,NEU,not ironic,
22933329,40951,40951,1795145960764449091,2024-05-27,NEG,not ironic,
22933330,40952,40952,1795145958738505948,2024-05-27,NEU,not ironic,
22933331,40953,40953,1795145958205825144,2024-05-27,NEG,ironic,
22933332,40954,40954,1795145957492854791,2024-05-27,NEG,ironic,
22933333,40955,40955,1795145955211174329,2024-05-27,POS,not ironic,
22933334,40956,40956,1795145954858819940,2024-05-27,POS,not ironic,
22933335,40957,40957,1795145954670121152,2024-05-27,NEG,ironic,
22933336,40958,40958,1795145954254868673,2024-05-27,POS,not ironic,
22933337,40959,40959,1795145953747382665,2024-05-27,NEG,ironic,
22933338,40960,40960,1795145952682009077,2024-05-27,NEG,not ironic,
22933339,40961,40961,1795145951910264921,2024-05-27,NEG,ironic,
22933340,40962,40962,1795145951448866996,2024-05-27,NEG,ironic,
22933341,40963,40963,1795145951385997328,2024-05-27,NEU,ironic,
22933342,40964,40964,1795145951163589043,2024-05-27,NEG,not ironic,
22933343,40965,40965,1795145951151034859,2024-05-27,NEG,not ironic,
22933344,40966,40966,1795145950542860448,2024-05-27,NEU,not ironic,
22933345,40967,40967,1795145950354174073,2024-05-27,NEG,not ironic,
22933346,40968,40968,1795145950286983303,2024-05-27,NEG,ironic,
22933347,40969,40969,1795145949242630527,2024-05-27,NEG,not ironic,
22933348,40970,40970,1795145948701561101,2024-05-27,NEU,not ironic,
22933349,40971,40971,1795145948504502452,2024-05-27,NEG,ironic,
22933350,40972,40972,1795145948315705753,2024-05-27,NEG,ironic,
22933351,40973,40973,1795145948277907729,2024-05-27,NEU,ironic,
22933352,40974,40974,1795145945543475558,2024-05-27,NEU,not ironic,
22933353,40975,40975,1795145945476366689,2024-05-27,POS,not ironic,
22933354,40976,40976,1795145945409077755,2024-05-27,NEG,not ironic,
22933355,40977,40977,1795145945346109761,2024-05-27,POS,ironic,
22933356,40978,40978,1795145945325179009,2024-05-27,NEU,not ironic,
22933357,40979,40979,1795145944452788656,2024-05-27,NEG,not ironic,
22933358,40980,40980,1795145944125657293,2024-05-27,NEG,not ironic,
22933359,40981,40981,1795145944020738502,2024-05-27,NEG,not ironic,
22933360,40982,40982,1795145941416132993,2024-05-27,NEG,not ironic,
22933361,40983,40983,1795145939528602007,2024-05-27,NEG,not ironic,
22933362,40984,40984,1795145938392015091,2024-05-27,NEG,ironic,
22933363,40985,40985,1795145938232606856,2024-05-27,NEU,not ironic,
22933364,40986,40986,1795145937326653536,2024-05-27,NEG,not ironic,
22933365,40987,40987,1795145936349372795,2024-05-27,NEG,ironic,
22933366,40988,40988,1795145935518896314,2024-05-27,NEU,not ironic,
22933367,40989,40989,1795145935418249491,2024-05-27,NEG,not ironic,
22933368,40990,40990,1795145932633149805,2024-05-27,NEG,not ironic,
22933369,40991,40991,1795145932629033058,2024-05-27,NEG,not ironic,
22933370,40992,40992,1795145932276715979,2024-05-27,POS,not ironic,
22933371,40993,40993,1795145931135824291,2024-05-27,NEG,not ironic,
22933372,40994,40994,1795145930879983784,2024-05-27,NEG,not ironic,
22933373,40995,40995,1795145930569597315,2024-05-27,NEG,not ironic,
22933374,40996,40996,1795145930506752202,2024-05-27,POS,not ironic,
22933375,40997,40997,1795145930460569981,2024-05-27,NEU,not ironic,
22933376,40998,40998,1795145929411948660,2024-05-27,NEU,not ironic,
22933377,40999,40999,1795145928896098656,2024-05-27,NEG,ironic,
22933378,41000,41000,1795145928736718969,2024-05-27,NEG,ironic,
22933379,41001,41001,1795145928518533160,2024-05-27,NEG,not ironic,
22933380,41002,41002,1795145927402913930,2024-05-27,POS,not ironic,
22933381,41003,41003,1795145927369318828,2024-05-27,NEG,ironic,
22933382,41004,41004,1795145927126122815,2024-05-27,NEG,not ironic,
22933383,41005,41005,1795145926761218285,2024-05-27,NEG,ironic,
22933384,41006,41006,1795145926140363079,2024-05-27,NEG,not ironic,
22933385,41007,41007,1795145924173336934,2024-05-27,NEU,not ironic,
22933386,41008,41008,1795145922411970771,2024-05-27,NEG,ironic,
22933387,41009,41009,1795145921920925918,2024-05-27,NEG,not ironic,
22933388,41010,41010,1795145921396637995,2024-05-27,NEU,not ironic,
22933389,41011,41011,1795145920830435725,2024-05-27,NEG,not ironic,
22933390,41012,41012,1795145919874085217,2024-05-27,NEG,not ironic,
22933391,41013,41013,1795145919639302616,2024-05-27,NEG,ironic,
22933392,41014,41014,1795145919190515765,2024-05-27,POS,not ironic,
22933393,41015,41015,1795145917961486513,2024-05-27,NEG,ironic,
22933394,41016,41016,1795145917886001391,2024-05-27,NEG,ironic,
22933395,41017,41017,1795145917831454784,2024-05-27,NEG,ironic,
22933396,41018,41018,1795145917751771462,2024-05-27,NEG,not ironic,
22933397,41019,41019,1795145917277880669,2024-05-27,NEG,not ironic,
22933398,41020,41020,1795145916711649642,2024-05-27,NEU,not ironic,
22933399,41021,41021,1795145916485185701,2024-05-27,NEG,not ironic,
22933400,41022,41022,1795145914585063580,2024-05-27,NEG,not ironic,
22933401,41023,41023,1795145913754636351,2024-05-27,NEG,ironic,
22933402,41024,41024,1795145912890569129,2024-05-27,NEG,not ironic,
22933403,41025,41025,1795145912286691670,2024-05-27,NEG,ironic,
22933404,41026,41026,1795145911393292610,2024-05-27,NEG,ironic,
22933405,41027,41027,1795145910311157993,2024-05-27,NEG,ironic,
22933406,41028,41028,1795145910021755133,2024-05-27,NEU,ironic,
22933407,41029,41029,1795145909140910545,2024-05-27,NEG,not ironic,
22933408,41030,41030,1795145905714155882,2024-05-27,NEG,not ironic,
22933409,41031,41031,1795145903562514635,2024-05-27,NEU,not ironic,
22933410,41032,41032,1795145903331750324,2024-05-27,NEG,not ironic,
22933411,41033,41033,1795145902883029492,2024-05-27,NEU,not ironic,
22933412,41034,41034,1795145902463529450,2024-05-27,NEU,not ironic,
22933413,41035,41035,1795145901477871960,2024-05-27,NEU,not ironic,
22933414,41036,41036,1795145901121437861,2024-05-27,NEU,not ironic,
22933415,41037,41037,1795145900840333563,2024-05-27,NEU,not ironic,
22933416,41038,41038,1795145899972210938,2024-05-27,NEU,ironic,
22933417,41039,41039,1795145896809672812,2024-05-27,NEG,ironic,
22933418,41040,41040,1795145896109183420,2024-05-27,NEG,ironic,
22933419,41041,41041,1795145896109166823,2024-05-27,NEG,ironic,
22933420,41042,41042,1795145894947348808,2024-05-27,NEG,not ironic,
22933421,41043,41043,1795145894762889492,2024-05-27,NEG,ironic,
22933422,41044,41044,1795145894708298011,2024-05-27,NEU,not ironic,
22933423,41045,41045,1795145894049857581,2024-05-27,NEG,not ironic,
22933424,41046,41046,1795145891998843022,2024-05-27,POS,not ironic,
22933425,41047,41047,1795145891629682869,2024-05-27,NEG,not ironic,
22933426,41048,41048,1795145890384028022,2024-05-27,NEU,ironic,
22933427,41049,41049,1795145887355666855,2024-05-27,NEG,not ironic,
22933428,41050,41050,1795145886760149301,2024-05-27,NEG,ironic,
22933429,41051,41051,1795145885581558013,2024-05-27,NEG,ironic,
22933430,41052,41052,1795145884461564250,2024-05-27,NEG,ironic,
22933431,41053,41053,1795145884268728579,2024-05-27,NEG,ironic,
22933432,41054,41054,1795145884054790490,2024-05-27,NEG,ironic,
22933433,41055,41055,1795145883937394886,2024-05-27,NEG,not ironic,
22933434,41056,41056,1795145883866038393,2024-05-27,NEG,ironic,
22933435,41057,41057,1795145883190735157,2024-05-27,NEG,not ironic,
22933436,41058,41058,1795145882947469640,2024-05-27,NEG,not ironic,
22933437,41059,41059,1795145882758770872,2024-05-27,NEG,not ironic,
22933438,41060,41060,1795145882087649660,2024-05-27,NEU,not ironic,
22933439,41061,41061,1795145881202667895,2024-05-27,POS,not ironic,
22933440,41062,41062,1795145881169076713,2024-05-27,NEG,not ironic,
22933441,41063,41063,1795145880464461909,2024-05-27,NEU,not ironic,
22933442,41064,41064,1795145879663399398,2024-05-27,NEG,not ironic,
22933443,41065,41065,1795145879378080180,2024-05-27,NEG,ironic,
22933444,41066,41066,1795145878694498753,2024-05-27,NEG,ironic,
22933445,41067,41067,1795145878434361806,2024-05-27,NEU,not ironic,
22933446,41068,41068,1795145877150970073,2024-05-27,NEG,not ironic,
22933447,41069,41069,1795145877020987412,2024-05-27,NEG,not ironic,
22933448,41070,41070,1795145876836417902,2024-05-27,NEG,ironic,
22933449,41071,41071,1795145876827930789,2024-05-27,NEG,ironic,
22933450,41072,41072,1795145876475617458,2024-05-27,NEU,not ironic,
22933451,41073,41073,1795145875510985045,2024-05-27,NEG,not ironic,
22933452,41074,41074,1795145873770385791,2024-05-27,NEG,not ironic,
22933453,41075,41075,1795145872319119528,2024-05-27,POS,not ironic,
22933454,41076,41076,1795145872101052522,2024-05-27,NEU,not ironic,
22933455,41077,41077,1795145870054150418,2024-05-27,NEG,not ironic,
22933456,41078,41078,1795145868263215576,2024-05-27,NEG,ironic,
22933457,41079,41079,1795145868082884944,2024-05-27,NEG,not ironic,
22933458,41080,41080,1795145865234939953,2024-05-27,POS,ironic,
22933459,41081,41081,1795145859732037989,2024-05-27,NEG,not ironic,
22933460,41082,41082,1795145859245523150,2024-05-27,NEU,not ironic,
22933461,41083,41083,1795145857999798455,2024-05-27,NEG,not ironic,
22933462,41084,41084,1795145855453876352,2024-05-27,NEG,ironic,
22933463,41085,41085,1795145854040330742,2024-05-27,NEU,not ironic,
22933464,41086,41086,1795145851838529960,2024-05-27,NEU,not ironic,
22933465,41087,41087,1795145851322462422,2024-05-27,NEG,ironic,
22933466,41088,41088,1795145849669919069,2024-05-27,NEU,ironic,
22933467,41089,41089,1795145848369635648,2024-05-27,NEG,ironic,
22933468,41090,41090,1795145847878861146,2024-05-27,NEU,ironic,
22933469,41091,41091,1795145847627198914,2024-05-27,NEG,not ironic,
22933470,41092,41092,1795145847258116277,2024-05-27,NEU,not ironic,
22933471,41093,41093,1795145846339576237,2024-05-27,NEG,ironic,
22933472,41094,41094,1795145842283655314,2024-05-27,NEG,not ironic,
22933473,41095,41095,1795145840652058982,2024-05-27,NEG,ironic,
22933474,41096,41096,1795145840421634256,2024-05-27,NEU,not ironic,
22933475,41097,41097,1795145839922307305,2024-05-27,NEG,not ironic,
22933476,41098,41098,1795145839523885410,2024-05-27,NEG,not ironic,
22933477,41099,41099,1795145839100252387,2024-05-27,NEU,not ironic,
22933478,41100,41100,1795145839003721943,2024-05-27,NEG,ironic,
22933479,41101,41101,1795145838500499922,2024-05-27,NEG,ironic,
22933480,41102,41102,1795145837154041996,2024-05-27,NEU,not ironic,
22933481,41103,41103,1795145836134863353,2024-05-27,NEG,ironic,
22933482,41104,41104,1795145835287593012,2024-05-27,NEG,not ironic,
22933483,41105,41105,1795145834910060856,2024-05-27,NEG,not ironic,
22933484,41106,41106,1795145834415174056,2024-05-27,NEU,not ironic,
22933485,41107,41107,1795145834352529435,2024-05-27,NEU,not ironic,
22933486,41108,41108,1795145832800403945,2024-05-27,NEG,not ironic,
22933487,41109,41109,1795145831512756241,2024-05-27,NEG,ironic,
22933488,41110,41110,1795145829994389917,2024-05-27,NEG,not ironic,
22933489,41111,41111,1795145829621068225,2024-05-27,NEG,ironic,
22933490,41112,41112,1795145829377777888,2024-05-27,NEG,ironic,
22933491,41113,41113,1795145828161503328,2024-05-27,NEG,not ironic,
22933492,41114,41114,1795145828090183972,2024-05-27,NEG,not ironic,
22933493,41115,41115,1795145827360354565,2024-05-27,POS,ironic,
22933494,41116,41116,1795145827200946383,2024-05-27,NEG,ironic,
22933495,41117,41117,1795145826701815889,2024-05-27,NEG,not ironic,
22933496,41118,41118,1795145825460334679,2024-05-27,POS,ironic,
22933497,41119,41119,1795145825288327635,2024-05-27,NEU,not ironic,
22933498,41120,41120,1795145823379922987,2024-05-27,NEU,ironic,
22933499,41121,41121,1795145822952149041,2024-05-27,NEG,not ironic,
22933500,41122,41122,1795145822583033927,2024-05-27,NEU,ironic,
22933501,41123,41123,1795145820813062187,2024-05-27,NEU,not ironic,
22933502,41124,41124,1795145819894522299,2024-05-27,NEG,not ironic,
22933503,41125,41125,1795145817990341036,2024-05-27,NEG,ironic,
22933504,41126,41126,1795145817847726461,2024-05-27,NEG,not ironic,
22933505,41127,41127,1795145817524773089,2024-05-27,NEG,not ironic,
22933506,41128,41128,1795145817294069828,2024-05-27,NEG,ironic,
22933507,41129,41129,1795145816467710312,2024-05-27,NEU,not ironic,
22933508,41130,41130,1795145815184298373,2024-05-27,NEG,not ironic,
22933509,41131,41131,1795145814295158806,2024-05-27,NEG,not ironic,
22933510,41132,41132,1795145814047608945,2024-05-27,NEU,not ironic,
22933511,41133,41133,1795145814014132438,2024-05-27,NEU,not ironic,
22933512,41134,41134,1795145813951164543,2024-05-27,NEU,ironic,
22933513,41135,41135,1795145813129130138,2024-05-27,NEG,not ironic,
22933514,41136,41136,1795145812298571815,2024-05-27,POS,ironic,
22933515,41137,41137,1795145812143419745,2024-05-27,NEU,ironic,
22933516,41138,41138,1795145812101439782,2024-05-27,NEG,not ironic,
22933517,41139,41139,1795145811514269969,2024-05-27,NEG,not ironic,
22933518,41140,41140,1795145811342262572,2024-05-27,NEU,not ironic,
22933519,41141,41141,1795145809480065208,2024-05-27,NEU,not ironic,
22933520,41142,41142,1795145807856914584,2024-05-27,NEU,not ironic,
22933521,41143,41143,1795145807206715866,2024-05-27,NEG,not ironic,
22933522,41144,41144,1795145805570904409,2024-05-27,POS,ironic,
22933523,41145,41145,1795145804576932065,2024-05-27,NEG,not ironic,
22933524,41146,41146,1795145804245528730,2024-05-27,NEU,ironic,
22933525,41147,41147,1795145804241400175,2024-05-27,NEG,ironic,
22933526,41148,41148,1795145803800981600,2024-05-27,NEG,not ironic,
22933527,41149,41149,1795145803603857782,2024-05-27,POS,not ironic,
22933528,41150,41150,1795145803473842498,2024-05-27,NEG,not ironic,
22933529,41151,41151,1795145802588811529,2024-05-27,NEG,ironic,
22933530,41152,41152,1795145802307768801,2024-05-27,NEG,ironic,
22933531,41153,41153,1795145801880027626,2024-05-27,NEG,ironic,
22933532,41154,41154,1795145801200496864,2024-05-27,NEG,ironic,
22933533,41155,41155,1795145800651038978,2024-05-27,NEU,ironic,
22933534,41156,41156,1795145800319644134,2024-05-27,NEG,not ironic,
22933535,41157,41157,1795145800256815205,2024-05-27,NEG,ironic,
22933536,41158,41158,1795145800210657568,2024-05-27,NEG,not ironic,
22933537,41159,41159,1795145799862476875,2024-05-27,NEU,not ironic,
22933538,41160,41160,1795145799069798783,2024-05-27,NEU,not ironic,
22933539,41161,41161,1795145798470058396,2024-05-27,NEU,not ironic,
22933540,41162,41162,1795145797144559821,2024-05-27,NEG,ironic,
22933541,41163,41163,1795145796637090009,2024-05-27,NEU,not ironic,
22933542,41164,41164,1795145792979718566,2024-05-27,NEU,ironic,
22933543,41165,41165,1795145790433673306,2024-05-27,NEU,not ironic,
22933544,41166,41166,1795145790349857277,2024-05-27,NEU,not ironic,
22933545,41167,41167,1795145789385195576,2024-05-27,NEG,not ironic,
22933546,41168,41168,1795145787841622056,2024-05-27,POS,ironic,
22933547,41169,41169,1795145787543859351,2024-05-27,NEG,ironic,
22933548,41170,41170,1795145786579095780,2024-05-27,NEG,not ironic,
22933549,41171,41171,1795145785622843445,2024-05-27,NEG,not ironic,
22933550,41172,41172,1795145785434087799,2024-05-27,NEG,ironic,
22933551,41173,41173,1795145784217805064,2024-05-27,NEG,ironic,
22933552,41174,41174,1795145784016445809,2024-05-27,NEG,not ironic,
22933553,41175,41175,1795145782888190095,2024-05-27,NEG,not ironic,
22933554,41176,41176,1795145782837784882,2024-05-27,NEG,not ironic,
22933555,41177,41177,1795145782279979130,2024-05-27,NEG,ironic,
22933556,41178,41178,1795145781751521728,2024-05-27,NEG,not ironic,
22933557,41179,41179,1795145781365670399,2024-05-27,NEG,not ironic,
22933558,41180,41180,1795145780262482239,2024-05-27,NEU,not ironic,
22933559,41181,41181,1795145779776012749,2024-05-27,NEU,not ironic,
22933560,41182,41182,1795145779092369692,2024-05-27,NEG,not ironic,
22933561,41183,41183,1795145778991648998,2024-05-27,NEU,not ironic,
22933562,41184,41184,1795145778396049648,2024-05-27,NEU,ironic,
22933563,41185,41185,1795145778312224954,2024-05-27,NEU,not ironic,
22933564,41186,41186,1795145777875911000,2024-05-27,NEG,not ironic,
22933565,41187,41187,1795145777515261963,2024-05-27,NEU,not ironic,
22933566,41188,41188,1795145776676438488,2024-05-27,NEG,not ironic,
22933567,41189,41189,1795145774612787600,2024-05-27,NEG,ironic,
22933568,41190,41190,1795145772616265983,2024-05-27,POS,ironic,
22933569,41191,41191,1795145770137419958,2024-05-27,POS,ironic,
22933570,41192,41192,1795145769780957443,2024-05-27,NEU,not ironic,
22933571,41193,41193,1795145769327968285,2024-05-27,NEG,ironic,
22933572,41194,41194,1795145767562166473,2024-05-27,NEG,not ironic,
22933573,41195,41195,1795145767524487527,2024-05-27,NEU,not ironic,
22933574,41196,41196,1795145766987501671,2024-05-27,NEU,not ironic,
22933575,41197,41197,1795145766584950976,2024-05-27,POS,ironic,
22933576,41198,41198,1795145765704122655,2024-05-27,NEG,ironic,
22933577,41199,41199,1795145764521246864,2024-05-27,NEU,not ironic,
22933578,41200,41200,1795145763606974671,2024-05-27,POS,not ironic,
22933579,41201,41201,1795145762952655100,2024-05-27,POS,not ironic,
22933580,41202,41202,1795145760163393829,2024-05-27,NEG,ironic,
22933581,41203,41203,1795145759244865842,2024-05-27,NEU,not ironic,
22933582,41204,41204,1795145759089643611,2024-05-27,NEU,not ironic,
22933583,41205,41205,1795145757713903751,2024-05-27,NEG,ironic,
22933584,41206,41206,1795145757122613491,2024-05-27,NEU,not ironic,
22933585,41207,41207,1795145754396307525,2024-05-27,NEU,ironic,
22933586,41208,41208,1795145754077487359,2024-05-27,NEU,not ironic,
22933587,41209,41209,1795145753897189503,2024-05-27,NEG,ironic,
22933588,41210,41210,1795145750847873202,2024-05-27,NEG,ironic,
22933589,41211,41211,1795145750386454869,2024-05-27,NEU,not ironic,
22933590,41212,41212,1795145748222296282,2024-05-27,NEG,ironic,
22933591,41213,41213,1795145747819561061,2024-05-27,NEG,not ironic,
22933592,41214,41214,1795145747387580473,2024-05-27,POS,ironic,
22933593,41215,41215,1795145747282755648,2024-05-27,NEG,not ironic,
22933594,41216,41216,1795145744791355664,2024-05-27,NEU,not ironic,
22933595,41217,41217,1795145744078311553,2024-05-27,NEG,not ironic,
22933596,41218,41218,1795145743574949902,2024-05-27,NEG,ironic,
22933597,41219,41219,1795145743549763969,2024-05-27,NEU,ironic,
22933598,41220,41220,1795145743264624674,2024-05-27,NEG,ironic,
22933599,41221,41221,1795145742920581292,2024-05-27,NEG,ironic,
22933600,41222,41222,1795145740735410182,2024-05-27,NEU,ironic,
22933601,41223,41223,1795145738957058463,2024-05-27,NEU,not ironic,
22933602,41224,41224,1795145736977371256,2024-05-27,NEU,not ironic,
22933603,41225,41225,1795145736717324632,2024-05-27,NEU,not ironic,
22933604,41226,41226,1795145736641802666,2024-05-27,POS,not ironic,
22933605,41227,41227,1795145736172019722,2024-05-27,NEU,ironic,
22933606,41228,41228,1795145734481735880,2024-05-27,NEG,not ironic,
22933607,41229,41229,1795145733676433852,2024-05-27,NEG,ironic,
22933608,41230,41230,1795145732460011782,2024-05-27,NEG,not ironic,
22933609,41231,41231,1795145732271296875,2024-05-27,NEG,not ironic,
22933610,41232,41232,1795145732174889257,2024-05-27,NEU,ironic,
22933611,41233,41233,1795145731029766266,2024-05-27,POS,ironic,
22933612,41234,41234,1795145730954244518,2024-05-27,NEG,not ironic,
22933613,41235,41235,1795145730153144562,2024-05-27,POS,not ironic,
22933614,41236,41236,1795145729201094902,2024-05-27,NEG,ironic,
22933615,41237,41237,1795145729008132241,2024-05-27,NEG,not ironic,
22933616,41238,41238,1795145728911605857,2024-05-27,NEG,not ironic,
22933617,41239,41239,1795145726688657477,2024-05-27,POS,not ironic,
22933618,41240,41240,1795145726671860026,2024-05-27,POS,not ironic,
22933619,41241,41241,1795145725115879455,2024-05-27,NEG,ironic,
22933620,41242,41242,1795145724927119652,2024-05-27,NEU,not ironic,
22933621,41243,41243,1795145724805493238,2024-05-27,NEG,not ironic,
22933622,41244,41244,1795145724687942019,2024-05-27,NEG,not ironic,
22933623,41245,41245,1795145724394446928,2024-05-27,NEU,not ironic,
22933624,41246,41246,1795145721697403278,2024-05-27,POS,not ironic,
22933625,41247,41247,1795145720573428037,2024-05-27,POS,ironic,
22933626,41248,41248,1795145720321769892,2024-05-27,NEG,ironic,
22933627,41249,41249,1795145719348703713,2024-05-27,NEG,ironic,
22933628,41250,41250,1795145719008919745,2024-05-27,NEG,ironic,
22933629,41251,41251,1795145717268312149,2024-05-27,POS,ironic,
22933630,41252,41252,1795145715728924904,2024-05-27,NEG,ironic,
22933631,41253,41253,1795145713644396957,2024-05-27,NEU,not ironic,
22933632,41254,41254,1795145711027200083,2024-05-27,NEU,not ironic,
22933633,41255,41255,1795145710754480414,2024-05-27,NEG,not ironic,
22933634,41256,41256,1795145710565732661,2024-05-27,NEG,ironic,
22933635,41257,41257,1795145709944996312,2024-05-27,NEG,not ironic,
22933636,41258,41258,1795145709873692992,2024-05-27,NEG,ironic,
22933637,41259,41259,1795145709806617001,2024-05-27,NEG,not ironic,
22933638,41260,41260,1795145708296708099,2024-05-27,NEU,not ironic,
22933639,41261,41261,1795145708070220128,2024-05-27,NEG,ironic,
22933640,41262,41262,1795145707210338802,2024-05-27,NEG,not ironic,
22933641,41263,41263,1795145707159965854,2024-05-27,NEG,not ironic,
22933642,41264,41264,1795145706195263955,2024-05-27,NEU,not ironic,
22933643,41265,41265,1795145706132373754,2024-05-27,NEG,not ironic,
22933644,41266,41266,1795145705750675633,2024-05-27,NEU,ironic,
22933645,41267,41267,1795145705255829775,2024-05-27,POS,not ironic,
22933646,41268,41268,1795145704953774145,2024-05-27,POS,ironic,
22933647,41269,41269,1795145704186274219,2024-05-27,POS,not ironic,
22933648,41270,41270,1795145704018444653,2024-05-27,NEU,not ironic,
22933649,41271,41271,1795145703938818429,2024-05-27,NEG,not ironic,
22933650,41272,41272,1795145702923813035,2024-05-27,NEG,not ironic,
22933651,41273,41273,1795145702735007793,2024-05-27,NEU,not ironic,
22933652,41274,41274,1795145701766144285,2024-05-27,POS,ironic,
22933653,41275,41275,1795145701309010244,2024-05-27,NEU,not ironic,
22933654,41276,41276,1795145699455013120,2024-05-27,NEG,ironic,
22933655,41277,41277,1795145699190857875,2024-05-27,NEG,not ironic,
22933656,41278,41278,1795145698913948063,2024-05-27,NEG,not ironic,
22933657,41279,41279,1795145697664160074,2024-05-27,POS,not ironic,
22933658,41280,41280,1795145697055973872,2024-05-27,NEG,not ironic,
22933659,41281,41281,1795145696955298244,2024-05-27,NEG,not ironic,
22933660,41282,41282,1795145696401826050,2024-05-27,NEG,not ironic,
22933661,41283,41283,1795145695910883413,2024-05-27,NEG,not ironic,
22933662,41284,41284,1795145695860580731,2024-05-27,NEG,not ironic,
22933663,41285,41285,1795145694333853956,2024-05-27,NEG,not ironic,
22933664,41286,41286,1795145693239075137,2024-05-27,NEG,not ironic,
22933665,41287,41287,1795145690965774632,2024-05-27,NEU,not ironic,
22933666,41288,41288,1795145690680541420,2024-05-27,POS,not ironic,
22933667,41289,41289,1795145690185654671,2024-05-27,NEU,ironic,
22933668,41290,41290,1795145690038813141,2024-05-27,POS,ironic,
22933669,41291,41291,1795145690026238213,2024-05-27,NEG,ironic,
22933670,41292,41292,1795145688352768255,2024-05-27,NEG,not ironic,
22933671,41293,41293,1795145686788305215,2024-05-27,NEU,not ironic,
22933672,41294,41294,1795145686742143261,2024-05-27,NEU,not ironic,
22933673,41295,41295,1795145685852950974,2024-05-27,NEU,ironic,
22933674,41296,41296,1795145685261586474,2024-05-27,NEU,ironic,
22933675,41297,41297,1795145684112314627,2024-05-27,NEU,not ironic,
22933676,41298,41298,1795145684020084891,2024-05-27,NEG,ironic,
22933677,41299,41299,1795145683608940929,2024-05-27,NEG,not ironic,
22933678,41300,41300,1795145682988282031,2024-05-27,NEU,not ironic,
22933679,41301,41301,1795145682099024012,2024-05-27,NEG,not ironic,
22933680,41302,41302,1795145680547123510,2024-05-27,NEG,ironic,
22933681,41303,41303,1795145677397168300,2024-05-27,NEG,ironic,
22933682,41304,41304,1795145677200031892,2024-05-27,NEG,not ironic,
22933683,41305,41305,1795145676650664056,2024-05-27,NEG,not ironic,
22933684,41306,41306,1795145675727859857,2024-05-27,NEU,not ironic,
22933685,41307,41307,1795145674381565969,2024-05-27,NEG,not ironic,
22933686,41308,41308,1795145674381504927,2024-05-27,NEG,not ironic,
22933687,41309,41309,1795145674062786784,2024-05-27,NEG,not ironic,
22933688,41310,41310,1795145673983115312,2024-05-27,POS,not ironic,
22933689,41311,41311,1795145673110692184,2024-05-27,NEU,ironic,
22933690,41312,41312,1795145673081241842,2024-05-27,NEG,not ironic,
22933691,41313,41313,1795145672775135552,2024-05-27,NEG,not ironic,
22933692,41314,41314,1795145672733216784,2024-05-27,NEU,not ironic,
22933693,41315,41315,1795145672250786061,2024-05-27,NEG,not ironic,
22933694,41316,41316,1795145672166953302,2024-05-27,NEG,not ironic,
22933695,41317,41317,1795145671080648929,2024-05-27,NEG,not ironic,
22933696,41318,41318,1795145670136832465,2024-05-27,NEU,not ironic,
22933697,41319,41319,1795145668886925767,2024-05-27,NEG,ironic,
22933698,41320,41320,1795145667318284500,2024-05-27,POS,ironic,
22933699,41321,41321,1795145666542305419,2024-05-27,NEG,not ironic,
22933700,41322,41322,1795145666240340245,2024-05-27,POS,ironic,
22933701,41323,41323,1795145665745395736,2024-05-27,NEG,ironic,
22933702,41324,41324,1795145665372119057,2024-05-27,NEU,ironic,
22933703,41325,41325,1795145665099510122,2024-05-27,NEU,ironic,
22933704,41326,41326,1795145664126398639,2024-05-27,NEG,ironic,
22933705,41327,41327,1795145663820255685,2024-05-27,NEG,not ironic,
22933706,41328,41328,1795145663740551562,2024-05-27,NEU,ironic,
22933707,41329,41329,1795145662738133174,2024-05-27,NEU,not ironic,
22933708,41330,41330,1795145662373278011,2024-05-27,NEU,not ironic,
22933709,41331,41331,1795145661609861176,2024-05-27,NEU,ironic,
22933710,41332,41332,1795145661400105364,2024-05-27,NEG,not ironic,
22933711,41333,41333,1795145661295325413,2024-05-27,NEU,not ironic,
22933712,41334,41334,1795145657025507823,2024-05-27,NEU,not ironic,
22933713,41335,41335,1795145656081814000,2024-05-27,NEG,not ironic,
22933714,41336,41336,1795145654655758708,2024-05-27,NEG,ironic,
22933715,41337,41337,1795145653816877409,2024-05-27,NEG,not ironic,
22933716,41338,41338,1795145652730769915,2024-05-27,NEU,not ironic,
22933717,41339,41339,1795145652537622843,2024-05-27,NEU,not ironic,
22933718,41340,41340,1795145652260794698,2024-05-27,NEU,not ironic,
22933719,41341,41341,1795145652235538739,2024-05-27,NEU,ironic,
22933720,41342,41342,1795145650981753131,2024-05-27,NEU,not ironic,
22933721,41343,41343,1795145648615854458,2024-05-27,NEU,not ironic,
22933722,41344,41344,1795145647789580448,2024-05-27,NEU,not ironic,
22933723,41345,41345,1795145646640365797,2024-05-27,NEU,ironic,
22933724,41346,41346,1795145646195839294,2024-05-27,NEG,ironic,
22933725,41347,41347,1795145646074110350,2024-05-27,POS,not ironic,
22933726,41348,41348,1795145645822443766,2024-05-27,NEU,ironic,
22933727,41349,41349,1795145644169920858,2024-05-27,POS,not ironic,
22933728,41350,41350,1795145643943485723,2024-05-27,NEG,not ironic,
22933729,41351,41351,1795145640881565757,2024-05-27,NEG,ironic,
22933730,41352,41352,1795145638960599418,2024-05-27,NEU,not ironic,
22933731,41353,41353,1795145636746043505,2024-05-27,NEG,ironic,
22933732,41354,41354,1795145635911369145,2024-05-27,NEG,not ironic,
22933733,41355,41355,1795145634443391397,2024-05-27,NEG,ironic,
22933734,41356,41356,1795145633902236132,2024-05-27,NEU,not ironic,
22933735,41357,41357,1795145632849555724,2024-05-27,NEG,ironic,
22933736,41358,41358,1795145632836952188,2024-05-27,NEU,not ironic,
22933737,41359,41359,1795145629900923318,2024-05-27,NEG,not ironic,
22933738,41360,41360,1795145629141786710,2024-05-27,NEG,not ironic,
22933739,41361,41361,1795145628051243328,2024-05-27,NEG,not ironic,
22933740,41362,41362,1795145628038639671,2024-05-27,NEG,ironic,
22933741,41363,41363,1795145627749204393,2024-05-27,NEU,not ironic,
22933742,41364,41364,1795145627384402179,2024-05-27,NEG,not ironic,
22933743,41365,41365,1795145627371774288,2024-05-27,NEU,ironic,
22933744,41366,41366,1795145626851611039,2024-05-27,NEG,ironic,
22933745,41367,41367,1795145626776154149,2024-05-27,NEG,not ironic,
22933746,41368,41368,1795145626499334251,2024-05-27,NEU,not ironic,
22933747,41369,41369,1795145625417195843,2024-05-27,NEU,not ironic,
22933748,41370,41370,1795145623118749699,2024-05-27,NEG,not ironic,
22933749,41371,41371,1795145622745719106,2024-05-27,POS,not ironic,
22933750,41372,41372,1795145622502228117,2024-05-27,NEU,not ironic,
22933751,41373,41373,1795145622074335515,2024-05-27,NEG,ironic,
22933752,41374,41374,1795145621138997348,2024-05-27,NEG,ironic,
22933753,41375,41375,1795145620933472596,2024-05-27,NEG,ironic,
22933754,41376,41376,1795145620786704608,2024-05-27,NEG,not ironic,
22933755,41377,41377,1795145620774101201,2024-05-27,NEU,not ironic,
22933756,41378,41378,1795145617900974329,2024-05-27,POS,ironic,
22933757,41379,41379,1795145616655339552,2024-05-27,NEG,ironic,
22933758,41380,41380,1795145616584061134,2024-05-27,NEG,not ironic,
22933759,41381,41381,1795145616567263372,2024-05-27,NEG,ironic,
22933760,41382,41382,1795145615732609242,2024-05-27,NEG,not ironic,
22933761,41383,41383,1795145614834929743,2024-05-27,NEU,ironic,
22933762,41384,41384,1795145614251930067,2024-05-27,NEG,not ironic,
22933763,41385,41385,1795145611982880877,2024-05-27,NEG,not ironic,
22933764,41386,41386,1795145611039182896,2024-05-27,NEG,not ironic,
22933765,41387,41387,1795145610732908549,2024-05-27,NEG,ironic,
22933766,41388,41388,1795145609726271519,2024-05-27,NEG,not ironic,
22933767,41389,41389,1795145608900039039,2024-05-27,NEU,ironic,
22933768,41390,41390,1795145608686112851,2024-05-27,NEU,not ironic,
22933769,41391,41391,1795145607729856921,2024-05-27,NEG,not ironic,
22933770,41392,41392,1795145607432040469,2024-05-27,NEU,not ironic,
22933771,41393,41393,1795145606798639273,2024-05-27,NEG,not ironic,
22933772,41394,41394,1795145605192220694,2024-05-27,NEG,not ironic,
22933773,41395,41395,1795145605087391804,2024-05-27,NEG,ironic,
22933774,41396,41396,1795145603216785641,2024-05-27,POS,not ironic,
22933775,41397,41397,1795145601723605311,2024-05-27,NEG,ironic,
22933776,41398,41398,1795145601438421270,2024-05-27,NEG,ironic,
22933777,41399,41399,1795145600935104803,2024-05-27,NEG,not ironic,
22933778,41400,41400,1795145600490463688,2024-05-27,NEG,ironic,
22933779,41401,41401,1795145599920029999,2024-05-27,NEG,ironic,
22933780,41402,41402,1795145599496474770,2024-05-27,NEG,not ironic,
22933781,41403,41403,1795145597734772884,2024-05-27,NEG,ironic,
22933782,41404,41404,1795145596430393546,2024-05-27,NEG,ironic,
22933783,41405,41405,1795145596321268010,2024-05-27,NEU,not ironic,
22933784,41406,41406,1795145595780288564,2024-05-27,NEU,not ironic,
22933785,41407,41407,1795145595381743693,2024-05-27,NEG,ironic,
22933786,41408,41408,1795145595239207240,2024-05-27,NEG,ironic,
22933787,41409,41409,1795145594769478070,2024-05-27,NEU,not ironic,
22933788,41410,41410,1795145594526122405,2024-05-27,NEG,ironic,
22933789,41411,41411,1795145593439867063,2024-05-27,POS,not ironic,
22933790,41412,41412,1795145592009613800,2024-05-27,NEG,not ironic,
22933791,41413,41413,1795145590210212227,2024-05-27,NEG,ironic,
22933792,41414,41414,1795145589648199736,2024-05-27,NEG,not ironic,
22933793,41415,41415,1795145589518196740,2024-05-27,NEG,ironic,
22933794,41416,41416,1795145589253935287,2024-05-27,NEG,ironic,
22933795,41417,41417,1795145588192801227,2024-05-27,NEU,not ironic,
22933796,41418,41418,1795145586913468499,2024-05-27,NEG,not ironic,
22933797,41419,41419,1795145586447995175,2024-05-27,NEG,not ironic,
22933798,41420,41420,1795145586225619085,2024-05-27,NEG,not ironic,
22933799,41421,41421,1795145586066235793,2024-05-27,NEG,not ironic,
22933800,41422,41422,1795145585055379931,2024-05-27,NEG,not ironic,
22933801,41423,41423,1795145583419625899,2024-05-27,NEG,not ironic,
22933802,41424,41424,1795145582778147083,2024-05-27,NEG,not ironic,
22933803,41425,41425,1795145582685630593,2024-05-27,NEG,not ironic,
22933804,41426,41426,1795145582345900530,2024-05-27,NEU,not ironic,
22933805,41427,41427,1795145580982718848,2024-05-27,NEG,ironic,
22933806,41428,41428,1795145579749629952,2024-05-27,NEU,not ironic,
22933807,41429,41429,1795145579674177755,2024-05-27,NEG,not ironic,
22933808,41430,41430,1795145578956873913,2024-05-27,NEG,not ironic,
22933809,41431,41431,1795145578910712052,2024-05-27,NEG,ironic,
22933810,41432,41432,1795145578109673502,2024-05-27,NEU,not ironic,
22933811,41433,41433,1795145577329508652,2024-05-27,NEG,ironic,
22933812,41434,41434,1795145576968798601,2024-05-27,NEU,not ironic,
22933813,41435,41435,1795145576897515680,2024-05-27,NEU,not ironic,
22933814,41436,41436,1795145576465473760,2024-05-27,NEG,ironic,
22933815,41437,41437,1795145574452191590,2024-05-27,NEG,not ironic,
22933816,41438,41438,1795145573755990119,2024-05-27,NEU,not ironic,
22933817,41439,41439,1795145572459942025,2024-05-27,NEG,not ironic,
22933818,41440,41440,1795145570987729156,2024-05-27,POS,ironic,
22933819,41441,41441,1795145570463465680,2024-05-27,NEU,not ironic,
22933820,41442,41442,1795145569477775499,2024-05-27,NEU,not ironic,
22933821,41443,41443,1795145569213595930,2024-05-27,NEG,ironic,
22933822,41444,41444,1795145568815084009,2024-05-27,NEU,ironic,
22933823,41445,41445,1795145568794091934,2024-05-27,NEG,not ironic,
22933824,41446,41446,1795145568626389348,2024-05-27,NEG,ironic,
22933825,41447,41447,1795145568475386065,2024-05-27,POS,ironic,
22933826,41448,41448,1795145568114651607,2024-05-27,NEG,ironic,
22933827,41449,41449,1795145567888158942,2024-05-27,NEU,not ironic,
22933828,41450,41450,1795145566072037614,2024-05-27,NEU,not ironic,
22933829,41451,41451,1795145565841305691,2024-05-27,NEG,not ironic,
22933830,41452,41452,1795145565736464830,2024-05-27,POS,not ironic,
22933831,41453,41453,1795145563538698543,2024-05-27,NEU,ironic,
22933832,41454,41454,1795145563236634899,2024-05-27,NEU,ironic,
22933833,41455,41455,1795145562947281084,2024-05-27,NEG,not ironic,
22933834,41456,41456,1795145562867523659,2024-05-27,NEG,not ironic,
22933835,41457,41457,1795145559285571925,2024-05-27,NEG,not ironic,
22933836,41458,41458,1795145559163961510,2024-05-27,NEU,not ironic,
22933837,41459,41459,1795145559067533588,2024-05-27,NEG,ironic,
22933838,41460,41460,1795145558828425226,2024-05-27,NEG,ironic,
22933839,41461,41461,1795145557863801071,2024-05-27,NEG,ironic,
22933840,41462,41462,1795145557322682382,2024-05-27,POS,not ironic,
22933841,41463,41463,1795145557284979007,2024-05-27,NEU,not ironic,
22933842,41464,41464,1795145556349813176,2024-05-27,NEU,not ironic,
22933843,41465,41465,1795145555569516817,2024-05-27,NEG,not ironic,
22933844,41466,41466,1795145554256675039,2024-05-27,NEU,not ironic,
22933845,41467,41467,1795145552876699917,2024-05-27,POS,not ironic,
22933846,41468,41468,1795145552197243358,2024-05-27,NEU,not ironic,
22933847,41469,41469,1795145550884487249,2024-05-27,NEU,not ironic,
22933848,41470,41470,1795145550842442027,2024-05-27,NEG,not ironic,
22933849,41471,41471,1795145549865189440,2024-05-27,NEU,not ironic,
22933850,41472,41472,1795145549760340256,2024-05-27,NEU,not ironic,
22933851,41473,41473,1795145548921557164,2024-05-27,NEU,not ironic,
22933852,41474,41474,1795145548736987531,2024-05-27,NEG,ironic,
22933853,41475,41475,1795145547742949755,2024-05-27,NEG,ironic,
22933854,41476,41476,1795145546098758018,2024-05-27,NEG,ironic,
22933855,41477,41477,1795145546060976307,2024-05-27,POS,not ironic,
22933856,41478,41478,1795145545989705772,2024-05-27,NEG,not ironic,
22933857,41479,41479,1795145545121407158,2024-05-27,NEU,ironic,
22933858,41480,41480,1795145545062748351,2024-05-27,NEG,not ironic,
22933859,41481,41481,1795145544794296411,2024-05-27,NEG,not ironic,
22933860,41482,41482,1795145544735547505,2024-05-27,NEG,not ironic,
22933861,41483,41483,1795145544483922267,2024-05-27,NEG,not ironic,
22933862,41484,41484,1795145543837966418,2024-05-27,NEU,ironic,
22933863,41485,41485,1795145542764462543,2024-05-27,NEU,not ironic,
22933864,41486,41486,1795145541833158855,2024-05-27,NEG,not ironic,
22933865,41487,41487,1795145541271081181,2024-05-27,NEG,ironic,
22933866,41488,41488,1795145539610140840,2024-05-27,NEU,not ironic,
22933867,41489,41489,1795145538385441067,2024-05-27,POS,ironic,
22933868,41490,41490,1795145537689165944,2024-05-27,NEG,not ironic,
22933869,41491,41491,1795145537210962134,2024-05-27,NEG,not ironic,
22933870,41492,41492,1795145537181585447,2024-05-27,NEU,not ironic,
22933871,41493,41493,1795145536644743422,2024-05-27,NEG,ironic,
22933872,41494,41494,1795145536133050542,2024-05-27,NEU,not ironic,
22933873,41495,41495,1795145534879007068,2024-05-27,NEU,not ironic,
22933874,41496,41496,1795145534610546957,2024-05-27,NEG,not ironic,
22933875,41497,41497,1795145534212112815,2024-05-27,NEG,not ironic,
22933876,41498,41498,1795145531338981706,2024-05-27,NEU,not ironic,
22933877,41499,41499,1795145530521043100,2024-05-27,NEU,ironic,
22933878,41500,41500,1795145530256863349,2024-05-27,NEG,not ironic,
22933879,41501,41501,1795145529292181813,2024-05-27,NEU,not ironic,
22933880,41502,41502,1795145529124421825,2024-05-27,NEU,ironic,
22933881,41503,41503,1795145528755277859,2024-05-27,NEG,not ironic,
22933882,41504,41504,1795145527325081762,2024-05-27,NEU,ironic,
22933883,41505,41505,1795145527081726385,2024-05-27,NEU,not ironic,
22933884,41506,41506,1795145526687539402,2024-05-27,NEG,ironic,
22933885,41507,41507,1795145526486110582,2024-05-27,NEG,not ironic,
22933886,41508,41508,1795145526180000010,2024-05-27,NEU,ironic,
22933887,41509,41509,1795145525282357525,2024-05-27,NEG,not ironic,
22933888,41510,41510,1795145522740658572,2024-05-27,NEG,not ironic,
22933889,41511,41511,1795145522572898744,2024-05-27,NEG,ironic,
22933890,41512,41512,1795145522031759828,2024-05-27,NEG,ironic,
22933891,41513,41513,1795145520811295151,2024-05-27,NEG,not ironic,
22933892,41514,41514,1795145519787917339,2024-05-27,NEG,ironic,
22933893,41515,41515,1795145517434806276,2024-05-27,NEU,not ironic,
22933894,41516,41516,1795145514771505432,2024-05-27,POS,not ironic,
22933895,41517,41517,1795145514117189996,2024-05-27,NEU,not ironic,
22933896,41518,41518,1795145514066800951,2024-05-27,NEU,not ironic,
22933897,41519,41519,1795145513848688743,2024-05-27,NEU,ironic,
22933898,41520,41520,1795145513240510693,2024-05-27,NEG,not ironic,
22933899,41521,41521,1795145512468762776,2024-05-27,NEU,not ironic,
22933900,41522,41522,1795145512372310496,2024-05-27,NEG,ironic,
22933901,41523,41523,1795145512259145801,2024-05-27,NEG,ironic,
22933902,41524,41524,1795145511462371356,2024-05-27,NEU,not ironic,
22933903,41525,41525,1795145510572978448,2024-05-27,NEG,ironic,
22933904,41526,41526,1795145510505845121,2024-05-27,NEG,not ironic,
22933905,41527,41527,1795145510413549751,2024-05-27,NEU,not ironic,
22933906,41528,41528,1795145508899389600,2024-05-27,NEG,not ironic,
22933907,41529,41529,1795145507808981135,2024-05-27,NEG,not ironic,
22933908,41530,41530,1795145507435594091,2024-05-27,NEG,not ironic,
22933909,41531,41531,1795145506739347669,2024-05-27,NEG,not ironic,
22933910,41532,41532,1795145505317487034,2024-05-27,NEG,not ironic,
22933911,41533,41533,1795145504663159168,2024-05-27,NEG,ironic,
22933912,41534,41534,1795145504499667398,2024-05-27,NEU,ironic,
22933913,41535,41535,1795145504285720991,2024-05-27,NEU,not ironic,
22933914,41536,41536,1795145504252146148,2024-05-27,NEU,not ironic,
22933915,41537,41537,1795145503362937169,2024-05-27,NEG,not ironic,
22933916,41538,41538,1795145502847033361,2024-05-27,POS,not ironic,
22933917,41539,41539,1795145502654119968,2024-05-27,NEU,ironic,
22933918,41540,41540,1795145502607942002,2024-05-27,NEU,ironic,
22933919,41541,41541,1795145502125703250,2024-05-27,NEU,not ironic,
22933920,41542,41542,1795145501949452699,2024-05-27,POS,ironic,
22933921,41543,41543,1795145501290996054,2024-05-27,NEG,ironic,
22933922,41544,41544,1795145500439482645,2024-05-27,NEG,ironic,
22933923,41545,41545,1795145499609084371,2024-05-27,NEU,not ironic,
22933924,41546,41546,1795145499189665997,2024-05-27,NEG,ironic,
22933925,41547,41547,1795145498900267469,2024-05-27,NEG,not ironic,
22933926,41548,41548,1795145497457357083,2024-05-27,NEG,not ironic,
22933927,41549,41549,1795145496048115798,2024-05-27,NEG,ironic,
22933928,41550,41550,1795145495582499012,2024-05-27,POS,ironic,
22933929,41551,41551,1795145494869475384,2024-05-27,NEG,not ironic,
22933930,41552,41552,1795145494613590073,2024-05-27,NEG,ironic,
22933931,41553,41553,1795145494294925445,2024-05-27,NEG,not ironic,
22933932,41554,41554,1795145494273896646,2024-05-27,POS,not ironic,
22933933,41555,41555,1795145493045010722,2024-05-27,NEG,not ironic,
22933934,41556,41556,1795145492554265061,2024-05-27,NEU,not ironic,
22933935,41557,41557,1795145492327788695,2024-05-27,NEU,ironic,
22933936,41558,41558,1795145491191046282,2024-05-27,NEG,not ironic,
22933937,41559,41559,1795145490742362477,2024-05-27,NEG,not ironic,
22933938,41560,41560,1795145490020884800,2024-05-27,POS,not ironic,
22933939,41561,41561,1795145489656008954,2024-05-27,NEG,ironic,
22933940,41562,41562,1795145489232363786,2024-05-27,NEG,not ironic,
22933941,41563,41563,1795145488276115867,2024-05-27,NEU,not ironic,
22933942,41564,41564,1795145487638478910,2024-05-27,NEG,ironic,
22933943,41565,41565,1795145486808027330,2024-05-27,NEU,ironic,
22933944,41566,41566,1795145486417989699,2024-05-27,NEG,ironic,
22933945,41567,41567,1795145484866109632,2024-05-27,NEG,ironic,
22933946,41568,41568,1795145484203413779,2024-05-27,NEU,not ironic,
22933947,41569,41569,1795145483893043413,2024-05-27,NEU,not ironic,
22933948,41570,41570,1795145483494498657,2024-05-27,NEG,ironic,
22933949,41571,41571,1795145483154788789,2024-05-27,NEU,not ironic,
22933950,41572,41572,1795145482404008012,2024-05-27,NEG,not ironic,
22933951,41573,41573,1795145482290774267,2024-05-27,NEU,not ironic,
22933952,41574,41574,1795145482102014169,2024-05-27,NEG,not ironic,
22933953,41575,41575,1795145481082831172,2024-05-27,NEG,not ironic,
22933954,41576,41576,1795145480495628356,2024-05-27,NEG,not ironic,
22933955,41577,41577,1795145480386519051,2024-05-27,NEG,not ironic,
22933956,41578,41578,1795145478528520206,2024-05-27,NEG,not ironic,
22933957,41579,41579,1795145478369067066,2024-05-27,NEU,not ironic,
22933958,41580,41580,1795145477513417109,2024-05-27,NEG,ironic,
22933959,41581,41581,1795145475013665135,2024-05-27,POS,ironic,
22933960,41582,41582,1795145473805689001,2024-05-27,NEG,ironic,
22933961,41583,41583,1795145472396398682,2024-05-27,NEG,not ironic,
22933962,41584,41584,1795145472023077072,2024-05-27,NEG,ironic,
22933963,41585,41585,1795145471817576548,2024-05-27,NEG,not ironic,
22933964,41586,41586,1795145471758901543,2024-05-27,NEG,not ironic,
22933965,41587,41587,1795145470043361429,2024-05-27,NEG,ironic,
22933966,41588,41588,1795145469728842031,2024-05-27,NEG,ironic,
22933967,41589,41589,1795145468277665836,2024-05-27,NEG,ironic,
22933968,41590,41590,1795145466469843234,2024-05-27,NEG,ironic,
22933969,41591,41591,1795145466075549803,2024-05-27,NEU,ironic,
22933970,41592,41592,1795145466000069001,2024-05-27,NEU,ironic,
22933971,41593,41593,1795145465861648752,2024-05-27,NEG,not ironic,
22933972,41594,41594,1795145465219915816,2024-05-27,POS,not ironic,
22933973,41595,41595,1795145464938893775,2024-05-27,NEG,ironic,
22933974,41596,41596,1795145464888570065,2024-05-27,NEG,ironic,
22933975,41597,41597,1795145464490197236,2024-05-27,NEG,not ironic,
22933976,41598,41598,1795145464175603834,2024-05-27,NEG,not ironic,
22933977,41599,41599,1795145460883107998,2024-05-27,NEG,not ironic,
22933978,41600,41600,1795145460811714802,2024-05-27,NEG,ironic,
22933979,41601,41601,1795145460266492164,2024-05-27,NEU,ironic,
22933980,41602,41602,1795145459503091931,2024-05-27,NEU,ironic,
22933981,41603,41603,1795145457871491415,2024-05-27,POS,not ironic,
22933982,41604,41604,1795145457691177365,2024-05-27,NEG,ironic,
22933983,41605,41605,1795145456659349965,2024-05-27,NEU,not ironic,
22933984,41606,41606,1795145456407744850,2024-05-27,NEG,ironic,
22933985,41607,41607,1795145456151822800,2024-05-27,NEG,ironic,
22933986,41608,41608,1795145455476539687,2024-05-27,NEG,ironic,
22933987,41609,41609,1795145454847410260,2024-05-27,POS,not ironic,
22933988,41610,41610,1795145454159618543,2024-05-27,NEG,not ironic,
22933989,41611,41611,1795145453366817011,2024-05-27,NEG,not ironic,
22933990,41612,41612,1795145452872138774,2024-05-27,NEU,not ironic,
22933991,41613,41613,1795145452259582208,2024-05-27,NEU,not ironic,
22933992,41614,41614,1795145451978592534,2024-05-27,NEG,not ironic,
22933993,41615,41615,1795145451924021578,2024-05-27,NEG,not ironic,
22933994,41616,41616,1795145451378794684,2024-05-27,NEU,not ironic,
22933995,41617,41617,1795145451265474942,2024-05-27,POS,not ironic,
22933996,41618,41618,1795145449428390141,2024-05-27,NEG,not ironic,
22933997,41619,41619,1795145449160020213,2024-05-27,NEG,ironic,
22933998,41620,41620,1795145449055113610,2024-05-27,NEG,not ironic,
22933999,41621,41621,1795145448023523680,2024-05-27,NEU,not ironic,
22934000,41622,41622,1795145448023343495,2024-05-27,NEG,ironic,
22934001,41623,41623,1795145447834603674,2024-05-27,NEG,ironic,
22934002,41624,41624,1795145447725523053,2024-05-27,NEU,not ironic,
22934003,41625,41625,1795145447142555940,2024-05-27,NEG,ironic,
22934004,41626,41626,1795145446534398328,2024-05-27,NEG,not ironic,
22934005,41627,41627,1795145445305389060,2024-05-27,NEG,not ironic,
22934006,41628,41628,1795145444206551543,2024-05-27,NEU,not ironic,
22934007,41629,41629,1795145443896123661,2024-05-27,NEU,not ironic,
22934008,41630,41630,1795145443799859287,2024-05-27,NEU,not ironic,
22934009,41631,41631,1795145443740963124,2024-05-27,NEU,not ironic,
22934010,41632,41632,1795145443644485920,2024-05-27,NEU,not ironic,
22934011,41633,41633,1795145442759500130,2024-05-27,NEG,ironic,
22934012,41634,41634,1795145442608435695,2024-05-27,NEU,not ironic,
22934013,41635,41635,1795145442264539370,2024-05-27,NEG,not ironic,
22934014,41636,41636,1795145441920586102,2024-05-27,NEU,ironic,
22934015,41637,41637,1795145441866023060,2024-05-27,NEU,ironic,
22934016,41638,41638,1795145441807335751,2024-05-27,NEU,not ironic,
22934017,41639,41639,1795145441773756789,2024-05-27,NEG,not ironic,
22934018,41640,41640,1795145441585054064,2024-05-27,NEU,not ironic,
22934019,41641,41641,1795145441228574930,2024-05-27,POS,not ironic,
22934020,41642,41642,1795145441106944065,2024-05-27,NEG,not ironic,
22934021,41643,41643,1795145440830046622,2024-05-27,NEG,ironic,
22934022,41644,41644,1795145438644814192,2024-05-27,NEG,ironic,
22934023,41645,41645,1795145438615535900,2024-05-27,NEG,not ironic,
22934024,41646,41646,1795145437218816168,2024-05-27,NEG,ironic,
22934025,41647,41647,1795145434521915674,2024-05-27,NEG,ironic,
22934026,41648,41648,1795145434060493270,2024-05-27,NEG,ironic,
22934027,41649,41649,1795145429769662910,2024-05-27,NEU,not ironic,
22934028,41650,41650,1795145428570083735,2024-05-27,NEU,not ironic,
22934029,41651,41651,1795145425990664470,2024-05-27,NEG,not ironic,
22934030,41652,41652,1795145425155940672,2024-05-27,NEU,not ironic,
22934031,41653,41653,1795145424887538006,2024-05-27,NEG,not ironic,
22934032,41654,41654,1795145422488433090,2024-05-27,NEG,not ironic,
22934033,41655,41655,1795145422240965095,2024-05-27,NEG,not ironic,
22934034,41656,41656,1795145421737587192,2024-05-27,NEG,not ironic,
22934035,41657,41657,1795145418776416256,2024-05-27,NEG,not ironic,
22934036,41658,41658,1795145417828573324,2024-05-27,NEU,not ironic,
22934037,41659,41659,1795145417115439234,2024-05-27,NEG,not ironic,
22934038,41660,41660,1795145416285053413,2024-05-27,NEG,not ironic,
22934039,41661,41661,1795145415752392996,2024-05-27,NEG,not ironic,
22934040,41662,41662,1795145415240655065,2024-05-27,POS,not ironic,
22934041,41663,41663,1795145409976762469,2024-05-27,NEU,ironic,
22934042,41664,41664,1795145409813151806,2024-05-27,NEG,not ironic,
22934043,41665,41665,1795145409444151624,2024-05-27,NEU,ironic,
22934044,41666,41666,1795145408466792671,2024-05-27,NEG,ironic,
22934045,41667,41667,1795145407502094792,2024-05-27,NEU,not ironic,
22934046,41668,41668,1795145407468585175,2024-05-27,NEG,not ironic,
22934047,41669,41669,1795145405430165687,2024-05-27,NEG,not ironic,
22934048,41670,41670,1795145404964647024,2024-05-27,NEG,not ironic,
22934049,41671,41671,1795145404750741988,2024-05-27,NEG,ironic,
22934050,41672,41672,1795145403530186776,2024-05-27,NEG,not ironic,
22934051,41673,41673,1795145403379163227,2024-05-27,NEU,not ironic,
22934052,41674,41674,1795145401625960834,2024-05-27,NEG,not ironic,
22934053,41675,41675,1795145401546264621,2024-05-27,NEG,not ironic,
22934054,41676,41676,1795145401470701783,2024-05-27,NEG,ironic,
22934055,41677,41677,1795145401248452658,2024-05-27,NEG,not ironic,
22934056,41678,41678,1795145400938057986,2024-05-27,NEU,ironic,
22934057,41679,41679,1795145399369363847,2024-05-27,NEU,not ironic,
22934058,41680,41680,1795145396899008875,2024-05-27,POS,not ironic,
22934059,41681,41681,1795145396399878405,2024-05-27,NEG,ironic,
22934060,41682,41682,1795145396211126448,2024-05-27,NEU,not ironic,
22934061,41683,41683,1795145395825266965,2024-05-27,NEU,not ironic,
22934062,41684,41684,1795145394894090708,2024-05-27,NEG,not ironic,
22934063,41685,41685,1795145394248089800,2024-05-27,NEU,ironic,
22934064,41686,41686,1795145393409282403,2024-05-27,NEU,ironic,
22934065,41687,41687,1795145391719022954,2024-05-27,NEG,not ironic,
22934066,41688,41688,1795145391102468389,2024-05-27,NEU,not ironic,
22934067,41689,41689,1795145389726699925,2024-05-27,NEG,not ironic,
22934068,41690,41690,1795145388137037944,2024-05-27,NEU,ironic,
22934069,41691,41691,1795145387604373798,2024-05-27,NEG,not ironic,
22934070,41692,41692,1795145387117801953,2024-05-27,NEG,ironic,
22934071,41693,41693,1795145385662357733,2024-05-27,NEG,ironic,
22934072,41694,41694,1795145384815214770,2024-05-27,NEG,not ironic,
22934073,41695,41695,1795145384689365458,2024-05-27,NEG,ironic,
22934074,41696,41696,1795145384009879888,2024-05-27,NEU,not ironic,
22934075,41697,41697,1795145383602954330,2024-05-27,NEG,not ironic,
22934076,41698,41698,1795145382822826220,2024-05-27,NEG,ironic,
22934077,41699,41699,1795145381904298190,2024-05-27,NEU,not ironic,
22934078,41700,41700,1795145381224796309,2024-05-27,NEG,ironic,
22934079,41701,41701,1795145380834820450,2024-05-27,NEG,not ironic,
22934080,41702,41702,1795145378586595569,2024-05-27,NEG,ironic,
22934081,41703,41703,1795145378125242838,2024-05-27,NEU,not ironic,
22934082,41704,41704,1795145376430723505,2024-05-27,NEU,ironic,
22934083,41705,41705,1795145376346828896,2024-05-27,NEG,not ironic,
22934084,41706,41706,1795145376053305524,2024-05-27,NEU,not ironic,
22934085,41707,41707,1795145375512142006,2024-05-27,NEG,not ironic,
22934086,41708,41708,1795145375394705639,2024-05-27,NEU,not ironic,
22934087,41709,41709,1795145375310885135,2024-05-27,NEU,not ironic,
22934088,41710,41710,1795145374451093617,2024-05-27,NEU,not ironic,
22934089,41711,41711,1795145374077739094,2024-05-27,NEU,not ironic,
22934090,41712,41712,1795145373566083335,2024-05-27,NEG,ironic,
22934091,41713,41713,1795145372454527038,2024-05-27,NEG,ironic,
22934092,41714,41714,1795145372064514505,2024-05-27,NEG,not ironic,
22934093,41715,41715,1795145370068037710,2024-05-27,NEU,not ironic,
22934094,41716,41716,1795145369120072097,2024-05-27,NEG,ironic,
22934095,41717,41717,1795145368897773984,2024-05-27,NEG,not ironic,
22934096,41718,41718,1795145368063152542,2024-05-27,NEG,not ironic,
22934097,41719,41719,1795145368000139480,2024-05-27,NEU,ironic,
22934098,41720,41720,1795145367681429767,2024-05-27,NEG,ironic,
22934099,41721,41721,1795145366674747594,2024-05-27,NEU,ironic,
22934100,41722,41722,1795145364594622719,2024-05-27,NEU,not ironic,
22934101,41723,41723,1795145360475643971,2024-05-27,NEG,not ironic,
22934102,41724,41724,1795145360207183916,2024-05-27,NEU,not ironic,
22934103,41725,41725,1795145360068780074,2024-05-27,NEG,not ironic,
22934104,41726,41726,1795145359691219196,2024-05-27,NEG,not ironic,
22934105,41727,41727,1795145359250883037,2024-05-27,NEG,ironic,
22934106,41728,41728,1795145358885941587,2024-05-27,NEG,not ironic,
22934107,41729,41729,1795145358290366535,2024-05-27,NEG,not ironic,
22934108,41730,41730,1795145355257884760,2024-05-27,NEU,not ironic,
22934109,41731,41731,1795145354683326521,2024-05-27,NEG,ironic,
22934110,41732,41732,1795145353504694529,2024-05-27,NEU,not ironic,
22934111,41733,41733,1795145353181761976,2024-05-27,NEG,not ironic,
22934112,41734,41734,1795145351713763820,2024-05-27,NEG,ironic,
22934113,41735,41735,1795145350971310225,2024-05-27,NEU,not ironic,
22934114,41736,41736,1795145350610661517,2024-05-27,POS,not ironic,
22934115,41737,41737,1795145350489014640,2024-05-27,NEG,not ironic,
22934116,41738,41738,1795145350342168680,2024-05-27,NEU,not ironic,
22934117,41739,41739,1795145350296019116,2024-05-27,NEU,not ironic,
22934118,41740,41740,1795145349037723979,2024-05-27,NEG,not ironic,
22934119,41741,41741,1795145348999983161,2024-05-27,NEU,ironic,
22934120,41742,41742,1795145348895133731,2024-05-27,NEG,ironic,
22934121,41743,41743,1795145348182155287,2024-05-27,NEU,ironic,
22934122,41744,41744,1795145348131754491,2024-05-27,NEG,not ironic,
22934123,41745,41745,1795145347125117374,2024-05-27,NEG,ironic,
22934124,41746,41746,1795145344545640812,2024-05-27,NEU,not ironic,
22934125,41747,41747,1795145344512135278,2024-05-27,NEG,not ironic,
22934126,41748,41748,1795145342805037332,2024-05-27,POS,not ironic,
22934127,41749,41749,1795145341974598107,2024-05-27,NEG,not ironic,
22934128,41750,41750,1795145341836185899,2024-05-27,NEU,not ironic,
22934129,41751,41751,1795145341693546562,2024-05-27,NEG,not ironic,
22934130,41752,41752,1795145340653277357,2024-05-27,NEU,not ironic,
22934131,41753,41753,1795145339223126379,2024-05-27,NEU,not ironic,
22934132,41754,41754,1795145338715582859,2024-05-27,NEG,not ironic,
22934133,41755,41755,1795145338489049310,2024-05-27,NEU,not ironic,
22934134,41756,41756,1795145337671176406,2024-05-27,NEG,ironic,
22934135,41757,41757,1795145336651985311,2024-05-27,NEG,ironic,
22934136,41758,41758,1795145335817249088,2024-05-27,NEG,not ironic,
22934137,41759,41759,1795145334802247761,2024-05-27,POS,not ironic,
22934138,41760,41760,1795145333820866877,2024-05-27,NEG,not ironic,
22934139,41761,41761,1795145333468467356,2024-05-27,NEG,not ironic,
22934140,41762,41762,1795145333103570970,2024-05-27,NEG,not ironic,
22934141,41763,41763,1795145332948361718,2024-05-27,NEG,ironic,
22934142,41764,41764,1795145332449222930,2024-05-27,NEU,not ironic,
22934143,41765,41765,1795145331811790954,2024-05-27,NEU,not ironic,
22934144,41766,41766,1795145331597783358,2024-05-27,NEG,ironic,
22934145,41767,41767,1795145328745660874,2024-05-27,NEU,not ironic,
22934146,41768,41768,1795145328645058595,2024-05-27,NEG,not ironic,
22934147,41769,41769,1795145328376627622,2024-05-27,POS,not ironic,
22934148,41770,41770,1795145327701295394,2024-05-27,NEG,not ironic,
22934149,41771,41771,1795145327197974767,2024-05-27,NEG,ironic,
22934150,41772,41772,1795145325692301453,2024-05-27,NEU,not ironic,
22934151,41773,41773,1795145325209903403,2024-05-27,NEU,not ironic,
22934152,41774,41774,1795145324807229673,2024-05-27,POS,ironic,
22934153,41775,41775,1795145322986967528,2024-05-27,NEG,not ironic,
22934154,41776,41776,1795145321879593252,2024-05-27,NEG,not ironic,
22934155,41777,41777,1795145321674113298,2024-05-27,NEU,not ironic,
22934156,41778,41778,1795145321611247841,2024-05-27,NEG,ironic,
22934157,41779,41779,1795145320625484124,2024-05-27,NEU,not ironic,
22934158,41780,41780,1795145320457707982,2024-05-27,NEU,ironic,
22934159,41781,41781,1795145319748940211,2024-05-27,NEU,ironic,
22934160,41782,41782,1795145319493009511,2024-05-27,NEG,not ironic,
22934161,41783,41783,1795145319086186721,2024-05-27,NEG,not ironic,
22934162,41784,41784,1795145316749947086,2024-05-27,NEU,not ironic,
22934163,41785,41785,1795145316728975397,2024-05-27,NEG,not ironic,
22934164,41786,41786,1795145316569657646,2024-05-27,POS,not ironic,
22934165,41787,41787,1795145316318011559,2024-05-27,NEG,not ironic,
22934166,41788,41788,1795145316229935575,2024-05-27,NEG,not ironic,
22934167,41789,41789,1795145315399458950,2024-05-27,NEU,not ironic,
22934168,41790,41790,1795145314699031030,2024-05-27,NEU,not ironic,
22934169,41791,41791,1795145313734291733,2024-05-27,NEG,not ironic,
22934170,41792,41792,1795145312979288337,2024-05-27,NEG,not ironic,
22934171,41793,41793,1795145312580825539,2024-05-27,NEU,ironic,
22934172,41794,41794,1795145312207765795,2024-05-27,NEU,not ironic,
22934173,41795,41795,1795145310546567228,2024-05-27,NEG,ironic,
22934174,41796,41796,1795145310475301272,2024-05-27,NEG,not ironic,
22934175,41797,41797,1795145309917422044,2024-05-27,NEG,not ironic,
22934176,41798,41798,1795145309913317534,2024-05-27,NEG,not ironic,
22934177,41799,41799,1795145309502296204,2024-05-27,NEG,ironic,
22934178,41800,41800,1795145309187702816,2024-05-27,POS,not ironic,
22934179,41801,41801,1795145308776616227,2024-05-27,NEG,not ironic,
22934180,41802,41802,1795145307388264484,2024-05-27,NEG,not ironic,
22934181,41803,41803,1795145306822090946,2024-05-27,NEG,ironic,
22934182,41804,41804,1795145306146812070,2024-05-27,NEG,not ironic,
22934183,41805,41805,1795145305731588485,2024-05-27,NEG,ironic,
22934184,41806,41806,1795145304800428096,2024-05-27,POS,ironic,
22934185,41807,41807,1795145304045449223,2024-05-27,NEU,not ironic,
22934186,41808,41808,1795145304028668112,2024-05-27,NEU,ironic,
22934187,41809,41809,1795145303252734426,2024-05-27,NEG,not ironic,
22934188,41810,41810,1795145302615216180,2024-05-27,NEU,not ironic,
22934189,41811,41811,1795145301105184981,2024-05-27,NEG,not ironic,
22934190,41812,41812,1795145300555845663,2024-05-27,NEG,not ironic,
22934191,41813,41813,1795145300199317929,2024-05-27,NEG,not ironic,
22934192,41814,41814,1795145297120698862,2024-05-27,NEG,not ironic,
22934193,41815,41815,1795145297045131707,2024-05-27,NEU,not ironic,
22934194,41816,41816,1795145295744864564,2024-05-27,NEG,ironic,
22934195,41817,41817,1795145292783681547,2024-05-27,NEG,not ironic,
22934196,41818,41818,1795145292544610612,2024-05-27,NEU,not ironic,
22934197,41819,41819,1795145291261247559,2024-05-27,POS,ironic,
22934198,41820,41820,1795145290984427563,2024-05-27,POS,ironic,
22934199,41821,41821,1795145290372055427,2024-05-27,NEU,ironic,
22934200,41822,41822,1795145288920789025,2024-05-27,POS,not ironic,
22934201,41823,41823,1795145288790786149,2024-05-27,POS,ironic,
22934202,41824,41824,1795145288505553066,2024-05-27,NEG,not ironic,
22934203,41825,41825,1795145288065147187,2024-05-27,NEG,not ironic,
22934204,41826,41826,1795145287599616176,2024-05-27,NEG,not ironic,
22934205,41827,41827,1795145287477911914,2024-05-27,NEG,not ironic,
22934206,41828,41828,1795145287222096194,2024-05-27,NEU,ironic,
22934207,41829,41829,1795145286538424741,2024-05-27,NEG,ironic,
22934208,41830,41830,1795145285494014057,2024-05-27,NEU,not ironic,
22934209,41831,41831,1795145285355594035,2024-05-27,NEG,ironic,
22934210,41832,41832,1795145284030181677,2024-05-27,NEG,not ironic,
22934211,41833,41833,1795145283967320328,2024-05-27,NEG,not ironic,
22934212,41834,41834,1795145283728195629,2024-05-27,NEU,ironic,
22934213,41835,41835,1795145283640115251,2024-05-27,NEU,not ironic,
22934214,41836,41836,1795145282746823022,2024-05-27,NEG,ironic,
22934215,41837,41837,1795145282646168023,2024-05-27,NEG,ironic,
22934216,41838,41838,1795145280221794382,2024-05-27,NEG,not ironic,
22934217,41839,41839,1795145278267207843,2024-05-27,NEG,not ironic,
22934218,41840,41840,1795145277529059579,2024-05-27,NEG,not ironic,
22934219,41841,41841,1795145276266586231,2024-05-27,NEU,not ironic,
22934220,41842,41842,1795145274827968693,2024-05-27,NEG,not ironic,
22934221,41843,41843,1795145273859092909,2024-05-27,NEU,not ironic,
22934222,41844,41844,1795145272030314531,2024-05-27,NEG,not ironic,
22934223,41845,41845,1795145270919036942,2024-05-27,NEG,not ironic,
22934224,41846,41846,1795145268536480238,2024-05-27,NEG,not ironic,
22934225,41847,41847,1795145268410597759,2024-05-27,NEG,not ironic,
22934226,41848,41848,1795145268339323211,2024-05-27,NEU,ironic,
22934227,41849,41849,1795145267026575786,2024-05-27,NEG,ironic,
22934228,41850,41850,1795145266644856929,2024-05-27,NEU,ironic,
22934229,41851,41851,1795145266196074801,2024-05-27,NEG,ironic,
22934230,41852,41852,1795145264337957161,2024-05-27,NEG,not ironic,
22934231,41853,41853,1795145262152729009,2024-05-27,NEG,not ironic,
22934232,41854,41854,1795145262144376997,2024-05-27,NEG,ironic,
22934233,41855,41855,1795145260835733961,2024-05-27,NEG,not ironic,
22934234,41856,41856,1795145260114284765,2024-05-27,NEU,not ironic,
22934235,41857,41857,1795145258231087104,2024-05-27,NEU,not ironic,
22934236,41858,41858,1795145257929130079,2024-05-27,NEG,ironic,
22934237,41859,41859,1795145257652219939,2024-05-27,NEU,not ironic,
22934238,41860,41860,1795145256729534672,2024-05-27,NEU,not ironic,
22934239,41861,41861,1795145256364540035,2024-05-27,POS,ironic,
22934240,41862,41862,1795145255643177311,2024-05-27,NEG,ironic,
22934241,41863,41863,1795145254124900622,2024-05-27,NEG,ironic,
22934242,41864,41864,1795145253495750715,2024-05-27,POS,not ironic,
22934243,41865,41865,1795145253202137546,2024-05-27,NEU,not ironic,
22934244,41866,41866,1795145252925280282,2024-05-27,NEG,ironic,
22934245,41867,41867,1795145251708944503,2024-05-27,NEU,not ironic,
22934246,41868,41868,1795145251599863996,2024-05-27,NEG,not ironic,
22934247,41869,41869,1795145250240950314,2024-05-27,NEU,not ironic,
22934248,41870,41870,1795145249678836009,2024-05-27,NEU,ironic,
22934249,41871,41871,1795145249582428542,2024-05-27,NEU,not ironic,
22934250,41872,41872,1795145248181481964,2024-05-27,NEG,not ironic,
22934251,41873,41873,1795145248055640258,2024-05-27,NEU,not ironic,
22934252,41874,41874,1795145246742839314,2024-05-27,NEU,not ironic,
22934253,41875,41875,1795145245560074350,2024-05-27,NEG,ironic,
22934254,41876,41876,1795145244956058065,2024-05-27,NEG,not ironic,
22934255,41877,41877,1795145244448612460,2024-05-27,NEU,ironic,
22934256,41878,41878,1795145244196954374,2024-05-27,NEG,ironic,
22934257,41879,41879,1795145243202900358,2024-05-27,NEU,ironic,
22934258,41880,41880,1795145242775027747,2024-05-27,NEG,ironic,
22934259,41881,41881,1795145242233950472,2024-05-27,NEG,ironic,
22934260,41882,41882,1795145241697095690,2024-05-27,NEG,ironic,
22934261,41883,41883,1795145240933704181,2024-05-27,NEU,ironic,
22934262,41884,41884,1795145240443052206,2024-05-27,NEG,ironic,
22934263,41885,41885,1795145238555635846,2024-05-27,NEU,not ironic,
22934264,41886,41886,1795145236370383035,2024-05-27,NEU,not ironic,
22934265,41887,41887,1795145236005503094,2024-05-27,NEG,not ironic,
22934266,41888,41888,1795145234881327432,2024-05-27,NEG,ironic,
22934267,41889,41889,1795145233212039224,2024-05-27,NEG,not ironic,
22934268,41890,41890,1795145232020885601,2024-05-27,NEG,not ironic,
22934269,41891,41891,1795145230070550921,2024-05-27,POS,not ironic,
22934270,41892,41892,1795145228304732263,2024-05-27,NEG,not ironic,
22934271,41893,41893,1795145228124369371,2024-05-27,NEG,not ironic,
22934272,41894,41894,1795145227151282636,2024-05-27,NEG,not ironic,
22934273,41895,41895,1795145225528033368,2024-05-27,NEG,not ironic,
22934274,41896,41896,1795145224408244321,2024-05-27,NEG,not ironic,
22934275,41897,41897,1795145223116362234,2024-05-27,NEG,ironic,
22934276,41898,41898,1795145222621368645,2024-05-27,POS,ironic,
22934277,41899,41899,1795145221509898627,2024-05-27,POS,not ironic,
22934278,41900,41900,1795145220373299542,2024-05-27,NEU,not ironic,
22934279,41901,41901,1795145218917822529,2024-05-27,NEU,not ironic,
22934280,41902,41902,1795145218162856266,2024-05-27,NEG,not ironic,
22934281,41903,41903,1795145217722470563,2024-05-27,NEG,not ironic,
22934282,41904,41904,1795145217655332920,2024-05-27,POS,ironic,
22934283,41905,41905,1795145216988455147,2024-05-27,NEU,not ironic,
22934284,41906,41906,1795145215499497832,2024-05-27,POS,not ironic,
22934285,41907,41907,1795145215382036890,2024-05-27,NEU,not ironic,
22934286,41908,41908,1795145214950080794,2024-05-27,NEU,not ironic,
22934287,41909,41909,1795145214811574461,2024-05-27,POS,ironic,
22934288,41910,41910,1795145214362853782,2024-05-27,NEG,ironic,
22934289,41911,41911,1795145214002086161,2024-05-27,NEU,ironic,
22934290,41912,41912,1795145213574295711,2024-05-27,NEG,not ironic,
22934291,41913,41913,1795145212391559403,2024-05-27,NEG,ironic,
22934292,41914,41914,1795145211460350252,2024-05-27,NEU,ironic,
22934293,41915,41915,1795145208994083242,2024-05-27,NEG,ironic,
22934294,41916,41916,1795145207379345470,2024-05-27,NEG,not ironic,
22934295,41917,41917,1795145207283057036,2024-05-27,NEU,not ironic,
22934296,41918,41918,1795145207060533301,2024-05-27,NEU,not ironic,
22934297,41919,41919,1795145207039525326,2024-05-27,NEU,ironic,
22934298,41920,41920,1795145205097570363,2024-05-27,NEU,not ironic,
22934299,41921,41921,1795145204871147791,2024-05-27,NEG,ironic,
22934300,41922,41922,1795145204518826360,2024-05-27,NEU,not ironic,
22934301,41923,41923,1795145203323441267,2024-05-27,NEG,not ironic,
22934302,41924,41924,1795145203071766813,2024-05-27,NEG,not ironic,
22934303,41925,41925,1795145201154949201,2024-05-27,NEG,not ironic,
22934304,41926,41926,1795145200379056468,2024-05-27,NEG,ironic,
22934305,41927,41927,1795145199389188378,2024-05-27,NEU,not ironic,
22934306,41928,41928,1795145198558687468,2024-05-27,NEU,not ironic,
22934307,41929,41929,1795145198327955543,2024-05-27,NEG,not ironic,
22934308,41930,41930,1795145197770154066,2024-05-27,NEU,ironic,
22934309,41931,41931,1795145197703123012,2024-05-27,NEU,not ironic,
22934310,41932,41932,1795145197229080996,2024-05-27,NEU,not ironic,
22934311,41933,41933,1795145195870175596,2024-05-27,NEU,not ironic,
22934312,41934,41934,1795145194687414732,2024-05-27,NEG,ironic,
22934313,41935,41935,1795145194649587899,2024-05-27,NEG,ironic,
22934314,41936,41936,1795145194184101953,2024-05-27,NEG,ironic,
22934315,41937,41937,1795145193269629112,2024-05-27,NEG,not ironic,
22934316,41938,41938,1795145192887967823,2024-05-27,NEG,not ironic,
22934317,41939,41939,1795145192250425409,2024-05-27,NEU,not ironic,
22934318,41940,41940,1795145191889744105,2024-05-27,NEG,ironic,
22934319,41941,41941,1795145191608746173,2024-05-27,NEG,not ironic,
22934320,41942,41942,1795145191365472377,2024-05-27,NEU,ironic,
22934321,41943,41943,1795145190195314981,2024-05-27,POS,ironic,
22934322,41944,41944,1795145190002344367,2024-05-27,NEG,ironic,
22934323,41945,41945,1795145188395860006,2024-05-27,NEU,not ironic,
22934324,41946,41946,1795145187695513770,2024-05-27,NEG,not ironic,
22934325,41947,41947,1795145187099803829,2024-05-27,NEG,not ironic,
22934326,41948,41948,1795145186722378226,2024-05-27,NEU,not ironic,
22934327,41949,41949,1795145186651017623,2024-05-27,NEG,not ironic,
22934328,41950,41950,1795145183325032664,2024-05-27,NEG,ironic,
22934329,41951,41951,1795145183102656584,2024-05-27,NEG,ironic,
22934330,41952,41952,1795145182725173418,2024-05-27,NEG,ironic,
22934331,41953,41953,1795145182700036541,2024-05-27,POS,ironic,
22934332,41954,41954,1795145180997132602,2024-05-27,NEU,not ironic,
22934333,41955,41955,1795145176987373995,2024-05-27,NEG,ironic,
22934334,41956,41956,1795145176551198794,2024-05-27,NEU,not ironic,
22934335,41957,41957,1795145176236581140,2024-05-27,NEU,ironic,
22934336,41958,41958,1795145175758406084,2024-05-27,NEU,ironic,
22934337,41959,41959,1795145175733276738,2024-05-27,NEG,ironic,
22934338,41960,41960,1795145175104098702,2024-05-27,POS,not ironic,
22934339,41961,41961,1795145174718239228,2024-05-27,NEG,ironic,
22934340,41962,41962,1795145173925528053,2024-05-27,NEU,not ironic,
22934341,41963,41963,1795145173241856221,2024-05-27,NEU,ironic,
22934342,41964,41964,1795145172977844362,2024-05-27,NEU,not ironic,
22934343,41965,41965,1795145172231098506,2024-05-27,NEU,not ironic,
22934344,41966,41966,1795145171555733595,2024-05-27,NEU,not ironic,
22934345,41967,41967,1795145171467657359,2024-05-27,NEG,not ironic,
22934346,41968,41968,1795145170716959081,2024-05-27,NEU,ironic,
22934347,41969,41969,1795145170586870102,2024-05-27,POS,not ironic,
22934348,41970,41970,1795145170536616069,2024-05-27,NEU,not ironic,
22934349,41971,41971,1795145165843186052,2024-05-27,NEU,not ironic,
22934350,41972,41972,1795145165729845622,2024-05-27,NEG,ironic,
22934351,41973,41973,1795145165306241521,2024-05-27,NEG,not ironic,
22934352,41974,41974,1795145165297914045,2024-05-27,POS,not ironic,
22934353,41975,41975,1795145165188772082,2024-05-27,NEU,not ironic,
22934354,41976,41976,1795145162789658737,2024-05-27,NEU,not ironic,
22934355,41977,41977,1795145162017984556,2024-05-27,NEG,ironic,
22934356,41978,41978,1795145160025669991,2024-05-27,NEU,not ironic,
22934357,41979,41979,1795145159316828596,2024-05-27,NEU,not ironic,
22934358,41980,41980,1795145157823578198,2024-05-27,NEG,ironic,
22934359,41981,41981,1795145157500690848,2024-05-27,NEG,not ironic,
22934360,41982,41982,1795145156976415013,2024-05-27,NEG,not ironic,
22934361,41983,41983,1795145155260899743,2024-05-27,NEU,not ironic,
22934362,41984,41984,1795145154484961519,2024-05-27,NEG,not ironic,
22934363,41985,41985,1795145152844968306,2024-05-27,POS,not ironic,
22934364,41986,41986,1795145152836567088,2024-05-27,NEG,not ironic,
22934365,41987,41987,1795145152287097246,2024-05-27,NEG,not ironic,
22934366,41988,41988,1795145150521356583,2024-05-27,NEU,not ironic,
22934367,41989,41989,1795145149355319644,2024-05-27,NEG,not ironic,
22934368,41990,41990,1795145148239585322,2024-05-27,POS,ironic,
22934369,41991,41991,1795145147845353606,2024-05-27,NEU,not ironic,
22934370,41992,41992,1795145146306068923,2024-05-27,NEU,not ironic,
22934371,41993,41993,1795145145563619537,2024-05-27,NEU,ironic,
22934372,41994,41994,1795145144871592395,2024-05-27,NEU,not ironic,
22934373,41995,41995,1795145144590544963,2024-05-27,NEG,ironic,
22934374,41996,41996,1795145144448016515,2024-05-27,POS,not ironic,
22934375,41997,41997,1795145143986602152,2024-05-27,POS,ironic,
22934376,41998,41998,1795145143021965749,2024-05-27,NEG,not ironic,
22934377,41999,41999,1795145142141092190,2024-05-27,NEG,not ironic,
22934378,42000,42000,1795145142115938525,2024-05-27,NEG,not ironic,
22934379,42001,42001,1795145141914616163,2024-05-27,NEG,ironic,
22934380,42002,42002,1795145141574943149,2024-05-27,NEG,not ironic,
22934381,42003,42003,1795145141436420231,2024-05-27,NEU,ironic,
22934382,42004,42004,1795145141369414024,2024-05-27,POS,not ironic,
22934383,42005,42005,1795145140513714530,2024-05-27,NEG,not ironic,
22934384,42006,42006,1795145137053389208,2024-05-27,NEU,ironic,
22934385,42007,42007,1795145136038424654,2024-05-27,NEG,not ironic,
22934386,42008,42008,1795145135547683290,2024-05-27,NEU,ironic,
22934387,42009,42009,1795145134775898558,2024-05-27,NEG,ironic,
22934388,42010,42010,1795145134738186649,2024-05-27,NEU,ironic,
22934389,42011,42011,1795145134717194366,2024-05-27,NEG,not ironic,
22934390,42012,42012,1795145134570344789,2024-05-27,NEU,not ironic,
22934391,42013,42013,1795145133593165848,2024-05-27,NEU,not ironic,
22934392,42014,42014,1795145133098238184,2024-05-27,NEG,ironic,
22934393,42015,42015,1795145133064663339,2024-05-27,NEU,not ironic,
22934394,42016,42016,1795145133056213249,2024-05-27,NEG,ironic,
22934395,42017,42017,1795145132213141807,2024-05-27,NEG,ironic,
22934396,42018,42018,1795145131785351311,2024-05-27,NEU,not ironic,
22934397,42019,42019,1795145130996867235,2024-05-27,NEU,not ironic,
22934398,42020,42020,1795145130875248977,2024-05-27,NEG,ironic,
22934399,42021,42021,1795145129545576690,2024-05-27,POS,ironic,
22934400,42022,42022,1795145129176519148,2024-05-27,NEG,not ironic,
22934401,42023,42023,1795145128983597153,2024-05-27,NEG,not ironic,
22934402,42024,42024,1795145128962658377,2024-05-27,NEG,not ironic,
22934403,42025,42025,1795145128547365085,2024-05-27,NEU,not ironic,
22934404,42026,42026,1795145128236998754,2024-05-27,NEG,not ironic,
22934405,42027,42027,1795145128006263204,2024-05-27,NEU,not ironic,
22934406,42028,42028,1795145126781567329,2024-05-27,NEU,not ironic,
22934407,42029,42029,1795145126768968053,2024-05-27,NEU,ironic,
22934408,42030,42030,1795145124155986189,2024-05-27,NEU,not ironic,
22934409,42031,42031,1795145124046901378,2024-05-27,POS,not ironic,
22934410,42032,42032,1795145121282892011,2024-05-27,NEG,not ironic,
22934411,42033,42033,1795145120435618146,2024-05-27,NEG,not ironic,
22934412,42034,42034,1795145119525474583,2024-05-27,NEU,ironic,
22934413,42035,42035,1795145119231861073,2024-05-27,NEU,not ironic,
22934414,42036,42036,1795145118304850433,2024-05-27,NEU,not ironic,
22934415,42037,42037,1795145117805769108,2024-05-27,NEU,not ironic,
22934416,42038,42038,1795145117663154519,2024-05-27,POS,not ironic,
22934417,42039,42039,1795145115985437060,2024-05-27,NEU,not ironic,
22934418,42040,42040,1795145114601271791,2024-05-27,NEG,not ironic,
22934419,42041,42041,1795145113120780609,2024-05-27,NEU,not ironic,
22934420,42042,42042,1795145112344842545,2024-05-27,NEG,ironic,
22934421,42043,42043,1795145110792868060,2024-05-27,POS,ironic,
22934422,42044,42044,1795145110583226859,2024-05-27,NEG,ironic,
22934423,42045,42045,1795145110532825384,2024-05-27,NEU,not ironic,
22934424,42046,42046,1795145110461538362,2024-05-27,NEU,ironic,
22934425,42047,42047,1795145110100844737,2024-05-27,NEG,not ironic,
22934426,42048,42048,1795145110025314771,2024-05-27,NEG,not ironic,
22934427,42049,42049,1795145109878571296,2024-05-27,NEU,not ironic,
22934428,42050,42050,1795145109165498459,2024-05-27,NEG,not ironic,
22934429,42051,42051,1795145108657967216,2024-05-27,NEG,not ironic,
22934430,42052,42052,1795145108599296414,2024-05-27,NEG,ironic,
22934431,42053,42053,1795145106992890294,2024-05-27,NEU,not ironic,
22934432,42054,42054,1795145106099470654,2024-05-27,NEG,not ironic,
22934433,42055,42055,1795145104652468654,2024-05-27,NEU,not ironic,
22934434,42056,42056,1795145104350445607,2024-05-27,NEG,ironic,
22934435,42057,42057,1795145103876514185,2024-05-27,NEU,ironic,
22934436,42058,42058,1795145103557742839,2024-05-27,NEU,not ironic,
22934437,42059,42059,1795145103096369400,2024-05-27,POS,not ironic,
22934438,42060,42060,1795145102794338548,2024-05-27,NEG,not ironic,
22934439,42061,42061,1795145102584676511,2024-05-27,NEG,not ironic,
22934440,42062,42062,1795145101850685569,2024-05-27,NEG,ironic,
22934441,42063,42063,1795145100932108620,2024-05-27,NEG,not ironic,
22934442,42064,42064,1795145098960736728,2024-05-27,NEG,ironic,
22934443,42065,42065,1795145097836654916,2024-05-27,NEG,not ironic,
22934444,42066,42066,1795145097350127826,2024-05-27,NEU,not ironic,
22934445,42067,42067,1795145097224335744,2024-05-27,NEU,not ironic,
22934446,42068,42068,1795145096767119648,2024-05-27,POS,not ironic,
22934447,42069,42069,1795145095424950549,2024-05-27,POS,ironic,
22934448,42070,42070,1795145095294951631,2024-05-27,NEG,not ironic,
22934449,42071,42071,1795145095152333230,2024-05-27,NEU,ironic,
22934450,42072,42072,1795145094892261496,2024-05-27,POS,not ironic,
22934451,42073,42073,1795145094137249962,2024-05-27,NEG,ironic,
22934452,42074,42074,1795145093919174868,2024-05-27,NEU,ironic,
22934453,42075,42075,1795145093436837964,2024-05-27,NEG,ironic,
22934454,42076,42076,1795145093420130368,2024-05-27,NEG,ironic,
22934455,42077,42077,1795145093394903336,2024-05-27,NEG,not ironic,
22934456,42078,42078,1795145092115697774,2024-05-27,NEG,ironic,
22934457,42079,42079,1795145089661948381,2024-05-27,NEG,not ironic,
22934458,42080,42080,1795145089041170727,2024-05-27,NEG,ironic,
22934459,42081,42081,1795145087518646437,2024-05-27,NEG,ironic,
22934460,42082,42082,1795145087388631379,2024-05-27,NEG,ironic,
22934461,42083,42083,1795145086595895503,2024-05-27,NEU,ironic,
22934462,42084,42084,1795145086444990751,2024-05-27,NEU,ironic,
22934463,42085,42085,1795145084813365407,2024-05-27,NEG,ironic,
22934464,42086,42086,1795145084746252408,2024-05-27,NEU,ironic,
22934465,42087,42087,1795145082351296713,2024-05-27,NEG,not ironic,
22934466,42088,42088,1795145081122349208,2024-05-27,NEG,not ironic,
22934467,42089,42089,1795145080812032237,2024-05-27,NEG,ironic,
22934468,42090,42090,1795145080610681044,2024-05-27,NEU,not ironic,
22934469,42091,42091,1795145079973118390,2024-05-27,NEU,ironic,
22934470,42092,42092,1795145079708913718,2024-05-27,NEG,ironic,
22934471,42093,42093,1795145078505083159,2024-05-27,POS,ironic,
22934472,42094,42094,1795145076835795411,2024-05-27,NEU,not ironic,
22934473,42095,42095,1795145074902270253,2024-05-27,NEU,not ironic,
22934474,42096,42096,1795145074059223241,2024-05-27,NEG,not ironic,
22934475,42097,42097,1795145073719459907,2024-05-27,NEU,not ironic,
22934476,42098,42098,1795145072230453441,2024-05-27,NEG,not ironic,
22934477,42099,42099,1795145070951153922,2024-05-27,NEU,not ironic,
22934478,42100,42100,1795145070456230228,2024-05-27,NEG,not ironic,
22934479,42101,42101,1795145068057182518,2024-05-27,NEG,not ironic,
22934480,42102,42102,1795145067843158302,2024-05-27,NEU,not ironic,
22934481,42103,42103,1795145067759317085,2024-05-27,NEG,not ironic,
22934482,42104,42104,1795145067520299303,2024-05-27,POS,ironic,
22934483,42105,42105,1795145066350018913,2024-05-27,NEG,not ironic,
22934484,42106,42106,1795145065288843310,2024-05-27,NEG,not ironic,
22934485,42107,42107,1795145064651309209,2024-05-27,NEG,ironic,
22934486,42108,42108,1795145063200063955,2024-05-27,NEU,ironic,
22934487,42109,42109,1795145062906524069,2024-05-27,NEG,not ironic,
22934488,42110,42110,1795145061405000004,2024-05-27,NEG,not ironic,
22934489,42111,42111,1795145060293427470,2024-05-27,NEG,not ironic,
22934490,42112,42112,1795145060184379558,2024-05-27,NEG,not ironic,
22934491,42113,42113,1795145059836342473,2024-05-27,NEG,ironic,
22934492,42114,42114,1795145058741608457,2024-05-27,POS,not ironic,
22934493,42115,42115,1795145058376704286,2024-05-27,NEG,ironic,
22934494,42116,42116,1795145058129268767,2024-05-27,NEU,not ironic,
22934495,42117,42117,1795145057990815885,2024-05-27,NEG,not ironic,
22934496,42118,42118,1795145056996757708,2024-05-27,NEU,ironic,
22934497,42119,42119,1795145056334094482,2024-05-27,NEG,ironic,
22934498,42120,42120,1795145054815764889,2024-05-27,NEG,ironic,
22934499,42121,42121,1795145054664708138,2024-05-27,NEG,ironic,
22934500,42122,42122,1795145053830008977,2024-05-27,NEG,ironic,
22934501,42123,42123,1795145053205098780,2024-05-27,NEG,ironic,
22934502,42124,42124,1795145052643058133,2024-05-27,NEG,ironic,
22934503,42125,42125,1795145052399800829,2024-05-27,NEU,not ironic,
22934504,42126,42126,1795145050982113611,2024-05-27,NEG,not ironic,
22934505,42127,42127,1795145050793369964,2024-05-27,NEU,not ironic,
22934506,42128,42128,1795145049526743233,2024-05-27,NEU,not ironic,
22934507,42129,42129,1795145049136603196,2024-05-27,POS,not ironic,
22934508,42130,42130,1795145048851419353,2024-05-27,NEG,not ironic,
22934509,42131,42131,1795145048515854384,2024-05-27,NEU,not ironic,
22934510,42132,42132,1795145047697989737,2024-05-27,NEG,not ironic,
22934511,42133,42133,1795145045709918460,2024-05-27,NEU,ironic,
22934512,42134,42134,1795145045697347719,2024-05-27,NEG,ironic,
22934513,42135,42135,1795145044480921818,2024-05-27,NEG,not ironic,
22934514,42136,42136,1795145043667247191,2024-05-27,NEG,not ironic,
22934515,42137,42137,1795145043587608597,2024-05-27,NEG,not ironic,
22934516,42138,42138,1795145043436519437,2024-05-27,NEU,not ironic,
22934517,42139,42139,1795145041502945310,2024-05-27,NEG,ironic,
22934518,42140,42140,1795145041175798183,2024-05-27,NEU,not ironic,
22934519,42141,42141,1795145040735433111,2024-05-27,NEG,not ironic,
22934520,42142,42142,1795145039988789392,2024-05-27,NEG,not ironic,
22934521,42143,42143,1795145039162618137,2024-05-27,NEU,not ironic,
22934522,42144,42144,1795145037287764095,2024-05-27,NEU,not ironic,
22934523,42145,42145,1795145036801184027,2024-05-27,NEU,ironic,
22934524,42146,42146,1795145036109054040,2024-05-27,NEU,not ironic,
22934525,42147,42147,1795145034997629019,2024-05-27,NEU,not ironic,
22934526,42148,42148,1795145034502705527,2024-05-27,NEG,ironic,
22934527,42149,42149,1795145031398965279,2024-05-27,NEG,ironic,
22934528,42150,42150,1795145031390486571,2024-05-27,NEU,not ironic,
22934529,42151,42151,1795145031147454710,2024-05-27,NEU,not ironic,
22934530,42152,42152,1795145031046623422,2024-05-27,NEU,ironic,
22934531,42153,42153,1795145028819435704,2024-05-27,POS,ironic,
22934532,42154,42154,1795145027615699099,2024-05-27,NEG,ironic,
22934533,42155,42155,1795145025891848440,2024-05-27,NEG,ironic,
22934534,42156,42156,1795145024163684858,2024-05-27,NEU,not ironic,
22934535,42157,42157,1795145024042074498,2024-05-27,NEU,not ironic,
22934536,42158,42158,1795145023568179339,2024-05-27,NEG,not ironic,
22934537,42159,42159,1795145023467487582,2024-05-27,NEG,not ironic,
22934538,42160,42160,1795145022058148150,2024-05-27,NEG,not ironic,
22934539,42161,42161,1795145021915578392,2024-05-27,POS,not ironic,
22934540,42162,42162,1795145021873684821,2024-05-27,NEG,not ironic,
22934541,42163,42163,1795145021164806503,2024-05-27,NEG,ironic,
22934542,42164,42164,1795145020472713672,2024-05-27,NEG,not ironic,
22934543,42165,42165,1795145020455965129,2024-05-27,NEU,not ironic,
22934544,42166,42166,1795145020233650559,2024-05-27,NEG,not ironic,
22934545,42167,42167,1795145019126419894,2024-05-27,NEG,not ironic,
22934546,42168,42168,1795145018627223992,2024-05-27,NEU,not ironic,
22934547,42169,42169,1795145017985507774,2024-05-27,NEG,ironic,
22934548,42170,42170,1795145016366727406,2024-05-27,NEU,not ironic,
22934549,42171,42171,1795145015913554256,2024-05-27,NEG,not ironic,
22934550,42172,42172,1795145014181347434,2024-05-27,NEG,ironic,
22934551,42173,42173,1795145013803769919,2024-05-27,NEG,ironic,
22934552,42174,42174,1795145008930050251,2024-05-27,NEU,not ironic,
22934553,42175,42175,1795145008342876418,2024-05-27,NEG,ironic,
22934554,42176,42176,1795145007675981975,2024-05-27,NEU,not ironic,
22934555,42177,42177,1795145005977251872,2024-05-27,NEG,not ironic,
22934556,42178,42178,1795145003687157942,2024-05-27,NEG,not ironic,
22934557,42179,42179,1795145003116695773,2024-05-27,NEG,not ironic,
22934558,42180,42180,1795145002533650513,2024-05-27,NEU,not ironic,
22934559,42181,42181,1795145002235961483,2024-05-27,NEG,ironic,
22934560,42182,42182,1795145001954926830,2024-05-27,NEG,ironic,
22934561,42183,42183,1795145001803862103,2024-05-27,POS,not ironic,
22934562,42184,42184,1795145000558170298,2024-05-27,NEG,not ironic,
22934563,42185,42185,1795144999677395003,2024-05-27,NEU,not ironic,
22934564,42186,42186,1795144998519820293,2024-05-27,NEG,ironic,
22934565,42187,42187,1795144998293291371,2024-05-27,NEU,not ironic,
22934566,42188,42188,1795144997773193337,2024-05-27,NEU,not ironic,
22934567,42189,42189,1795144997731205384,2024-05-27,NEU,not ironic,
22934568,42190,42190,1795144996565189101,2024-05-27,NEG,not ironic,
22934569,42191,42191,1795144996238049646,2024-05-27,NEU,not ironic,
22934570,42192,42192,1795144995520790822,2024-05-27,NEU,not ironic,
22934571,42193,42193,1795144993838866466,2024-05-27,NEU,ironic,
22934572,42194,42194,1795144992509276544,2024-05-27,NEG,not ironic,
22934573,42195,42195,1795144991863431597,2024-05-27,NEG,not ironic,
22934574,42196,42196,1795144991355834671,2024-05-27,NEG,ironic,
22934575,42197,42197,1795144988860309760,2024-05-27,NEG,ironic,
22934576,42198,42198,1795144987685916844,2024-05-27,NEG,ironic,
22934577,42199,42199,1795144987140599865,2024-05-27,NEG,not ironic,
22934578,42200,42200,1795144985886515356,2024-05-27,NEG,ironic,
22934579,42201,42201,1795144985009950971,2024-05-27,NEG,ironic,
22934580,42202,42202,1795144984544285126,2024-05-27,POS,ironic,
22934581,42203,42203,1795144983957184917,2024-05-27,NEU,not ironic,
22934582,42204,42204,1795144982937977030,2024-05-27,NEG,not ironic,
22934583,42205,42205,1795144981113368845,2024-05-27,NEG,ironic,
22934584,42206,42206,1795144980979167675,2024-05-27,NEU,not ironic,
22934585,42207,42207,1795144980576469336,2024-05-27,NEG,not ironic,
22934586,42208,42208,1795144980043829585,2024-05-27,NEG,ironic,
22934587,42209,42209,1795144979532116055,2024-05-27,NEG,not ironic,
22934588,42210,42210,1795144976843595804,2024-05-27,POS,not ironic,
22934589,42211,42211,1795144974968803833,2024-05-27,NEG,not ironic,
22934590,42212,42212,1795144974222127396,2024-05-27,NEG,ironic,
22934591,42213,42213,1795144970812166296,2024-05-27,NEU,not ironic,
22934592,42214,42214,1795144969528783291,2024-05-27,NEG,ironic,
22934593,42215,42215,1795144968392122368,2024-05-27,NEU,not ironic,
22934594,42216,42216,1795144968345899400,2024-05-27,NEU,not ironic,
22934595,42217,42217,1795144968136179905,2024-05-27,NEG,ironic,
22934596,42218,42218,1795144966810808632,2024-05-27,NEG,not ironic,
22934597,42219,42219,1795144966563377633,2024-05-27,NEG,not ironic,
22934598,42220,42220,1795144966219427966,2024-05-27,NEU,ironic,
22934599,42221,42221,1795144966139695302,2024-05-27,NEG,not ironic,
22934600,42222,42222,1795144965586026601,2024-05-27,NEG,ironic,
22934601,42223,42223,1795144965238161682,2024-05-27,NEU,ironic,
22934602,42224,42224,1795144964361306175,2024-05-27,NEG,not ironic,
22934603,42225,42225,1795144963795173559,2024-05-27,NEG,ironic,
22934604,42226,42226,1795144963438547420,2024-05-27,NEG,not ironic,
22934605,42227,42227,1795144963316912493,2024-05-27,POS,not ironic,
22934606,42228,42228,1795144962759102579,2024-05-27,NEG,ironic,
22934607,42229,42229,1795144961819594827,2024-05-27,NEU,not ironic,
22934608,42230,42230,1795144960326455531,2024-05-27,NEG,ironic,
22934609,42231,42231,1795144960271872163,2024-05-27,NEU,not ironic,
22934610,42232,42232,1795144959621742992,2024-05-27,NEU,not ironic,
22934611,42233,42233,1795144959395238277,2024-05-27,NEU,not ironic,
22934612,42234,42234,1795144957994373254,2024-05-27,NEU,ironic,
22934613,42235,42235,1795144957755326586,2024-05-27,POS,ironic,
22934614,42236,42236,1795144957067468942,2024-05-27,NEG,ironic,
22934615,42237,42237,1795144956908126254,2024-05-27,POS,not ironic,
22934616,42238,42238,1795144956664783052,2024-05-27,NEG,not ironic,
22934617,42239,42239,1795144956224421919,2024-05-27,NEU,not ironic,
22934618,42240,42240,1795144955951714432,2024-05-27,NEU,not ironic,
22934619,42241,42241,1795144954626417032,2024-05-27,NEG,ironic,
22934620,42242,42242,1795144953640734929,2024-05-27,NEG,not ironic,
22934621,42243,42243,1795144953510699472,2024-05-27,NEG,ironic,
22934622,42244,42244,1795144953292607801,2024-05-27,NEG,ironic,
22934623,42245,42245,1795144952839544865,2024-05-27,NEG,ironic,
22934624,42246,42246,1795144952470458673,2024-05-27,NEU,not ironic,
22934625,42247,42247,1795144952264917142,2024-05-27,NEG,ironic,
22934626,42248,42248,1795144951199601008,2024-05-27,NEG,ironic,
22934627,42249,42249,1795144951086415924,2024-05-27,POS,not ironic,
22934628,42250,42250,1795144950830543354,2024-05-27,NEU,not ironic,
22934629,42251,42251,1795144948636856791,2024-05-27,NEG,not ironic,
22934630,42252,42252,1795144948632666203,2024-05-27,NEG,not ironic,
22934631,42253,42253,1795144947990991233,2024-05-27,NEG,ironic,
22934632,42254,42254,1795144947445743980,2024-05-27,NEG,ironic,
22934633,42255,42255,1795144947143721454,2024-05-27,NEU,not ironic,
22934634,42256,42256,1795144945541476522,2024-05-27,NEG,ironic,
22934635,42257,42257,1795144944149037325,2024-05-27,NEU,not ironic,
22934636,42258,42258,1795144943284936808,2024-05-27,NEG,not ironic,
22934637,42259,42259,1795144942701994045,2024-05-27,NEU,not ironic,
22934638,42260,42260,1795144941892513805,2024-05-27,NEU,not ironic,
22934639,42261,42261,1795144941510742445,2024-05-27,NEG,not ironic,
22934640,42262,42262,1795144940688646369,2024-05-27,NEU,not ironic,
22934641,42263,42263,1795144940458213575,2024-05-27,NEG,not ironic,
22934642,42264,42264,1795144939296153866,2024-05-27,NEG,not ironic,
22934643,42265,42265,1795144939090718798,2024-05-27,NEG,not ironic,
22934644,42266,42266,1795144938776064381,2024-05-27,NEG,ironic,
22934645,42267,42267,1795144938721509427,2024-05-27,NEG,ironic,
22934646,42268,42268,1795144938704793629,2024-05-27,NEG,ironic,
22934647,42269,42269,1795144938700873775,2024-05-27,NEG,ironic,
22934648,42270,42270,1795144938692411847,2024-05-27,NEG,ironic,
22934649,42271,42271,1795144938662842522,2024-05-27,NEG,not ironic,
22934650,42272,42272,1795144938583359630,2024-05-27,NEG,ironic,
22934651,42273,42273,1795144938566582558,2024-05-27,NEG,ironic,
22934652,42274,42274,1795144938562126068,2024-05-27,NEU,not ironic,
22934653,42275,42275,1795144938306293910,2024-05-27,NEG,not ironic,
22934654,42276,42276,1795144936989298746,2024-05-27,NEU,not ironic,
22934655,42277,42277,1795144935882002491,2024-05-27,NEG,ironic,
22934656,42278,42278,1795144934204346452,2024-05-27,NEU,ironic,
22934657,42279,42279,1795144933671649683,2024-05-27,NEG,not ironic,
22934658,42280,42280,1795144932107166009,2024-05-27,NEG,not ironic,
22934659,42281,42281,1795144930341388713,2024-05-27,NEU,not ironic,
22934660,42282,42282,1795144928848171497,2024-05-27,NEG,not ironic,
22934661,42283,42283,1795144927522808271,2024-05-27,NEG,ironic,
22934662,42284,42284,1795144927157846471,2024-05-27,NEG,ironic,
22934663,42285,42285,1795144926297989147,2024-05-27,NEU,ironic,
22934664,42286,42286,1795144924070810108,2024-05-27,NEG,ironic,
22934665,42287,42287,1795144924049912240,2024-05-27,NEU,not ironic,
22934666,42288,42288,1795144923840184499,2024-05-27,NEG,ironic,
22934667,42289,42289,1795144923659866571,2024-05-27,NEU,not ironic,
22934668,42290,42290,1795144923408204198,2024-05-27,NEG,ironic,
22934669,42291,42291,1795144921457758591,2024-05-27,POS,ironic,
22934670,42292,42292,1795144920186916894,2024-05-27,NEG,not ironic,
22934671,42293,42293,1795144919557755215,2024-05-27,NEU,ironic,
22934672,42294,42294,1795144918974829041,2024-05-27,NEG,ironic,
22934673,42295,42295,1795144917645242838,2024-05-27,NEG,ironic,
22934674,42296,42296,1795144917171204492,2024-05-27,NEG,ironic,
22934675,42297,42297,1795144916936376452,2024-05-27,NEG,not ironic,
22934676,42298,42298,1795144916504301976,2024-05-27,POS,ironic,
22934677,42299,42299,1795144916177232307,2024-05-27,NEG,not ironic,
22934678,42300,42300,1795144911945113893,2024-05-27,NEG,ironic,
22934679,42301,42301,1795144911676743825,2024-05-27,NEG,not ironic,
22934680,42302,42302,1795144908493185348,2024-05-27,NEG,not ironic,
22934681,42303,42303,1795144905464934429,2024-05-27,NEG,not ironic,
22934682,42304,42304,1795144905439821916,2024-05-27,NEG,not ironic,
22934683,42305,42305,1795144903749451908,2024-05-27,NEG,ironic,
22934684,42306,42306,1795144900159139974,2024-05-27,NEG,not ironic,
22934685,42307,42307,1795144899815227553,2024-05-27,NEG,ironic,
22934686,42308,42308,1795144898074599808,2024-05-27,NEU,ironic,
22934687,42309,42309,1795144897789411689,2024-05-27,NEU,not ironic,
22934688,42310,42310,1795144896946282846,2024-05-27,NEU,ironic,
22934689,42311,42311,1795144895713144961,2024-05-27,NEG,not ironic,
22934690,42312,42312,1795144895499252043,2024-05-27,NEG,ironic,
22934691,42313,42313,1795144895134327153,2024-05-27,NEG,not ironic,
22934692,42314,42314,1795144894811361545,2024-05-27,NEG,ironic,
22934693,42315,42315,1795144893267943482,2024-05-27,NEG,not ironic,
22934694,42316,42316,1795144890801680740,2024-05-27,NEU,not ironic,
22934695,42317,42317,1795144890155925913,2024-05-27,NEU,not ironic,
22934696,42318,42318,1795144889929253232,2024-05-27,NEU,not ironic,
22934697,42319,42319,1795144889828589774,2024-05-27,NEG,not ironic,
22934698,42320,42320,1795144888238891261,2024-05-27,NEU,not ironic,
22934699,42321,42321,1795144887903379687,2024-05-27,NEG,ironic,
22934700,42322,42322,1795144887328751835,2024-05-27,NEU,ironic,
22934701,42323,42323,1795144886699614705,2024-05-27,NEG,not ironic,
22934702,42324,42324,1795144886141817305,2024-05-27,NEG,not ironic,
22934703,42325,42325,1795144885491642506,2024-05-27,NEU,not ironic,
22934704,42326,42326,1795144885089063187,2024-05-27,NEG,not ironic,
22934705,42327,42327,1795144884451516864,2024-05-27,NEG,not ironic,
22934706,42328,42328,1795144883860119668,2024-05-27,NEG,ironic,
22934707,42329,42329,1795144883617005736,2024-05-27,NEG,not ironic,
22934708,42330,42330,1795144883000254960,2024-05-27,NEU,not ironic,
22934709,42331,42331,1795144882740146480,2024-05-27,NEG,not ironic,
22934710,42332,42332,1795144881813282853,2024-05-27,POS,not ironic,
22934711,42333,42333,1795144881741914398,2024-05-27,NEG,ironic,
22934712,42334,42334,1795144881414836278,2024-05-27,NEG,ironic,
22934713,42335,42335,1795144880752042217,2024-05-27,NEU,not ironic,
22934714,42336,42336,1795144880462676197,2024-05-27,NEU,ironic,
22934715,42337,42337,1795144879770571252,2024-05-27,NEU,not ironic,
22934716,42338,42338,1795144879065977239,2024-05-27,NEU,ironic,
22934717,42339,42339,1795144878260723839,2024-05-27,NEU,not ironic,
22934718,42340,42340,1795144878126518426,2024-05-27,NEU,ironic,
22934719,42341,42341,1795144875098206705,2024-05-27,NEG,not ironic,
22934720,42342,42342,1795144874338992327,2024-05-27,NEU,not ironic,
22934721,42343,42343,1795144873919610963,2024-05-27,NEG,ironic,
22934722,42344,42344,1795144871797231933,2024-05-27,NEG,not ironic,
22934723,42345,42345,1795144871730106599,2024-05-27,NEU,not ironic,
22934724,42346,42346,1795144871419711581,2024-05-27,NEG,not ironic,
22934725,42347,42347,1795144871277183298,2024-05-27,NEU,not ironic,
22934726,42348,42348,1795144868420817253,2024-05-27,NEG,ironic,
22934727,42349,42349,1795144868081094811,2024-05-27,NEG,ironic,
22934728,42350,42350,1795144867498144191,2024-05-27,NEG,ironic,
22934729,42351,42351,1795144867116433886,2024-05-27,NEU,ironic,
22934730,42352,42352,1795144864545325086,2024-05-27,NEG,not ironic,
22934731,42353,42353,1795144863693844739,2024-05-27,NEG,not ironic,
22934732,42354,42354,1795144860950843402,2024-05-27,NEG,not ironic,
22934733,42355,42355,1795144860896252096,2024-05-27,NEG,not ironic,
22934734,42356,42356,1795144860476870989,2024-05-27,NEU,not ironic,
22934735,42357,42357,1795144860200030500,2024-05-27,POS,not ironic,
22934736,42358,42358,1795144859583385787,2024-05-27,NEG,ironic,
22934737,42359,42359,1795144857566019793,2024-05-27,NEG,not ironic,
22934738,42360,42360,1795144856982958423,2024-05-27,NEU,not ironic,
22934739,42361,42361,1795144853082317112,2024-05-27,NEG,not ironic,
22934740,42362,42362,1795144852251750781,2024-05-27,NEG,ironic,
22934741,42363,42363,1795144852121792534,2024-05-27,NEU,not ironic,
22934742,42364,42364,1795144849445753289,2024-05-27,NEG,ironic,
22934743,42365,42365,1795144845142393023,2024-05-27,POS,ironic,
22934744,42366,42366,1795144844932714982,2024-05-27,NEG,not ironic,
22934745,42367,42367,1795144844731412824,2024-05-27,NEU,not ironic,
22934746,42368,42368,1795144844639338813,2024-05-27,NEG,not ironic,
22934747,42369,42369,1795144843888337013,2024-05-27,NEG,not ironic,
22934748,42370,42370,1795144841686303225,2024-05-27,NEG,not ironic,
22934749,42371,42371,1795144838876102764,2024-05-27,POS,ironic,
22934750,42372,42372,1795144838255386631,2024-05-27,NEG,not ironic,
22934751,42373,42373,1795144837554946150,2024-05-27,NEG,not ironic,
22934752,42374,42374,1795144837144117431,2024-05-27,NEU,not ironic,
22934753,42375,42375,1795144837093585295,2024-05-27,NEG,ironic,
22934754,42376,42376,1795144836154036607,2024-05-27,POS,not ironic,
22934755,42377,42377,1795144833926828091,2024-05-27,NEG,ironic,
22934756,42378,42378,1795144832538591625,2024-05-27,NEG,not ironic,
22934757,42379,42379,1795144831993364525,2024-05-27,POS,not ironic,
22934758,42380,42380,1795144830885986518,2024-05-27,NEU,not ironic,
22934759,42381,42381,1795144829824856298,2024-05-27,NEG,ironic,
22934760,42382,42382,1795144829191794894,2024-05-27,NEU,not ironic,
22934761,42383,42383,1795144828159766815,2024-05-27,NEG,not ironic,
22934762,42384,42384,1795144827367194709,2024-05-27,POS,not ironic,
22934763,42385,42385,1795144826985328723,2024-05-27,NEU,not ironic,
22934764,42386,42386,1795144826746273995,2024-05-27,NEG,not ironic,
22934765,42387,42387,1795144825915965631,2024-05-27,NEG,not ironic,
22934766,42388,42388,1795144825873825966,2024-05-27,NEU,not ironic,
22934767,42389,42389,1795144825504768409,2024-05-27,NEG,ironic,
22934768,42390,42390,1795144820492513732,2024-05-27,NEG,ironic,
22934769,42391,42391,1795144819859128552,2024-05-27,NEU,not ironic,
22934770,42392,42392,1795144819703980064,2024-05-27,NEG,not ironic,
22934771,42393,42393,1795144819544617023,2024-05-27,NEG,ironic,
22934772,42394,42394,1795144819238482292,2024-05-27,NEG,ironic,
22934773,42395,42395,1795144818814828621,2024-05-27,NEG,not ironic,
22934774,42396,42396,1795144818495991840,2024-05-27,NEU,not ironic,
22934775,42397,42397,1795144817917231146,2024-05-27,NEG,ironic,
22934776,42398,42398,1795144817241911406,2024-05-27,NEG,ironic,
22934777,42399,42399,1795144816931529051,2024-05-27,NEG,not ironic,
22934778,42400,42400,1795144816692470041,2024-05-27,POS,not ironic,
22934779,42401,42401,1795144814553334006,2024-05-27,NEU,ironic,
22934780,42402,42402,1795144813844586684,2024-05-27,NEU,not ironic,
22934781,42403,42403,1795144813253202144,2024-05-27,NEG,ironic,
22934782,42404,42404,1795144813173477486,2024-05-27,NEU,not ironic,
22934783,42405,42405,1795144812598788178,2024-05-27,NEG,ironic,
22934784,42406,42406,1795144812590465039,2024-05-27,NEG,not ironic,
22934785,42407,42407,1795144811634110853,2024-05-27,NEU,ironic,
22934786,42408,42408,1795144810455531914,2024-05-27,NEG,ironic,
22934787,42409,42409,1795144809931210755,2024-05-27,NEU,not ironic,
22934788,42410,42410,1795144809880994030,2024-05-27,NEG,not ironic,
22934789,42411,42411,1795144808953946548,2024-05-27,NEG,not ironic,
22934790,42412,42412,1795144807678964036,2024-05-27,NEG,not ironic,
22934791,42413,42413,1795144807192388056,2024-05-27,NEG,not ironic,
22934792,42414,42414,1795144806156390428,2024-05-27,NEG,ironic,
22934793,42415,42415,1795144805472768354,2024-05-27,POS,not ironic,
22934794,42416,42416,1795144805221097770,2024-05-27,NEG,ironic,
22934795,42417,42417,1795144805032300929,2024-05-27,NEU,ironic,
22934796,42418,42418,1795144804545819072,2024-05-27,NEG,ironic,
22934797,42419,42419,1795144803597849027,2024-05-27,NEG,ironic,
22934798,42420,42420,1795144803258184081,2024-05-27,NEG,not ironic,
22934799,42421,42421,1795144799466430551,2024-05-27,NEU,not ironic,
22934800,42422,42422,1795144797969092776,2024-05-27,NEG,not ironic,
22934801,42423,42423,1795144797738443262,2024-05-27,NEU,not ironic,
22934802,42424,42424,1795144797197324383,2024-05-27,NEU,not ironic,
22934803,42425,42425,1795144797067379084,2024-05-27,NEU,ironic,
22934804,42426,42426,1795144796152983833,2024-05-27,NEU,not ironic,
22934805,42427,42427,1795144795318366248,2024-05-27,NEU,not ironic,
22934806,42428,42428,1795144795221836101,2024-05-27,NEG,not ironic,
22934807,42429,42429,1795144795133759789,2024-05-27,POS,not ironic,
22934808,42430,42430,1795144795041431799,2024-05-27,NEU,not ironic,
22934809,42431,42431,1795144794324246977,2024-05-27,NEG,ironic,
22934810,42432,42432,1795144794290688352,2024-05-27,NEG,ironic,
22934811,42433,42433,1795144792818454986,2024-05-27,NEG,not ironic,
22934812,42434,42434,1795144792491372858,2024-05-27,NEG,not ironic,
22934813,42435,42435,1795144791988019424,2024-05-27,NEG,ironic,
22934814,42436,42436,1795144791581393084,2024-05-27,NEU,not ironic,
22934815,42437,42437,1795144791581192240,2024-05-27,NEU,ironic,
22934816,42438,42438,1795144790494879894,2024-05-27,NEU,not ironic,
22934817,42439,42439,1795144790419411417,2024-05-27,NEU,not ironic,
22934818,42440,42440,1795144789538512971,2024-05-27,NEG,not ironic,
22934819,42441,42441,1795144787772813568,2024-05-27,NEG,not ironic,
22934820,42442,42442,1795144785457459276,2024-05-27,NEU,not ironic,
22934821,42443,42443,1795144784790560787,2024-05-27,NEU,ironic,
22934822,42444,42444,1795144783553290626,2024-05-27,NEG,ironic,
22934823,42445,42445,1795144779853942937,2024-05-27,NEG,ironic,
22934824,42446,42446,1795144779249983687,2024-05-27,NEG,not ironic,
22934825,42447,42447,1795144776574026034,2024-05-27,NEG,not ironic,
22934826,42448,42448,1795144776561328523,2024-05-27,NEU,not ironic,
22934827,42449,42449,1795144775680610815,2024-05-27,NEU,not ironic,
22934828,42450,42450,1795144775617724474,2024-05-27,NEG,not ironic,
22934829,42451,42451,1795144775462519160,2024-05-27,NEG,not ironic,
22934830,42452,42452,1795144775206584637,2024-05-27,NEU,ironic,
22934831,42453,42453,1795144774682370444,2024-05-27,NEU,ironic,
22934832,42454,42454,1795144774325776669,2024-05-27,NEG,ironic,
22934833,42455,42455,1795144773495390587,2024-05-27,POS,not ironic,
22934834,42456,42456,1795144772648137051,2024-05-27,NEG,not ironic,
22934835,42457,42457,1795144772090224977,2024-05-27,NEG,not ironic,
22934836,42458,42458,1795144765886824589,2024-05-27,POS,not ironic,
22934837,42459,42459,1795144765882699934,2024-05-27,NEU,not ironic,
22934838,42460,42460,1795144763932311733,2024-05-27,NEG,ironic,
22934839,42461,42461,1795144761793294368,2024-05-27,NEG,ironic,
22934840,42462,42462,1795144760945950796,2024-05-27,NEG,not ironic,
22934841,42463,42463,1795144760157520230,2024-05-27,NEU,ironic,
22934842,42464,42464,1795144758655856740,2024-05-27,POS,not ironic,
22934843,42465,42465,1795144758563627252,2024-05-27,NEG,not ironic,
22934844,42466,42466,1795144758278418653,2024-05-27,NEG,not ironic,
22934845,42467,42467,1795144758030942564,2024-05-27,NEG,not ironic,
22934846,42468,42468,1795144757385048530,2024-05-27,NEG,ironic,
22934847,42469,42469,1795144756265095531,2024-05-27,NEG,ironic,
22934848,42470,42470,1795144752603570571,2024-05-27,NEG,ironic,
22934849,42471,42471,1795144748291785067,2024-05-27,NEG,not ironic,
22934850,42472,42472,1795144747977253013,2024-05-27,NEG,not ironic,
22934851,42473,42473,1795144746387517625,2024-05-27,NEG,not ironic,
22934852,42474,42474,1795144745921978813,2024-05-27,NEU,not ironic,
22934853,42475,42475,1795144745380987371,2024-05-27,NEU,not ironic,
22934854,42476,42476,1795144742826553842,2024-05-27,POS,ironic,
22934855,42477,42477,1795144742436487382,2024-05-27,NEG,ironic,
22934856,42478,42478,1795144742021239130,2024-05-27,NEG,ironic,
22934857,42479,42479,1795144741660561701,2024-05-27,NEG,not ironic,
22934858,42480,42480,1795144740150620419,2024-05-27,NEU,not ironic,
22934859,42481,42481,1795144738808398157,2024-05-27,NEU,ironic,
22934860,42482,42482,1795144738712023512,2024-05-27,POS,not ironic,
22934861,42483,42483,1795144737759904046,2024-05-27,NEG,not ironic,
22934862,42484,42484,1795144737269100669,2024-05-27,NEG,not ironic,
22934863,42485,42485,1795144736048554084,2024-05-27,NEG,ironic,
22934864,42486,42486,1795144735549456695,2024-05-27,NEU,not ironic,
22934865,42487,42487,1795144735276863881,2024-05-27,POS,ironic,
22934866,42488,42488,1795144735100649636,2024-05-27,NEG,not ironic,
22934867,42489,42489,1795144735092338699,2024-05-27,NEU,not ironic,
22934868,42490,42490,1795144733930516943,2024-05-27,NEG,not ironic,
22934869,42491,42491,1795144733368488000,2024-05-27,NEG,ironic,
22934870,42492,42492,1795144733267742760,2024-05-27,POS,ironic,
22934871,42493,42493,1795144731481022715,2024-05-27,NEG,not ironic,
22934872,42494,42494,1795144731137135050,2024-05-27,NEU,ironic,
22934873,42495,42495,1795144730747035677,2024-05-27,NEG,ironic,
22934874,42496,42496,1795144729857777942,2024-05-27,NEU,ironic,
22934875,42497,42497,1795144727949418677,2024-05-27,NEG,not ironic,
22934876,42498,42498,1795144727756488758,2024-05-27,NEU,not ironic,
22934877,42499,42499,1795144727487975514,2024-05-27,NEU,not ironic,
22934878,42500,42500,1795144726376538413,2024-05-27,NEG,ironic,
22934879,42501,42501,1795144725332201636,2024-05-27,NEG,not ironic,
22934880,42502,42502,1795144724388380856,2024-05-27,NEG,not ironic,
22934881,42503,42503,1795144723763454351,2024-05-27,NEG,ironic,
22934882,42504,42504,1795144722907906269,2024-05-27,NEU,ironic,
22934883,42505,42505,1795144720647069740,2024-05-27,NEU,not ironic,
22934884,42506,42506,1795144720055701669,2024-05-27,NEU,not ironic,
22934885,42507,42507,1795144719241990653,2024-05-27,NEU,not ironic,
22934886,42508,42508,1795144718906466736,2024-05-27,NEG,not ironic,
22934887,42509,42509,1795144718495473840,2024-05-27,NEU,ironic,
22934888,42510,42510,1795144718453514544,2024-05-27,NEG,ironic,
22934889,42511,42511,1795144714670223454,2024-05-27,NEU,not ironic,
22934890,42512,42512,1795144713483215311,2024-05-27,NEG,not ironic,
22934891,42513,42513,1795144713130946769,2024-05-27,POS,not ironic,
22934892,42514,42514,1795144713068056945,2024-05-27,NEU,not ironic,
22934893,42515,42515,1795144711822303278,2024-05-27,NEG,not ironic,
22934894,42516,42516,1795144711415472267,2024-05-27,NEG,ironic,
22934895,42517,42517,1795144709637038435,2024-05-27,NEG,not ironic,
22934896,42518,42518,1795144709116920213,2024-05-27,NEG,ironic,
22934897,42519,42519,1795144708118712526,2024-05-27,POS,ironic,
22934898,42520,42520,1795144707837743389,2024-05-27,NEG,ironic,
22934899,42521,42521,1795144707472830803,2024-05-27,NEU,not ironic,
22934900,42522,42522,1795144707460190488,2024-05-27,NEG,not ironic,
22934901,42523,42523,1795144707443409131,2024-05-27,NEU,not ironic,
22934902,42524,42524,1795144704008310830,2024-05-27,NEU,not ironic,
22934903,42525,42525,1795144703936991323,2024-05-27,NEU,not ironic,
22934904,42526,42526,1795144703697949173,2024-05-27,NEG,not ironic,
22934905,42527,42527,1795144701143638086,2024-05-27,NEG,not ironic,
22934906,42528,42528,1795144701017772504,2024-05-27,POS,ironic,
22934907,42529,42529,1795144700036288795,2024-05-27,NEG,not ironic,
22934908,42530,42530,1795144699965030494,2024-05-27,NEU,ironic,
22934909,42531,42531,1795144696517308450,2024-05-27,NEG,not ironic,
22934910,42532,42532,1795144692293587246,2024-05-27,NEG,not ironic,
22934911,42533,42533,1795144691840602384,2024-05-27,POS,not ironic,
22934912,42534,42534,1795144691647746177,2024-05-27,POS,not ironic,
22934913,42535,42535,1795144690523627556,2024-05-27,NEG,not ironic,
22934914,42536,42536,1795144690313908292,2024-05-27,NEG,ironic,
22934915,42537,42537,1795144689336676616,2024-05-27,NEG,not ironic,
22934916,42538,42538,1795144688602661183,2024-05-27,POS,not ironic,
22934917,42539,42539,1795144688267067882,2024-05-27,NEG,ironic,
22934918,42540,42540,1795144687793111233,2024-05-27,NEG,not ironic,
22934919,42541,42541,1795144687788904723,2024-05-27,NEU,not ironic,
22934920,42542,42542,1795144686539002312,2024-05-27,NEG,not ironic,
22934921,42543,42543,1795144685159063824,2024-05-27,NEG,not ironic,
22934922,42544,42544,1795144684009894235,2024-05-27,NEG,not ironic,
22934923,42545,42545,1795144683913351218,2024-05-27,NEG,not ironic,
22934924,42546,42546,1795144683653304748,2024-05-27,NEG,not ironic,
22934925,42547,42547,1795144682852188297,2024-05-27,NEU,ironic,
22934926,42548,42548,1795144682604986703,2024-05-27,NEG,not ironic,
22934927,42549,42549,1795144679911997794,2024-05-27,POS,not ironic,
22934928,42550,42550,1795144679148728484,2024-05-27,NEU,ironic,
22934929,42551,42551,1795144679043776703,2024-05-27,POS,ironic,
22934930,42552,42552,1795144678561534105,2024-05-27,NEG,ironic,
22934931,42553,42553,1795144676686651558,2024-05-27,NEG,not ironic,
22934932,42554,42554,1795144675776495678,2024-05-27,NEU,ironic,
22934933,42555,42555,1795144675461931250,2024-05-27,NEG,ironic,
22934934,42556,42556,1795144675189199344,2024-05-27,NEG,not ironic,
22934935,42557,42557,1795144673800941748,2024-05-27,NEG,not ironic,
22934936,42558,42558,1795144673310191717,2024-05-27,NEG,not ironic,
22934937,42559,42559,1795144673058500821,2024-05-27,NEG,ironic,
22934938,42560,42560,1795144672521666582,2024-05-27,NEG,not ironic,
22934939,42561,42561,1795144671955406994,2024-05-27,NEU,not ironic,
22934940,42562,42562,1795144668449018207,2024-05-27,NEU,ironic,
22934941,42563,42563,1795144668402856063,2024-05-27,NEG,not ironic,
22934942,42564,42564,1795144668264415662,2024-05-27,NEU,ironic,
22934943,42565,42565,1795144667891142794,2024-05-27,NEU,not ironic,
22934944,42566,42566,1795144667865944138,2024-05-27,NEG,not ironic,
22934945,42567,42567,1795144667132023106,2024-05-27,NEG,ironic,
22934946,42568,42568,1795144667073224804,2024-05-27,NEG,not ironic,
22934947,42569,42569,1795144665303339407,2024-05-27,NEU,ironic,
22934948,42570,42570,1795144664204321184,2024-05-27,NEU,not ironic,
22934949,42571,42571,1795144664179147173,2024-05-27,NEU,not ironic,
22934950,42572,42572,1795144663810073009,2024-05-27,NEG,not ironic,
22934951,42573,42573,1795144662899900579,2024-05-27,POS,ironic,
22934952,42574,42574,1795144662375628859,2024-05-27,POS,not ironic,
22934953,42575,42575,1795144661822063043,2024-05-27,NEU,not ironic,
22934954,42576,42576,1795144656872779835,2024-05-27,NEU,not ironic,
22934955,42577,42577,1795144656793026923,2024-05-27,NEU,not ironic,
22934956,42578,42578,1795144655253930424,2024-05-27,NEG,ironic,
22934957,42579,42579,1795144648089874650,2024-05-27,NEG,not ironic,
22934958,42580,42580,1795144647863345579,2024-05-27,NEG,ironic,
22934959,42581,42581,1795144646961549595,2024-05-27,NEG,ironic,
22934960,42582,42582,1795144646839992524,2024-05-27,NEG,not ironic,
22934961,42583,42583,1795144643098583458,2024-05-27,NEG,not ironic,
22934962,42584,42584,1795144642909859875,2024-05-27,NEU,not ironic,
22934963,42585,42585,1795144642796679666,2024-05-27,NEG,ironic,
22934964,42586,42586,1795144642654032219,2024-05-27,NEU,not ironic,
22934965,42587,42587,1795144641928470726,2024-05-27,NEG,not ironic,
22934966,42588,42588,1795144641500622909,2024-05-27,POS,not ironic,
22934967,42589,42589,1795144641404113325,2024-05-27,NEG,ironic,
22934968,42590,42590,1795144641383186628,2024-05-27,NEU,not ironic,
22934969,42591,42591,1795144640884036050,2024-05-27,POS,ironic,
22934970,42592,42592,1795144640133304652,2024-05-27,NEU,not ironic,
22934971,42593,42593,1795144639822868845,2024-05-27,POS,not ironic,
22934972,42594,42594,1795144639181099078,2024-05-27,NEG,not ironic,
22934973,42595,42595,1795144639139172390,2024-05-27,NEG,ironic,
22934974,42596,42596,1795144638723977505,2024-05-27,NEG,not ironic,
22934975,42597,42597,1795144637725777976,2024-05-27,NEG,ironic,
22934976,42598,42598,1795144637494989104,2024-05-27,NEG,not ironic,
22934977,42599,42599,1795144635469156377,2024-05-27,NEG,not ironic,
22934978,42600,42600,1795144633481101686,2024-05-27,NEG,ironic,
22934979,42601,42601,1795144633103573060,2024-05-27,NEG,ironic,
22934980,42602,42602,1795144633078436283,2024-05-27,POS,ironic,
22934981,42603,42603,1795144629769126322,2024-05-27,NEU,not ironic,
22934982,42604,42604,1795144629743960324,2024-05-27,NEU,ironic,
22934983,42605,42605,1795144628854788185,2024-05-27,POS,ironic,
22934984,42606,42606,1795144628267635056,2024-05-27,NEG,ironic,
22934985,42607,42607,1795144628150112454,2024-05-27,NEG,ironic,
22934986,42608,42608,1795144625138659769,2024-05-27,NEG,ironic,
22934987,42609,42609,1795144624337559956,2024-05-27,NEG,not ironic,
22934988,42610,42610,1795144623632892117,2024-05-27,NEU,ironic,
22934989,42611,42611,1795144622664016213,2024-05-27,NEU,ironic,
22934990,42612,42612,1795144622018109846,2024-05-27,NEG,not ironic,
22934991,42613,42613,1795144621804187994,2024-05-27,NEG,ironic,
22934992,42614,42614,1795144621586055428,2024-05-27,NEU,ironic,
22934993,42615,42615,1795144620323533206,2024-05-27,NEG,not ironic,
22934994,42616,42616,1795144619736363050,2024-05-27,NEG,ironic,
22934995,42617,42617,1795144619220435377,2024-05-27,NEG,ironic,
22934996,42618,42618,1795144619090399418,2024-05-27,NEU,not ironic,
22934997,42619,42619,1795144617551147284,2024-05-27,NEU,not ironic,
22934998,42620,42620,1795144614363492489,2024-05-27,NEG,ironic,
22934999,42621,42621,1795144613772042519,2024-05-27,NEG,ironic,
22935000,42622,42622,1795144610810896746,2024-05-27,POS,ironic,
22935001,42623,42623,1795144609405808808,2024-05-27,NEG,not ironic,
22935002,42624,42624,1795144609326055859,2024-05-27,NEG,not ironic,
22935003,42625,42625,1795144608994738265,2024-05-27,NEG,not ironic,
22935004,42626,42626,1795144606318723112,2024-05-27,NEG,not ironic,
22935005,42627,42627,1795144605416976635,2024-05-27,NEG,not ironic,
22935006,42628,42628,1795144604682973270,2024-05-27,NEG,not ironic,
22935007,42629,42629,1795144602401333289,2024-05-27,NEG,not ironic,
22935008,42630,42630,1795144602086719707,2024-05-27,POS,not ironic,
22935009,42631,42631,1795144602082541866,2024-05-27,POS,not ironic,
22935010,42632,42632,1795144602082496634,2024-05-27,NEG,not ironic,
22935011,42633,42633,1795144601935794530,2024-05-27,NEU,not ironic,
22935012,42634,42634,1795144597393281245,2024-05-27,NEU,not ironic,
22935013,42635,42635,1795144595040350683,2024-05-27,NEG,ironic,
22935014,42636,42636,1795144593987543498,2024-05-27,NEG,not ironic,
22935015,42637,42637,1795144592976707864,2024-05-27,NEU,ironic,
22935016,42638,42638,1795144592741879846,2024-05-27,NEG,ironic,
22935017,42639,42639,1795144592708264371,2024-05-27,NEG,not ironic,
22935018,42640,42640,1795144590661386747,2024-05-27,NEU,ironic,
22935019,42641,42641,1795144590208487460,2024-05-27,NEG,ironic,
22935020,42642,42642,1795144590040633752,2024-05-27,POS,not ironic,
22935021,42643,42643,1795144589822562361,2024-05-27,NEU,not ironic,
22935022,42644,42644,1795144589533221195,2024-05-27,NEU,not ironic,
22935023,42645,42645,1795144587398267153,2024-05-27,NEG,ironic,
22935024,42646,42646,1795144587092058539,2024-05-27,NEG,not ironic,
22935025,42647,42647,1795144586353938757,2024-05-27,NEU,not ironic,
22935026,42648,42648,1795144585259229386,2024-05-27,NEG,not ironic,
22935027,42649,42649,1795144585124995202,2024-05-27,NEU,not ironic,
22935028,42650,42650,1795144585112424528,2024-05-27,NEU,not ironic,
22935029,42651,42651,1795144584776876125,2024-05-27,NEG,ironic,
22935030,42652,42652,1795144584189677597,2024-05-27,NEU,ironic,
22935031,42653,42653,1795144583300403288,2024-05-27,NEG,not ironic,
22935032,42654,42654,1795144582243426733,2024-05-27,NEU,not ironic,
22935033,42655,42655,1795144581119369630,2024-05-27,NEU,ironic,
22935034,42656,42656,1795144580762828965,2024-05-27,NEU,not ironic,
22935035,42657,42657,1795144579773046976,2024-05-27,NEG,not ironic,
22935036,42658,42658,1795144579731091648,2024-05-27,NEG,not ironic,
22935037,42659,42659,1795144578149896221,2024-05-27,NEG,not ironic,
22935038,42660,42660,1795144577382264998,2024-05-27,NEG,ironic,
22935039,42661,42661,1795144576614670513,2024-05-27,POS,not ironic,
22935040,42662,42662,1795144576082014635,2024-05-27,NEG,ironic,
22935041,42663,42663,1795144575876555042,2024-05-27,NEG,ironic,
22935042,42664,42664,1795144575608029419,2024-05-27,NEU,ironic,
22935043,42665,42665,1795144575129985408,2024-05-27,NEG,not ironic,
22935044,42666,42666,1795144574391771296,2024-05-27,NEG,not ironic,
22935045,42667,42667,1795144572672065799,2024-05-27,NEG,ironic,
22935046,42668,42668,1795144571589984620,2024-05-27,NEG,not ironic,
22935047,42669,42669,1795144570109366566,2024-05-27,NEU,not ironic,
22935048,42670,42670,1795144569035649175,2024-05-27,NEG,ironic,
22935049,42671,42671,1795144568242897286,2024-05-27,POS,not ironic,
22935050,42672,42672,1795144568205119610,2024-05-27,NEU,ironic,
22935051,42673,42673,1795144567714414830,2024-05-27,NEG,not ironic,
22935052,42674,42674,1795144564396671340,2024-05-27,NEU,ironic,
22935053,42675,42675,1795144564392526273,2024-05-27,NEU,not ironic,
22935054,42676,42676,1795144563251671347,2024-05-27,NEG,ironic,
22935055,42677,42677,1795144561469133222,2024-05-27,NEG,not ironic,
22935056,42678,42678,1795144561196400896,2024-05-27,NEG,not ironic,
22935057,42679,42679,1795144557257961567,2024-05-27,POS,not ironic,
22935058,42680,42680,1795144556440174608,2024-05-27,NEU,not ironic,
22935059,42681,42681,1795144555982922218,2024-05-27,NEG,ironic,
22935060,42682,42682,1795144555039277403,2024-05-27,NEU,not ironic,
22935061,42683,42683,1795144554460426280,2024-05-27,NEU,not ironic,
22935062,42684,42684,1795144554129055944,2024-05-27,NEG,ironic,
22935063,42685,42685,1795144553227239496,2024-05-27,NEG,ironic,
22935064,42686,42686,1795144551713116573,2024-05-27,NEG,ironic,
22935065,42687,42687,1795144551574749225,2024-05-27,POS,not ironic,
22935066,42688,42688,1795144551444734428,2024-05-27,NEU,not ironic,
22935067,42689,42689,1795144550878425153,2024-05-27,NEG,ironic,
22935068,42690,42690,1795144550299619620,2024-05-27,NEG,not ironic,
22935069,42691,42691,1795144549142048935,2024-05-27,NEG,ironic,
22935070,42692,42692,1795144548634575350,2024-05-27,NEG,not ironic,
22935071,42693,42693,1795144548387057840,2024-05-27,NEG,not ironic,
22935072,42694,42694,1795144547778855262,2024-05-27,POS,not ironic,
22935073,42695,42695,1795144547313287580,2024-05-27,NEG,not ironic,
22935074,42696,42696,1795144547011313753,2024-05-27,NEU,ironic,
22935075,42697,42697,1795144546122080424,2024-05-27,NEU,ironic,
22935076,42698,42698,1795144545908199554,2024-05-27,NEU,not ironic,
22935077,42699,42699,1795144544570200078,2024-05-27,NEG,ironic,
22935078,42700,42700,1795144543865565186,2024-05-27,NEU,not ironic,
22935079,42701,42701,1795144543525834892,2024-05-27,NEG,ironic,
22935080,42702,42702,1795144543311999427,2024-05-27,NEU,ironic,
22935081,42703,42703,1795144542619898312,2024-05-27,NEU,not ironic,
22935082,42704,42704,1795144542020157581,2024-05-27,NEU,not ironic,
22935083,42705,42705,1795144541923615198,2024-05-27,NEG,ironic,
22935084,42706,42706,1795144539998478531,2024-05-27,POS,not ironic,
22935085,42707,42707,1795144539096613194,2024-05-27,NEG,ironic,
22935086,42708,42708,1795144538752782687,2024-05-27,NEG,ironic,
22935087,42709,42709,1795144538530455605,2024-05-27,NEG,ironic,
22935088,42710,42710,1795144538484301828,2024-05-27,NEU,not ironic,
22935089,42711,42711,1795144538207453214,2024-05-27,NEU,ironic,
22935090,42712,42712,1795144537620336802,2024-05-27,NEG,not ironic,
22935091,42713,42713,1795144537074970991,2024-05-27,NEG,not ironic,
22935092,42714,42714,1795144536622068077,2024-05-27,POS,ironic,
22935093,42715,42715,1795144536341004773,2024-05-27,NEG,ironic,
22935094,42716,42716,1795144534306836538,2024-05-27,NEG,not ironic,
22935095,42717,42717,1795144531714654587,2024-05-27,NEG,not ironic,
22935096,42718,42718,1795144531639160890,2024-05-27,NEU,not ironic,
22935097,42719,42719,1795144531576262792,2024-05-27,NEU,not ironic,
22935098,42720,42720,1795144531400110487,2024-05-27,NEG,not ironic,
22935099,42721,42721,1795144530158608600,2024-05-27,NEU,ironic,
22935100,42722,42722,1795144527860125964,2024-05-27,NEU,not ironic,
22935101,42723,42723,1795144526488617226,2024-05-27,NEG,not ironic,
22935102,42724,42724,1795144526224355792,2024-05-27,NEG,not ironic,
22935103,42725,42725,1795144524714455250,2024-05-27,NEG,ironic,
22935104,42726,42726,1795144524055953678,2024-05-27,POS,ironic,
22935105,42727,42727,1795144524026577067,2024-05-27,NEU,not ironic,
22935106,42728,42728,1795144523607142655,2024-05-27,NEG,not ironic,
22935107,42729,42729,1795144523208700116,2024-05-27,NEG,ironic,
22935108,42730,42730,1795144523019948506,2024-05-27,NEU,not ironic,
22935109,42731,42731,1795144522965332449,2024-05-27,NEG,ironic,
22935110,42732,42732,1795144522516615350,2024-05-27,NEU,not ironic,
22935111,42733,42733,1795144522357158374,2024-05-27,NEG,not ironic,
22935112,42734,42734,1795144522030031135,2024-05-27,NEG,ironic,
22935113,42735,42735,1795144521224802815,2024-05-27,NEG,not ironic,
22935114,42736,42736,1795144520050540842,2024-05-27,POS,ironic,
22935115,42737,42737,1795144518792012252,2024-05-27,NEU,not ironic,
22935116,42738,42738,1795144518477471874,2024-05-27,NEG,ironic,
22935117,42739,42739,1795144518158676075,2024-05-27,NEG,ironic,
22935118,42740,42740,1795144517353386373,2024-05-27,NEU,ironic,
22935119,42741,42741,1795144515474378763,2024-05-27,POS,ironic,
22935120,42742,42742,1795144514962640946,2024-05-27,NEU,not ironic,
22935121,42743,42743,1795144513909920116,2024-05-27,NEU,ironic,
22935122,42744,42744,1795144513159147577,2024-05-27,NEU,not ironic,
22935123,42745,42745,1795144511728861482,2024-05-27,NEG,not ironic,
22935124,42746,42746,1795144511426879563,2024-05-27,NEU,not ironic,
22935125,42747,42747,1795144510395109817,2024-05-27,NEG,ironic,
22935126,42748,42748,1795144510336286853,2024-05-27,NEG,not ironic,
22935127,42749,42749,1795144509774340160,2024-05-27,NEG,not ironic,
22935128,42750,42750,1795144508348285158,2024-05-27,NEU,ironic,
22935129,42751,42751,1795144507693900075,2024-05-27,NEU,ironic,
22935130,42752,42752,1795144506968527287,2024-05-27,NEG,not ironic,
22935131,42753,42753,1795144506381074682,2024-05-27,NEU,not ironic,
22935132,42754,42754,1795144506184016255,2024-05-27,NEG,ironic,
22935133,42755,42755,1795144500681097713,2024-05-27,NEU,ironic,
22935134,42756,42756,1795144499573735921,2024-05-27,NEG,not ironic,
22935135,42757,42757,1795144498843922489,2024-05-27,NEU,not ironic,
22935136,42758,42758,1795144497707336053,2024-05-27,NEU,not ironic,
22935137,42759,42759,1795144497145196798,2024-05-27,NEG,not ironic,
22935138,42760,42760,1795144497057124805,2024-05-27,NEG,not ironic,
22935139,42761,42761,1795144494674858293,2024-05-27,POS,ironic,
22935140,42762,42762,1795144494045606118,2024-05-27,POS,not ironic,
22935141,42763,42763,1795144493642993785,2024-05-27,NEU,not ironic,
22935142,42764,42764,1795144491273183278,2024-05-27,NEU,ironic,
22935143,42765,42765,1795144490572816811,2024-05-27,NEG,ironic,
22935144,42766,42766,1795144489117307349,2024-05-27,NEG,ironic,
22935145,42767,42767,1795144488823751051,2024-05-27,NEU,not ironic,
22935146,42768,42768,1795144485241831694,2024-05-27,NEG,ironic,
22935147,42769,42769,1795144484369338473,2024-05-27,NEG,not ironic,
22935148,42770,42770,1795144482398073015,2024-05-27,POS,ironic,
22935149,42771,42771,1795144479046824074,2024-05-27,NEG,not ironic,
22935150,42772,42772,1795144478560326064,2024-05-27,NEG,ironic,
22935151,42773,42773,1795144478325375481,2024-05-27,NEG,not ironic,
22935152,42774,42774,1795144477960536326,2024-05-27,NEG,ironic,
22935153,42775,42775,1795144477721403724,2024-05-27,NEU,not ironic,
22935154,42776,42776,1795144477209669909,2024-05-27,NEU,not ironic,
22935155,42777,42777,1795144477083931073,2024-05-27,NEG,not ironic,
22935156,42778,42778,1795144475649462564,2024-05-27,NEU,not ironic,
22935157,42779,42779,1795144475183907276,2024-05-27,NEG,ironic,
22935158,42780,42780,1795144474919567586,2024-05-27,NEG,not ironic,
22935159,42781,42781,1795144474009448767,2024-05-27,NEG,ironic,
22935160,42782,42782,1795144473384509761,2024-05-27,POS,not ironic,
22935161,42783,42783,1795144471568359917,2024-05-27,NEU,not ironic,
22935162,42784,42784,1795144470322700714,2024-05-27,NEG,not ironic,
22935163,42785,42785,1795144469177631198,2024-05-27,NEU,not ironic,
22935164,42786,42786,1795144469160853599,2024-05-27,NEG,not ironic,
22935165,42787,42787,1795144469072765384,2024-05-27,NEG,ironic,
22935166,42788,42788,1795144469030879465,2024-05-27,NEG,not ironic,
22935167,42789,42789,1795144468347113524,2024-05-27,NEG,ironic,
22935168,42790,42790,1795144468082917724,2024-05-27,NEU,ironic,
22935169,42791,42791,1795144467994804380,2024-05-27,NEU,not ironic,
22935170,42792,42792,1795144466971361758,2024-05-27,NEG,not ironic,
22935171,42793,42793,1795144466652615062,2024-05-27,NEU,not ironic,
22935172,42794,42794,1795144466585514243,2024-05-27,NEG,ironic,
22935173,42795,42795,1795144466518483396,2024-05-27,NEU,not ironic,
22935174,42796,42796,1795144465327255630,2024-05-27,NEG,not ironic,
22935175,42797,42797,1795144464068993485,2024-05-27,NEG,not ironic,
22935176,42798,42798,1795144463158845590,2024-05-27,NEG,not ironic,
22935177,42799,42799,1795144462907093357,2024-05-27,NEG,ironic,
22935178,42800,42800,1795144462433243308,2024-05-27,NEU,not ironic,
22935179,42801,42801,1795144461443326072,2024-05-27,NEG,ironic,
22935180,42802,42802,1795144461011284362,2024-05-27,NEG,ironic,
22935181,42803,42803,1795144460772245596,2024-05-27,NEG,not ironic,
22935182,42804,42804,1795144458746351668,2024-05-27,NEU,ironic,
22935183,42805,42805,1795144455613194275,2024-05-27,NEG,ironic,
22935184,42806,42806,1795144454724092196,2024-05-27,NEG,ironic,
22935185,42807,42807,1795144454459846804,2024-05-27,NEU,not ironic,
22935186,42808,42808,1795144451850904039,2024-05-27,NEG,not ironic,
22935187,42809,42809,1795144451758739834,2024-05-27,NEG,ironic,
22935188,42810,42810,1795144450974396744,2024-05-27,NEU,not ironic,
22935189,42811,42811,1795144450458464480,2024-05-27,NEG,ironic,
22935190,42812,42812,1795144449598636106,2024-05-27,NEG,not ironic,
22935191,42813,42813,1795144449284067648,2024-05-27,NEU,ironic,
22935192,42814,42814,1795144447908286960,2024-05-27,NEG,not ironic,
22935193,42815,42815,1795144447807590816,2024-05-27,POS,not ironic,
22935194,42816,42816,1795144447535009864,2024-05-27,NEU,not ironic,
22935195,42817,42817,1795144447287558625,2024-05-27,POS,not ironic,
22935196,42818,42818,1795144442996760637,2024-05-27,NEG,not ironic,
22935197,42819,42819,1795144442996736313,2024-05-27,NEG,not ironic,
22935198,42820,42820,1795144442036240662,2024-05-27,NEG,not ironic,
22935199,42821,42821,1795144441818165453,2024-05-27,NEG,not ironic,
22935200,42822,42822,1795144441088356720,2024-05-27,NEU,ironic,
22935201,42823,42823,1795144440845049887,2024-05-27,NEG,ironic,
22935202,42824,42824,1795144440656302567,2024-05-27,NEG,ironic,
22935203,42825,42825,1795144440601858500,2024-05-27,NEG,not ironic,
22935204,42826,42826,1795144440421519413,2024-05-27,NEU,not ironic,
22935205,42827,42827,1795144440253755501,2024-05-27,NEG,ironic,
22935206,42828,42828,1795144439481966809,2024-05-27,NEG,not ironic,
22935207,42829,42829,1795144438425039314,2024-05-27,NEU,not ironic,
22935208,42830,42830,1795144438026510447,2024-05-27,POS,not ironic,
22935209,42831,42831,1795144436986339546,2024-05-27,NEG,ironic,
22935210,42832,42832,1795144436537598304,2024-05-27,NEG,ironic,
22935211,42833,42833,1795144436210434102,2024-05-27,NEU,ironic,
22935212,42834,42834,1795144435346383124,2024-05-27,NEU,ironic,
22935213,42835,42835,1795144435258315105,2024-05-27,NEU,not ironic,
22935214,42836,42836,1795144434603921544,2024-05-27,NEU,not ironic,
22935215,42837,42837,1795144433953829205,2024-05-27,NEG,not ironic,
22935216,42838,42838,1795144433668706725,2024-05-27,NEU,not ironic,
22935217,42839,42839,1795144433488310663,2024-05-27,NEG,not ironic,
22935218,42840,42840,1795144433488249210,2024-05-27,NEG,not ironic,
22935219,42841,42841,1795144432926237088,2024-05-27,NEG,not ironic,
22935220,42842,42842,1795144431378878692,2024-05-27,NEU,not ironic,
22935221,42843,42843,1795144431345045590,2024-05-27,NEU,not ironic,
22935222,42844,42844,1795144430891982908,2024-05-27,NEG,not ironic,
22935223,42845,42845,1795144428815827404,2024-05-27,NEG,not ironic,
22935224,42846,42846,1795144426534171116,2024-05-27,NEU,ironic,
22935225,42847,42847,1795144425066094808,2024-05-27,POS,ironic,
22935226,42848,42848,1795144424613167492,2024-05-27,NEG,ironic,
22935227,42849,42849,1795144423354880363,2024-05-27,NEG,ironic,
22935228,42850,42850,1795144423099056501,2024-05-27,NEU,not ironic,
22935229,42851,42851,1795144418036494486,2024-05-27,NEG,ironic,
22935230,42852,42852,1795144417663160797,2024-05-27,POS,ironic,
22935231,42853,42853,1795144417239515568,2024-05-27,NEU,ironic,
22935232,42854,42854,1795144416463663166,2024-05-27,POS,not ironic,
22935233,42855,42855,1795144415784194369,2024-05-27,NEG,ironic,
22935234,42856,42856,1795144415079440883,2024-05-27,NEU,not ironic,
22935235,42857,42857,1795144412462186527,2024-05-27,NEG,not ironic,
22935236,42858,42858,1795144412361548039,2024-05-27,NEU,not ironic,
22935237,42859,42859,1795144412030271596,2024-05-27,NEG,not ironic,
22935238,42860,42860,1795144411849896185,2024-05-27,NEG,not ironic,
22935239,42861,42861,1795144411749200225,2024-05-27,NEU,ironic,
22935240,42862,42862,1795144411510132889,2024-05-27,NEG,not ironic,
22935241,42863,42863,1795144410390208670,2024-05-27,NEU,not ironic,
22935242,42864,42864,1795144410256060419,2024-05-27,NEG,ironic,
22935243,42865,42865,1795144408347680847,2024-05-27,NEU,not ironic,
22935244,42866,42866,1795144407647191175,2024-05-27,NEG,not ironic,
22935245,42867,42867,1795144407479373861,2024-05-27,NEG,not ironic,
22935246,42868,42868,1795144407278026957,2024-05-27,NEU,ironic,
22935247,42869,42869,1795144405956927654,2024-05-27,NEG,ironic,
22935248,42870,42870,1795144404740563270,2024-05-27,NEU,not ironic,
22935249,42871,42871,1795144404488827286,2024-05-27,NEG,ironic,
22935250,42872,42872,1795144404316860834,2024-05-27,NEU,ironic,
22935251,42873,42873,1795144403763290295,2024-05-27,NEG,not ironic,
22935252,42874,42874,1795144402446225546,2024-05-27,POS,ironic,
22935253,42875,42875,1795144400479068593,2024-05-27,NEU,not ironic,
22935254,42876,42876,1795144400202248300,2024-05-27,POS,not ironic,
22935255,42877,42877,1795144400193925432,2024-05-27,NEU,not ironic,
22935256,42878,42878,1795144400076669323,2024-05-27,NEU,not ironic,
22935257,42879,42879,1795144398788837554,2024-05-27,NEU,not ironic,
22935258,42880,42880,1795144398725955989,2024-05-27,POS,not ironic,
22935259,42881,42881,1795144398595842473,2024-05-27,POS,not ironic,
22935260,42882,42882,1795144398562288097,2024-05-27,NEU,not ironic,
22935261,42883,42883,1795144397366956242,2024-05-27,NEG,ironic,
22935262,42884,42884,1795144397295616086,2024-05-27,NEG,ironic,
22935263,42885,42885,1795144397136318869,2024-05-27,NEU,not ironic,
22935264,42886,42886,1795144396867883144,2024-05-27,NEU,not ironic,
22935265,42887,42887,1795144396549116151,2024-05-27,NEG,not ironic,
22935266,42888,42888,1795144395991187832,2024-05-27,NEU,not ironic,
22935267,42889,42889,1795144395932434450,2024-05-27,NEG,not ironic,
22935268,42890,42890,1795144395299176558,2024-05-27,NEG,not ironic,
22935269,42891,42891,1795144395181691223,2024-05-27,NEG,not ironic,
22935270,42892,42892,1795144394950983792,2024-05-27,NEG,not ironic,
22935271,42893,42893,1795144394204442868,2024-05-27,NEG,not ironic,
22935272,42894,42894,1795144392463859999,2024-05-27,POS,not ironic,
22935273,42895,42895,1795144392228921675,2024-05-27,NEG,ironic,
22935274,42896,42896,1795144391922778325,2024-05-27,NEG,not ironic,
22935275,42897,42897,1795144391922761864,2024-05-27,NEG,ironic,
22935276,42898,42898,1795144391863996845,2024-05-27,NEG,not ironic,
22935277,42899,42899,1795144391616573687,2024-05-27,NEU,not ironic,
22935278,42900,42900,1795144390882537582,2024-05-27,NEG,not ironic,
22935279,42901,42901,1795144390190473288,2024-05-27,NEG,ironic,
22935280,42902,42902,1795144390190440659,2024-05-27,NEG,not ironic,
22935281,42903,42903,1795144390018551987,2024-05-27,NEG,ironic,
22935282,42904,42904,1795144389796200572,2024-05-27,NEU,not ironic,
22935283,42905,42905,1795144389515178234,2024-05-27,NEG,not ironic,
22935284,42906,42906,1795144388374364561,2024-05-27,NEU,not ironic,
22935285,42907,42907,1795144386763780572,2024-05-27,NEG,ironic,
22935286,42908,42908,1795144386721776009,2024-05-27,NEG,ironic,
22935287,42909,42909,1795144386541412755,2024-05-27,NEU,not ironic,
22935288,42910,42910,1795144386193264678,2024-05-27,NEU,not ironic,
22935289,42911,42911,1795144385836761213,2024-05-27,NEU,not ironic,
22935290,42912,42912,1795144385635516545,2024-05-27,NEG,not ironic,
22935291,42913,42913,1795144385543250081,2024-05-27,NEU,not ironic,
22935292,42914,42914,1795144385140494592,2024-05-27,NEU,ironic,
22935293,42915,42915,1795144384914079922,2024-05-27,NEG,not ironic,
22935294,42916,42916,1795144384884683194,2024-05-27,NEU,not ironic,
22935295,42917,42917,1795144384842756492,2024-05-27,NEG,ironic,
22935296,42918,42918,1795144382695256173,2024-05-27,POS,not ironic,
22935297,42919,42919,1795144382405861753,2024-05-27,NEU,not ironic,
22935298,42920,42920,1795144381810237531,2024-05-27,NEU,not ironic,
22935299,42921,42921,1795144381424361840,2024-05-27,NEG,not ironic,
22935300,42922,42922,1795144379541164102,2024-05-27,NEU,not ironic,
22935301,42923,42923,1795144376512876740,2024-05-27,NEG,not ironic,
22935302,42924,42924,1795144374059188286,2024-05-27,NEG,ironic,
22935303,42925,42925,1795144373383897368,2024-05-27,NEU,not ironic,
22935304,42926,42926,1795144372947747002,2024-05-27,POS,ironic,
22935305,42927,42927,1795144372180144296,2024-05-27,NEG,not ironic,
22935306,42928,42928,1795144371769049539,2024-05-27,NEU,ironic,
22935307,42929,42929,1795144371504898524,2024-05-27,NEU,not ironic,
22935308,42930,42930,1795144370087166399,2024-05-27,NEG,ironic,
22935309,42931,42931,1795144368665382975,2024-05-27,NEG,ironic,
22935310,42932,42932,1795144367188897858,2024-05-27,NEG,not ironic,
22935311,42933,42933,1795144365246910888,2024-05-27,NEG,ironic,
22935312,42934,42934,1795144362977837156,2024-05-27,NEG,ironic,
22935313,42935,42935,1795144362105463209,2024-05-27,NEG,not ironic,
22935314,42936,42936,1795144362076098740,2024-05-27,NEG,not ironic,
22935315,42937,42937,1795144361971249177,2024-05-27,NEU,not ironic,
22935316,42938,42938,1795144361958637889,2024-05-27,NEU,ironic,
22935317,42939,42939,1795144361660837939,2024-05-27,POS,not ironic,
22935318,42940,42940,1795144361627336932,2024-05-27,NEU,not ironic,
22935319,42941,42941,1795144361006493980,2024-05-27,NEG,not ironic,
22935320,42942,42942,1795144360213749925,2024-05-27,NEU,ironic,
22935321,42943,42943,1795144358460567962,2024-05-27,NEU,not ironic,
22935322,42944,42944,1795144357105840144,2024-05-27,NEU,not ironic,
22935323,42945,42945,1795144356434702451,2024-05-27,NEG,not ironic,
22935324,42946,42946,1795144354912236023,2024-05-27,NEG,not ironic,
22935325,42947,42947,1795144354346025383,2024-05-27,NEG,not ironic,
22935326,42948,42948,1795144354085863462,2024-05-27,NEU,not ironic,
22935327,42949,42949,1795144353033154733,2024-05-27,NEU,ironic,
22935328,42950,42950,1795144352651514306,2024-05-27,NEU,ironic,
22935329,42951,42951,1795144352307511469,2024-05-27,NEG,not ironic,
22935330,42952,42952,1795144350923444735,2024-05-27,NEU,not ironic,
22935331,42953,42953,1795144349749047385,2024-05-27,NEG,ironic,
22935332,42954,42954,1795144349711315072,2024-05-27,POS,not ironic,
22935333,42955,42955,1795144349119836601,2024-05-27,NEG,not ironic,
22935334,42956,42956,1795144346385231932,2024-05-27,NEU,ironic,
22935335,42957,42957,1795144345827397646,2024-05-27,NEG,not ironic,
22935336,42958,42958,1795144345647038720,2024-05-27,NEG,ironic,
22935337,42959,42959,1795144345030443117,2024-05-27,NEG,ironic,
22935338,42960,42960,1795144344933949864,2024-05-27,NEG,not ironic,
22935339,42961,42961,1795144344548065651,2024-05-27,NEU,not ironic,
22935340,42962,42962,1795144343084237261,2024-05-27,NEG,ironic,
22935341,42963,42963,1795144343071727716,2024-05-27,NEG,not ironic,
22935342,42964,42964,1795144342463475726,2024-05-27,POS,not ironic,
22935343,42965,42965,1795144342312558870,2024-05-27,NEG,ironic,
22935344,42966,42966,1795144340412432787,2024-05-27,NEG,ironic,
22935345,42967,42967,1795144338709664089,2024-05-27,NEG,not ironic,
22935346,42968,42968,1795144338290204805,2024-05-27,NEU,ironic,
22935347,42969,42969,1795144338252447765,2024-05-27,NEU,not ironic,
22935348,42970,42970,1795144338151784707,2024-05-27,NEU,not ironic,
22935349,42971,42971,1795144338068078835,2024-05-27,NEG,not ironic,
22935350,42972,42972,1795144337556168704,2024-05-27,NEG,not ironic,
22935351,42973,42973,1795144337400926540,2024-05-27,NEG,not ironic,
22935352,42974,42974,1795144335056412795,2024-05-27,NEG,ironic,
22935353,42975,42975,1795144334683107657,2024-05-27,POS,not ironic,
22935354,42976,42976,1795144333672214663,2024-05-27,NEG,ironic,
22935355,42977,42977,1795144332975939688,2024-05-27,NEG,not ironic,
22935356,42978,42978,1795144331889721635,2024-05-27,NEU,not ironic,
22935357,42979,42979,1795144330945941838,2024-05-27,NEG,not ironic,
22935358,42980,42980,1795144330685939757,2024-05-27,POS,not ironic,
22935359,42981,42981,1795144330199359512,2024-05-27,POS,not ironic,
22935360,42982,42982,1795144329301807482,2024-05-27,NEU,not ironic,
22935361,42983,42983,1795144328135704911,2024-05-27,NEU,not ironic,
22935362,42984,42984,1795144327867346984,2024-05-27,NEU,not ironic,
22935363,42985,42985,1795144327695397123,2024-05-27,NEU,ironic,
22935364,42986,42986,1795144327187902546,2024-05-27,NEU,not ironic,
22935365,42987,42987,1795144327179452656,2024-05-27,POS,ironic,
22935366,42988,42988,1795144325795356678,2024-05-27,NEU,not ironic,
22935367,42989,42989,1795144325489193419,2024-05-27,NEG,not ironic,
22935368,42990,42990,1795144324591546753,2024-05-27,NEG,not ironic,
22935369,42991,42991,1795144324377706667,2024-05-27,POS,not ironic,
22935370,42992,42992,1795144324063084797,2024-05-27,NEG,not ironic,
22935371,42993,42993,1795144322850881674,2024-05-27,NEG,not ironic,
22935372,42994,42994,1795144322486030685,2024-05-27,NEG,not ironic,
22935373,42995,42995,1795144320401490206,2024-05-27,NEU,not ironic,
22935374,42996,42996,1795144319730335981,2024-05-27,NEG,not ironic,
22935375,42997,42997,1795144319730327565,2024-05-27,NEU,not ironic,
22935376,42998,42998,1795144318870569443,2024-05-27,POS,ironic,
22935377,42999,42999,1795144318866329634,2024-05-27,NEG,not ironic,
22935378,43000,43000,1795144318715388126,2024-05-27,NEG,ironic,
22935379,43001,43001,1795144316085571906,2024-05-27,NEG,not ironic,
22935380,43002,43002,1795144315628290491,2024-05-27,POS,not ironic,
22935381,43003,43003,1795144313988378654,2024-05-27,NEG,ironic,
22935382,43004,43004,1795144313828937756,2024-05-27,NEU,not ironic,
22935383,43005,43005,1795144312327442845,2024-05-27,NEG,ironic,
22935384,43006,43006,1795144312008626636,2024-05-27,NEG,not ironic,
22935385,43007,43007,1795144311606071626,2024-05-27,POS,ironic,
22935386,43008,43008,1795144311123718577,2024-05-27,NEG,ironic,
22935387,43009,43009,1795144310779769181,2024-05-27,NEG,not ironic,
22935388,43010,43010,1795144307688587603,2024-05-27,POS,not ironic,
22935389,43011,43011,1795144307260686442,2024-05-27,NEG,not ironic,
22935390,43012,43012,1795144307000721668,2024-05-27,NEG,not ironic,
22935391,43013,43013,1795144306782589346,2024-05-27,NEG,not ironic,
22935392,43014,43014,1795144306639962603,2024-05-27,NEG,not ironic,
22935393,43015,43015,1795144304228184150,2024-05-27,NEU,not ironic,
22935394,43016,43016,1795144300671512904,2024-05-27,NEG,not ironic,
22935395,43017,43017,1795144299840983091,2024-05-27,NEG,not ironic,
22935396,43018,43018,1795144299148963965,2024-05-27,NEG,ironic,
22935397,43019,43019,1795144299023077771,2024-05-27,NEG,not ironic,
22935398,43020,43020,1795144298683387966,2024-05-27,NEU,not ironic,
22935399,43021,43021,1795144297366311199,2024-05-27,NEG,not ironic,
22935400,43022,43022,1795144295944421594,2024-05-27,NEG,not ironic,
22935401,43023,43023,1795144295889973374,2024-05-27,NEU,not ironic,
22935402,43024,43024,1795144295285952914,2024-05-27,NEG,not ironic,
22935403,43025,43025,1795144294275158347,2024-05-27,NEG,not ironic,
22935404,43026,43026,1795144294069645470,2024-05-27,NEG,ironic,
22935405,43027,43027,1795144292802912348,2024-05-27,NEG,not ironic,
22935406,43028,43028,1795144292643623406,2024-05-27,NEG,ironic,
22935407,43029,43029,1795144291930480728,2024-05-27,NEG,not ironic,
22935408,43030,43030,1795144291745992862,2024-05-27,NEG,ironic,
22935409,43031,43031,1795144291548872975,2024-05-27,NEU,ironic,
22935410,43032,43032,1795144289757921551,2024-05-27,NEU,not ironic,
22935411,43033,43033,1795144289208426789,2024-05-27,NEG,not ironic,
22935412,43034,43034,1795144288768041331,2024-05-27,NEG,ironic,
22935413,43035,43035,1795144287841128681,2024-05-27,NEG,not ironic,
22935414,43036,43036,1795144287325196629,2024-05-27,NEG,not ironic,
22935415,43037,43037,1795144284762480911,2024-05-27,NEG,ironic,
22935416,43038,43038,1795144283948720423,2024-05-27,NEU,ironic,
22935417,43039,43039,1795144283059544074,2024-05-27,NEG,not ironic,
22935418,43040,43040,1795144282208133467,2024-05-27,NEG,not ironic,
22935419,43041,43041,1795144280467513628,2024-05-27,NEU,not ironic,
22935420,43042,43042,1795144278148026423,2024-05-27,NEU,ironic,
22935421,43043,43043,1795144277594423795,2024-05-27,NEG,ironic,
22935422,43044,43044,1795144277304975366,2024-05-27,NEG,not ironic,
22935423,43045,43045,1795144275824398820,2024-05-27,NEG,not ironic,
22935424,43046,43046,1795144275023245650,2024-05-27,NEG,not ironic,
22935425,43047,43047,1795144273735585909,2024-05-27,NEU,not ironic,
22935426,43048,43048,1795144273161052616,2024-05-27,POS,not ironic,
22935427,43049,43049,1795144272712253619,2024-05-27,NEG,ironic,
22935428,43050,43050,1795144272712220704,2024-05-27,NEG,not ironic,
22935429,43051,43051,1795144271378489805,2024-05-27,NEG,ironic,
22935430,43052,43052,1795144269868527892,2024-05-27,NEG,ironic,
22935431,43053,43053,1795144269801431049,2024-05-27,NEG,not ironic,
22935432,43054,43054,1795144268832538839,2024-05-27,NEG,not ironic,
22935433,43055,43055,1795144268341723424,2024-05-27,NEG,not ironic,
22935434,43056,43056,1795144268203327490,2024-05-27,NEU,ironic,
22935435,43057,43057,1795144267846885486,2024-05-27,NEG,ironic,
22935436,43058,43058,1795144266026479633,2024-05-27,NEG,not ironic,
22935437,43059,43059,1795144263883264416,2024-05-27,NEG,not ironic,
22935438,43060,43060,1795144261937012779,2024-05-27,NEG,ironic,
22935439,43061,43061,1795144260976619846,2024-05-27,NEG,ironic,
22935440,43062,43062,1795144260083204456,2024-05-27,NEU,not ironic,
22935441,43063,43063,1795144258527064325,2024-05-27,NEG,not ironic,
22935442,43064,43064,1795144257897910572,2024-05-27,NEG,ironic,
22935443,43065,43065,1795144257520415004,2024-05-27,NEG,not ironic,
22935444,43066,43066,1795144256006267379,2024-05-27,POS,ironic,
22935445,43067,43067,1795144255255556404,2024-05-27,NEG,ironic,
22935446,43068,43068,1795144254894878804,2024-05-27,NEU,not ironic,
22935447,43069,43069,1795144254454423720,2024-05-27,NEU,not ironic,
22935448,43070,43070,1795144253238038906,2024-05-27,POS,not ironic,
22935449,43071,43071,1795144252722127036,2024-05-27,POS,not ironic,
22935450,43072,43072,1795144251572891807,2024-05-27,NEU,not ironic,
22935451,43073,43073,1795144250587255199,2024-05-27,NEG,ironic,
22935452,43074,43074,1795144248972529808,2024-05-27,NEU,not ironic,
22935453,43075,43075,1795144248850874812,2024-05-27,NEG,ironic,
22935454,43076,43076,1795144246413889938,2024-05-27,NEG,ironic,
22935455,43077,43077,1795144246237770014,2024-05-27,NEG,not ironic,
22935456,43078,43078,1795144244904014181,2024-05-27,NEG,not ironic,
22935457,43079,43079,1795144243960303693,2024-05-27,NEG,ironic,
22935458,43080,43080,1795144243452768419,2024-05-27,NEU,ironic,
22935459,43081,43081,1795144243335270630,2024-05-27,NEU,ironic,
22935460,43082,43082,1795144242785870037,2024-05-27,NEG,ironic,
22935461,43083,43083,1795144241988907169,2024-05-27,NEG,not ironic,
22935462,43084,43084,1795144239027802292,2024-05-27,NEU,ironic,
22935463,43085,43085,1795144238696456292,2024-05-27,NEG,ironic,
22935464,43086,43086,1795144237949800789,2024-05-27,NEU,not ironic,
22935465,43087,43087,1795144237710774783,2024-05-27,NEU,ironic,
22935466,43088,43088,1795144237563949467,2024-05-27,NEU,ironic,
22935467,43089,43089,1795144235215192150,2024-05-27,NEU,not ironic,
22935468,43090,43090,1795144233407348824,2024-05-27,POS,ironic,
22935469,43091,43091,1795144233214459979,2024-05-27,POS,ironic,
22935470,43092,43092,1795144232153276595,2024-05-27,POS,ironic,
22935471,43093,43093,1795144232090439858,2024-05-27,NEU,ironic,
22935472,43094,43094,1795144231700267048,2024-05-27,NEG,not ironic,
22935473,43095,43095,1795144231679344983,2024-05-27,NEG,not ironic,
22935474,43096,43096,1795144231662629191,2024-05-27,NEG,not ironic,
22935475,43097,43097,1795144231285063968,2024-05-27,NEU,not ironic,
22935476,43098,43098,1795144230555283753,2024-05-27,NEU,ironic,
22935477,43099,43099,1795144229020168281,2024-05-27,NEG,not ironic,
22935478,43100,43100,1795144228533649869,2024-05-27,NEU,not ironic,
22935479,43101,43101,1795144228109988141,2024-05-27,NEG,not ironic,
22935480,43102,43102,1795144227271143893,2024-05-27,NEG,not ironic,
22935481,43103,43103,1795144226780422438,2024-05-27,NEU,ironic,
22935482,43104,43104,1795144226226745661,2024-05-27,NEU,not ironic,
22935483,43105,43105,1795144226218397903,2024-05-27,NEG,not ironic,
22935484,43106,43106,1795144226046411260,2024-05-27,POS,not ironic,
22935485,43107,43107,1795144224691589421,2024-05-27,NEG,ironic,
22935486,43108,43108,1795144224674824703,2024-05-27,NEU,not ironic,
22935487,43109,43109,1795144224482144659,2024-05-27,NEU,not ironic,
22935488,43110,43110,1795144224427397399,2024-05-27,NEU,ironic,
22935489,43111,43111,1795144223974465856,2024-05-27,NEG,ironic,
22935490,43112,43112,1795144222862885036,2024-05-27,NEG,ironic,
22935491,43113,43113,1795144222829351366,2024-05-27,POS,ironic,
22935492,43114,43114,1795144222586097959,2024-05-27,NEG,ironic,
22935493,43115,43115,1795144222506451095,2024-05-27,NEG,not ironic,
22935494,43116,43116,1795144221965332711,2024-05-27,NEG,not ironic,
22935495,43117,43117,1795144221579436394,2024-05-27,NEU,not ironic,
22935496,43118,43118,1795144220690239515,2024-05-27,NEU,not ironic,
22935497,43119,43119,1795144219129967042,2024-05-27,NEU,not ironic,
22935498,43120,43120,1795144218664476941,2024-05-27,NEG,not ironic,
22935499,43121,43121,1795144218454704560,2024-05-27,NEG,not ironic,
22935500,43122,43122,1795144217422930425,2024-05-27,NEG,not ironic,
22935501,43123,43123,1795144214839198175,2024-05-27,NEG,not ironic,
22935502,43124,43124,1795144214839177364,2024-05-27,NEG,ironic,
22935503,43125,43125,1795144214692380802,2024-05-27,NEG,ironic,
22935504,43126,43126,1795144214268842080,2024-05-27,NEU,not ironic,
22935505,43127,43127,1795144213237047468,2024-05-27,NEG,not ironic,
22935506,43128,43128,1795144212133953994,2024-05-27,NEU,not ironic,
22935507,43129,43129,1795144211282505855,2024-05-27,NEU,not ironic,
22935508,43130,43130,1795144211022381299,2024-05-27,NEG,not ironic,
22935509,43131,43131,1795144209843834880,2024-05-27,NEG,not ironic,
22935510,43132,43132,1795144208921047410,2024-05-27,NEG,ironic,
22935511,43133,43133,1795144208640000366,2024-05-27,POS,not ironic,
22935512,43134,43134,1795144208296108225,2024-05-27,NEG,not ironic,
22935513,43135,43135,1795144208237351015,2024-05-27,NEU,not ironic,
22935514,43136,43136,1795144207784431880,2024-05-27,NEG,not ironic,
22935515,43137,43137,1795144207734071311,2024-05-27,NEU,not ironic,
22935516,43138,43138,1795144207650390075,2024-05-27,NEU,not ironic,
22935517,43139,43139,1795144207255965778,2024-05-27,POS,ironic,
22935518,43140,43140,1795144205527871717,2024-05-27,NEG,ironic,
22935519,43141,43141,1795144204894478769,2024-05-27,NEG,not ironic,
22935520,43142,43142,1795144203921445324,2024-05-27,NEG,not ironic,
22935521,43143,43143,1795144202688381100,2024-05-27,NEU,not ironic,
22935522,43144,43144,1795144200347947272,2024-05-27,NEU,ironic,
22935523,43145,43145,1795144198041088430,2024-05-27,NEG,not ironic,
22935524,43146,43146,1795144197655208332,2024-05-27,NEG,not ironic,
22935525,43147,43147,1795144197575508350,2024-05-27,NEU,not ironic,
22935526,43148,43148,1795144197567127732,2024-05-27,NEU,ironic,
22935527,43149,43149,1795144194270318961,2024-05-27,NEU,not ironic,
22935528,43150,43150,1795144193523769817,2024-05-27,NEU,not ironic,
22935529,43151,43151,1795144192181625293,2024-05-27,NEG,not ironic,
22935530,43152,43152,1795144190042505377,2024-05-27,NEG,not ironic,
22935531,43153,43153,1795144189857923382,2024-05-27,NEU,not ironic,
22935532,43154,43154,1795144189522350175,2024-05-27,NEU,ironic,
22935533,43155,43155,1795144188582940674,2024-05-27,NEU,ironic,
22935534,43156,43156,1795144188465401992,2024-05-27,NEU,not ironic,
22935535,43157,43157,1795144187819528648,2024-05-27,NEG,ironic,
22935536,43158,43158,1795144187676963077,2024-05-27,NEG,not ironic,
22935537,43159,43159,1795144186783523199,2024-05-27,NEU,ironic,
22935538,43160,43160,1795144185625854294,2024-05-27,NEU,not ironic,
22935539,43161,43161,1795144184220819925,2024-05-27,POS,not ironic,
22935540,43162,43162,1795144184153690464,2024-05-27,NEG,ironic,
22935541,43163,43163,1795144183650418737,2024-05-27,NEU,not ironic,
22935542,43164,43164,1795144183159636156,2024-05-27,NEG,ironic,
22935543,43165,43165,1795144181096014071,2024-05-27,NEG,ironic,
22935544,43166,43166,1795144180576010456,2024-05-27,NEU,ironic,
22935545,43167,43167,1795144179472888120,2024-05-27,NEG,not ironic,
22935546,43168,43168,1795144179351421394,2024-05-27,NEU,ironic,
22935547,43169,43169,1795144178373898547,2024-05-27,NEG,ironic,
22935548,43170,43170,1795144178273255552,2024-05-27,NEG,not ironic,
22935549,43171,43171,1795144177887465558,2024-05-27,NEG,not ironic,
22935550,43172,43172,1795144177845440551,2024-05-27,NEU,ironic,
22935551,43173,43173,1795144173227581482,2024-05-27,NEU,not ironic,
22935552,43174,43174,1795144173210698196,2024-05-27,NEU,ironic,
22935553,43175,43175,1795144172191572355,2024-05-27,NEU,not ironic,
22935554,43176,43176,1795144172065697963,2024-05-27,NEG,not ironic,
22935555,43177,43177,1795144171897987127,2024-05-27,NEG,not ironic,
22935556,43178,43178,1795144171860148577,2024-05-27,NEG,not ironic,
22935557,43179,43179,1795144171612746152,2024-05-27,NEG,not ironic,
22935558,43180,43180,1795144170689991074,2024-05-27,POS,not ironic,
22935559,43181,43181,1795144169683382651,2024-05-27,NEG,ironic,
22935560,43182,43182,1795144169297469537,2024-05-27,NEU,ironic,
22935561,43183,43183,1795144167737246082,2024-05-27,NEU,not ironic,
22935562,43184,43184,1795144162603319347,2024-05-27,NEG,not ironic,
22935563,43185,43185,1795144161760325774,2024-05-27,NEG,ironic,
22935564,43186,43186,1795144161361801649,2024-05-27,NEG,not ironic,
22935565,43187,43187,1795144161332515269,2024-05-27,NEG,ironic,
22935566,43188,43188,1795144161139597795,2024-05-27,NEG,not ironic,
22935567,43189,43189,1795144160858575161,2024-05-27,NEG,not ironic,
22935568,43190,43190,1795144159331790849,2024-05-27,NEG,not ironic,
22935569,43191,43191,1795144159168238028,2024-05-27,NEU,ironic,
22935570,43192,43192,1795144158702661954,2024-05-27,NEG,ironic,
22935571,43193,43193,1795144157452730848,2024-05-27,POS,not ironic,
22935572,43194,43194,1795144156337099082,2024-05-27,NEG,ironic,
22935573,43195,43195,1795144155854668023,2024-05-27,NEG,not ironic,
22935574,43196,43196,1795144155321999555,2024-05-27,NEG,ironic,
22935575,43197,43197,1795144155179438410,2024-05-27,NEU,not ironic,
22935576,43198,43198,1795144154906759529,2024-05-27,NEU,ironic,
22935577,43199,43199,1795144153740787935,2024-05-27,NEU,not ironic,
22935578,43200,43200,1795144153434669505,2024-05-27,NEU,not ironic,
22935579,43201,43201,1795144153413697879,2024-05-27,NEG,ironic,
22935580,43202,43202,1795144151031263651,2024-05-27,NEG,not ironic,
22935581,43203,43203,1795144150058213622,2024-05-27,NEU,not ironic,
22935582,43204,43204,1795144149374513234,2024-05-27,NEG,not ironic,
22935583,43205,43205,1795144149299056650,2024-05-27,NEG,not ironic,
22935584,43206,43206,1795144147629658559,2024-05-27,NEG,not ironic,
22935585,43207,43207,1795144146232979463,2024-05-27,NEG,ironic,
22935586,43208,43208,1795144145138274787,2024-05-27,NEU,not ironic,
22935587,43209,43209,1795144144848847277,2024-05-27,NEU,not ironic,
22935588,43210,43210,1795144144332923087,2024-05-27,NEG,not ironic,
22935589,43211,43211,1795144143670263843,2024-05-27,NEU,not ironic,
22935590,43212,43212,1795144143158628461,2024-05-27,NEG,ironic,
22935591,43213,43213,1795144143104057785,2024-05-27,NEU,not ironic,
22935592,43214,43214,1795144142911070710,2024-05-27,NEG,not ironic,
22935593,43215,43215,1795144140998529248,2024-05-27,NEU,not ironic,
22935594,43216,43216,1795144140306465158,2024-05-27,NEU,not ironic,
22935595,43217,43217,1795144135969566850,2024-05-27,NEU,not ironic,
22935596,43218,43218,1795144135797531031,2024-05-27,NEG,not ironic,
22935597,43219,43219,1795144135344550048,2024-05-27,NEG,not ironic,
22935598,43220,43220,1795144135281717711,2024-05-27,NEG,ironic,
22935599,43221,43221,1795144135252324431,2024-05-27,NEG,ironic,
22935600,43222,43222,1795144130244325379,2024-05-27,NEG,ironic,
22935601,43223,43223,1795144129548025895,2024-05-27,NEG,not ironic,
22935602,43224,43224,1795144129506078781,2024-05-27,NEG,ironic,
22935603,43225,43225,1795144129392898168,2024-05-27,POS,ironic,
22935604,43226,43226,1795144128612724786,2024-05-27,NEU,not ironic,
22935605,43227,43227,1795144126163280236,2024-05-27,NEG,not ironic,
22935606,43228,43228,1795144125009780848,2024-05-27,NEG,not ironic,
22935607,43229,43229,1795144120266097006,2024-05-27,NEG,ironic,
22935608,43230,43230,1795144119917916503,2024-05-27,NEG,ironic,
22935609,43231,43231,1795144118567370761,2024-05-27,NEU,not ironic,
22935610,43232,43232,1795144116659011768,2024-05-27,NEU,not ironic,
22935611,43233,43233,1795144116432412753,2024-05-27,NEU,ironic,
22935612,43234,43234,1795144116008792538,2024-05-27,NEU,ironic,
22935613,43235,43235,1795144114079477850,2024-05-27,NEG,not ironic,
22935614,43236,43236,1795144113198670048,2024-05-27,NEG,not ironic,
22935615,43237,43237,1795144113068597261,2024-05-27,NEG,ironic,
22935616,43238,43238,1795144112867311661,2024-05-27,NEU,not ironic,
22935617,43239,43239,1795144111722320032,2024-05-27,NEG,not ironic,
22935618,43240,43240,1795144111659307010,2024-05-27,NEG,ironic,
22935619,43241,43241,1795144111583875394,2024-05-27,NEG,ironic,
22935620,43242,43242,1795144111067934812,2024-05-27,NEG,not ironic,
22935621,43243,43243,1795144110367453434,2024-05-27,POS,not ironic,
22935622,43244,43244,1795144110266798519,2024-05-27,NEG,ironic,
22935623,43245,43245,1795144106437451790,2024-05-27,NEG,not ironic,
22935624,43246,43246,1795144106420703724,2024-05-27,POS,not ironic,
22935625,43247,43247,1795144105552449577,2024-05-27,NEG,not ironic,
22935626,43248,43248,1795144104751341917,2024-05-27,NEU,not ironic,
22935627,43249,43249,1795144104638070800,2024-05-27,NEU,not ironic,
22935628,43250,43250,1795144103434293434,2024-05-27,NEG,not ironic,
22935629,43251,43251,1795144103149122015,2024-05-27,NEU,not ironic,
22935630,43252,43252,1795144102972907671,2024-05-27,NEG,not ironic,
22935631,43253,43253,1795144102889038227,2024-05-27,NEU,not ironic,
22935632,43254,43254,1795144102717047170,2024-05-27,NEU,not ironic,
22935633,43255,43255,1795144102163423524,2024-05-27,NEG,ironic,
22935634,43256,43256,1795144102134022260,2024-05-27,NEU,ironic,
22935635,43257,43257,1795144102058549584,2024-05-27,NEG,ironic,
22935636,43258,43258,1795144101693677997,2024-05-27,NEU,ironic,
22935637,43259,43259,1795144101056172420,2024-05-27,NEU,not ironic,
22935638,43260,43260,1795144099953045910,2024-05-27,NEU,not ironic,
22935639,43261,43261,1795144099944649133,2024-05-27,NEG,not ironic,
22935640,43262,43262,1795144098443128952,2024-05-27,POS,not ironic,
22935641,43263,43263,1795144098355015787,2024-05-27,NEU,not ironic,
22935642,43264,43264,1795144098073944352,2024-05-27,POS,ironic,
22935643,43265,43265,1795144097298059558,2024-05-27,NEG,not ironic,
22935644,43266,43266,1795144097197424805,2024-05-27,NEG,ironic,
22935645,43267,43267,1795144096182391216,2024-05-27,POS,not ironic,
22935646,43268,43268,1795144095985176951,2024-05-27,NEU,not ironic,
22935647,43269,43269,1795144095897104768,2024-05-27,NEG,not ironic,
22935648,43270,43270,1795144095641243756,2024-05-27,NEG,ironic,
22935649,43271,43271,1795144095368720862,2024-05-27,NEG,not ironic,
22935650,43272,43272,1795144094781419669,2024-05-27,NEU,not ironic,
22935651,43273,43273,1795144093929972099,2024-05-27,NEU,ironic,
22935652,43274,43274,1795144093175029789,2024-05-27,NEG,ironic,
22935653,43275,43275,1795144092243886566,2024-05-27,NEG,not ironic,
22935654,43276,43276,1795144091161784694,2024-05-27,NEG,not ironic,
22935655,43277,43277,1795144090075512964,2024-05-27,NEG,not ironic,
22935656,43278,43278,1795144089786032586,2024-05-27,NEG,not ironic,
22935657,43279,43279,1795144089131941895,2024-05-27,POS,not ironic,
22935658,43280,43280,1795144088930427051,2024-05-27,NEG,ironic,
22935659,43281,43281,1795144088859074657,2024-05-27,NEU,not ironic,
22935660,43282,43282,1795144088653545983,2024-05-27,NEG,ironic,
22935661,43283,43283,1795144088364224903,2024-05-27,POS,not ironic,
22935662,43284,43284,1795144086950687003,2024-05-27,POS,not ironic,
22935663,43285,43285,1795144083544965546,2024-05-27,NEG,not ironic,
22935664,43286,43286,1795144081925964192,2024-05-27,NEG,not ironic,
22935665,43287,43287,1795144081758208276,2024-05-27,POS,not ironic,
22935666,43288,43288,1795144081594614156,2024-05-27,NEU,ironic,
22935667,43289,43289,1795144081166811493,2024-05-27,NEG,not ironic,
22935668,43290,43290,1795144081112277076,2024-05-27,NEU,not ironic,
22935669,43291,43291,1795144080378183714,2024-05-27,POS,not ironic,
22935670,43292,43292,1795144079912624284,2024-05-27,NEG,not ironic,
22935671,43293,43293,1795144079761641941,2024-05-27,NEU,ironic,
22935672,43294,43294,1795144079535202332,2024-05-27,NEU,not ironic,
22935673,43295,43295,1795144076649480282,2024-05-27,NEG,not ironic,
22935674,43296,43296,1795144076175573137,2024-05-27,NEU,not ironic,
22935675,43297,43297,1795144075995148775,2024-05-27,NEG,ironic,
22935676,43298,43298,1795144072597733614,2024-05-27,NEG,not ironic,
22935677,43299,43299,1795144072354496989,2024-05-27,NEG,not ironic,
22935678,43300,43300,1795144072337719348,2024-05-27,NEG,not ironic,
22935679,43301,43301,1795144072002195729,2024-05-27,NEU,not ironic,
22935680,43302,43302,1795144071758987361,2024-05-27,NEU,not ironic,
22935681,43303,43303,1795144071062622255,2024-05-27,NEG,not ironic,
22935682,43304,43304,1795144070324453440,2024-05-27,NEG,not ironic,
22935683,43305,43305,1795144070152499214,2024-05-27,POS,not ironic,
22935684,43306,43306,1795144069204553831,2024-05-27,NEG,ironic,
22935685,43307,43307,1795144067505967163,2024-05-27,NEG,ironic,
22935686,43308,43308,1795144064767009269,2024-05-27,NEU,not ironic,
22935687,43309,43309,1795144064695759150,2024-05-27,NEG,not ironic,
22935688,43310,43310,1795144063521263972,2024-05-27,NEG,ironic,
22935689,43311,43311,1795144062690886130,2024-05-27,NEU,not ironic,
22935690,43312,43312,1795144062195908898,2024-05-27,NEU,not ironic,
22935691,43313,43313,1795144062040735974,2024-05-27,NEG,ironic,
22935692,43314,43314,1795144060287570046,2024-05-27,NEU,not ironic,
22935693,43315,43315,1795144059465371675,2024-05-27,NEU,not ironic,
22935694,43316,43316,1795144057166959086,2024-05-27,NEG,not ironic,
22935695,43317,43317,1795144056068084128,2024-05-27,NEU,not ironic,
22935696,43318,43318,1795144055086621076,2024-05-27,NEU,not ironic,
22935697,43319,43319,1795144054914637891,2024-05-27,NEG,ironic,
22935698,43320,43320,1795144053455003973,2024-05-27,NEG,not ironic,
22935699,43321,43321,1795144052876120559,2024-05-27,NEG,not ironic,
22935700,43322,43322,1795144051651412219,2024-05-27,POS,not ironic,
22935701,43323,43323,1795144051131371888,2024-05-27,NEU,not ironic,
22935702,43324,43324,1795144050305118425,2024-05-27,NEG,ironic,
22935703,43325,43325,1795144050074427703,2024-05-27,POS,not ironic,
22935704,43326,43326,1795144048807674003,2024-05-27,NEU,not ironic,
22935705,43327,43327,1795144048652451979,2024-05-27,NEG,not ironic,
22935706,43328,43328,1795144047947927794,2024-05-27,NEG,not ironic,
22935707,43329,43329,1795144045359989123,2024-05-27,NEG,ironic,
22935708,43330,43330,1795144045351575925,2024-05-27,NEU,ironic,
22935709,43331,43331,1795144044734988537,2024-05-27,NEG,not ironic,
22935710,43332,43332,1795144043850002474,2024-05-27,NEG,not ironic,
22935711,43333,43333,1795144042751082609,2024-05-27,POS,ironic,
22935712,43334,43334,1795144042201637117,2024-05-27,NEG,not ironic,
22935713,43335,43335,1795144040528154769,2024-05-27,NEU,ironic,
22935714,43336,43336,1795144039987077358,2024-05-27,NEG,not ironic,
22935715,43337,43337,1795144039085346904,2024-05-27,NEU,ironic,
22935716,43338,43338,1795144037042737189,2024-05-27,NEU,not ironic,
22935717,43339,43339,1795144035377574137,2024-05-27,NEG,not ironic,
22935718,43340,43340,1795144034521944474,2024-05-27,NEU,ironic,
22935719,43341,43341,1795144034467410040,2024-05-27,NEG,not ironic,
22935720,43342,43342,1795144031065739406,2024-05-27,NEG,not ironic,
22935721,43343,43343,1795144030331781575,2024-05-27,NEG,ironic,
22935722,43344,43344,1795144029627179236,2024-05-27,NEG,ironic,
22935723,43345,43345,1795144029279007110,2024-05-27,NEU,not ironic,
22935724,43346,43346,1795144028708630922,2024-05-27,NEG,not ironic,
22935725,43347,43347,1795144028465267052,2024-05-27,NEG,not ironic,
22935726,43348,43348,1795144027861291419,2024-05-27,NEG,ironic,
22935727,43349,43349,1795144027265777803,2024-05-27,NEU,not ironic,
22935728,43350,43350,1795144027186065412,2024-05-27,NEG,not ironic,
22935729,43351,43351,1795144026682724845,2024-05-27,NEG,not ironic,
22935730,43352,43352,1795144026514989128,2024-05-27,NEG,ironic,
22935731,43353,43353,1795144026200347058,2024-05-27,NEU,not ironic,
22935732,43354,43354,1795144026028396620,2024-05-27,NEG,ironic,
22935733,43355,43355,1795144024824643887,2024-05-27,NEU,not ironic,
22935734,43356,43356,1795144024015212951,2024-05-27,NEU,not ironic,
22935735,43357,43357,1795144023046279393,2024-05-27,NEG,ironic,
22935736,43358,43358,1795144021750272029,2024-05-27,POS,ironic,
22935737,43359,43359,1795144021498581001,2024-05-27,NEG,ironic,
22935738,43360,43360,1795144021263675838,2024-05-27,NEU,ironic,
22935739,43361,43361,1795144020047413538,2024-05-27,NEU,ironic,
22935740,43362,43362,1795144019653038114,2024-05-27,NEG,ironic,
22935741,43363,43363,1795144018898083949,2024-05-27,NEG,ironic,
22935742,43364,43364,1795144018617102641,2024-05-27,NEG,ironic,
22935743,43365,43365,1795144017912492235,2024-05-27,NEG,not ironic,
22935744,43366,43366,1795144017895686225,2024-05-27,NEU,ironic,
22935745,43367,43367,1795144017069391944,2024-05-27,POS,not ironic,
22935746,43368,43368,1795144015752397137,2024-05-27,NEU,not ironic,
22935747,43369,43369,1795144012048765140,2024-05-27,NEG,ironic,
22935748,43370,43370,1795144010958356496,2024-05-27,NEU,not ironic,
22935749,43371,43371,1795144010287161468,2024-05-27,NEU,ironic,
22935750,43372,43372,1795144009159000361,2024-05-27,POS,not ironic,
22935751,43373,43373,1795144007892279517,2024-05-27,POS,not ironic,
22935752,43374,43374,1795144005933465696,2024-05-27,NEU,ironic,
22935753,43375,43375,1795144005421830439,2024-05-27,POS,not ironic,
22935754,43376,43376,1795144001827250600,2024-05-27,POS,ironic,
22935755,43377,43377,1795144001818939774,2024-05-27,POS,ironic,
22935756,43378,43378,1795144001454002193,2024-05-27,NEG,ironic,
22935757,43379,43379,1795143998975160641,2024-05-27,POS,ironic,
22935758,43380,43380,1795143998044004532,2024-05-27,NEU,ironic,
22935759,43381,43381,1795143996257231353,2024-05-27,NEU,not ironic,
22935760,43382,43382,1795143995766509637,2024-05-27,NEG,not ironic,
22935761,43383,43383,1795143995435384903,2024-05-27,POS,not ironic,
22935762,43384,43384,1795143994436960346,2024-05-27,NEU,not ironic,
22935763,43385,43385,1795143993786761487,2024-05-27,POS,not ironic,
22935764,43386,43386,1795143993010913771,2024-05-27,NEG,not ironic,
22935765,43387,43387,1795143991932928119,2024-05-27,NEG,ironic,
22935766,43388,43388,1795143991383470377,2024-05-27,NEU,not ironic,
22935767,43389,43389,1795143991165407495,2024-05-27,NEU,not ironic,
22935768,43390,43390,1795143990724981039,2024-05-27,NEU,not ironic,
22935769,43391,43391,1795143990188150789,2024-05-27,NEU,ironic,
22935770,43392,43392,1795143989860900966,2024-05-27,NEG,not ironic,
22935771,43393,43393,1795143989735178741,2024-05-27,NEU,not ironic,
22935772,43394,43394,1795143987734430176,2024-05-27,NEU,not ironic,
22935773,43395,43395,1795143987092701193,2024-05-27,NEG,not ironic,
22935774,43396,43396,1795143983196192884,2024-05-27,NEG,not ironic,
22935775,43397,43397,1795143979966542001,2024-05-27,NEU,not ironic,
22935776,43398,43398,1795143979886837802,2024-05-27,NEU,not ironic,
22935777,43399,43399,1795143979333193788,2024-05-27,NEG,not ironic,
22935778,43400,43400,1795143979245220152,2024-05-27,NEG,not ironic,
22935779,43401,43401,1795143977965940742,2024-05-27,NEG,not ironic,
22935780,43402,43402,1795143977328365689,2024-05-27,POS,ironic,
22935781,43403,43403,1795143975671591005,2024-05-27,NEG,not ironic,
22935782,43404,43404,1795143973616468003,2024-05-27,POS,ironic,
22935783,43405,43405,1795143968096747887,2024-05-27,NEG,not ironic,
22935784,43406,43406,1795143967287189937,2024-05-27,NEG,not ironic,
22935785,43407,43407,1795143966242836554,2024-05-27,NEG,ironic,
22935786,43408,43408,1795143963889852549,2024-05-27,NEG,ironic,
22935787,43409,43409,1795143962929336828,2024-05-27,POS,not ironic,
22935788,43410,43410,1795143962803446081,2024-05-27,NEG,not ironic,
22935789,43411,43411,1795143962417627462,2024-05-27,NEG,ironic,
22935790,43412,43412,1795143962140782771,2024-05-27,NEG,not ironic,
22935791,43413,43413,1795143961696174131,2024-05-27,NEU,not ironic,
22935792,43414,43414,1795143959469003204,2024-05-27,NEG,not ironic,
22935793,43415,43415,1795143958596596199,2024-05-27,NEG,ironic,
22935794,43416,43416,1795143957757779978,2024-05-27,NEU,not ironic,
22935795,43417,43417,1795143957308944490,2024-05-27,POS,ironic,
22935796,43418,43418,1795143957174743481,2024-05-27,NEG,ironic,
22935797,43419,43419,1795143956713361445,2024-05-27,NEU,not ironic,
22935798,43420,43420,1795143955153039719,2024-05-27,NEU,not ironic,
22935799,43421,43421,1795143954419122460,2024-05-27,NEG,ironic,
22935800,43422,43422,1795143953659937038,2024-05-27,NEG,not ironic,
22935801,43423,43423,1795143953303380078,2024-05-27,NEG,not ironic,
22935802,43424,43424,1795143951696994639,2024-05-27,NEU,not ironic,
22935803,43425,43425,1795143951134994830,2024-05-27,NEG,not ironic,
22935804,43426,43426,1795143947389489369,2024-05-27,NEG,ironic,
22935805,43427,43427,1795143945619407106,2024-05-27,NEU,not ironic,
22935806,43428,43428,1795143943379644812,2024-05-27,NEU,ironic,
22935807,43429,43429,1795143943035707664,2024-05-27,POS,not ironic,
22935808,43430,43430,1795143942532485615,2024-05-27,NEU,ironic,
22935809,43431,43431,1795143942373052853,2024-05-27,NEG,not ironic,
22935810,43432,43432,1795143941680959638,2024-05-27,NEG,not ironic,
22935811,43433,43433,1795143941114781785,2024-05-27,NEG,not ironic,
22935812,43434,43434,1795143940565332299,2024-05-27,NEG,not ironic,
22935813,43435,43435,1795143937880936612,2024-05-27,NEU,not ironic,
22935814,43436,43436,1795143937880912361,2024-05-27,NEG,not ironic,
22935815,43437,43437,1795143937172124153,2024-05-27,NEG,ironic,
22935816,43438,43438,1795143936861708574,2024-05-27,POS,ironic,
22935817,43439,43439,1795143936849154190,2024-05-27,NEG,ironic,
22935818,43440,43440,1795143934902935553,2024-05-27,NEU,not ironic,
22935819,43441,43441,1795143934131212639,2024-05-27,NEU,not ironic,
22935820,43442,43442,1795143933636317403,2024-05-27,NEG,ironic,
22935821,43443,43443,1795143932675833894,2024-05-27,NEG,not ironic,
22935822,43444,43444,1795143928179462281,2024-05-27,NEG,not ironic,
22935823,43445,43445,1795143925293801720,2024-05-27,NEG,ironic,
22935824,43446,43446,1795143922844361183,2024-05-27,POS,ironic,
22935825,43447,43447,1795143922282352702,2024-05-27,NEG,ironic,
22935826,43448,43448,1795143921690955887,2024-05-27,NEU,not ironic,
22935827,43449,43449,1795143921166631173,2024-05-27,NEG,not ironic,
22935828,43450,43450,1795143920172609542,2024-05-27,NEU,not ironic,
22935829,43451,43451,1795143919333757171,2024-05-27,NEG,not ironic,
22935830,43452,43452,1795143918482330084,2024-05-27,NEG,ironic,
22935831,43453,43453,1795143917572141327,2024-05-27,NEU,not ironic,
22935832,43454,43454,1795143915831476247,2024-05-27,NEG,not ironic,
22935833,43455,43455,1795143915546308857,2024-05-27,NEG,not ironic,
22935834,43456,43456,1795143915017834880,2024-05-27,NEG,not ironic,
22935835,43457,43457,1795143913906262325,2024-05-27,NEG,ironic,
22935836,43458,43458,1795143912039866459,2024-05-27,NEG,not ironic,
22935837,43459,43459,1795143911993745677,2024-05-27,NEU,not ironic,
22935838,43460,43460,1795143910299254937,2024-05-27,NEG,ironic,
22935839,43461,43461,1795143908504080559,2024-05-27,NEG,not ironic,
22935840,43462,43462,1795143908084613125,2024-05-27,POS,not ironic,
22935841,43463,43463,1795143906788614195,2024-05-27,NEG,not ironic,
22935842,43464,43464,1795143904720757061,2024-05-27,POS,not ironic,
22935843,43465,43465,1795143904662073519,2024-05-27,NEU,not ironic,
22935844,43466,43466,1795143903403782347,2024-05-27,NEG,not ironic,
22935845,43467,43467,1795143903118561669,2024-05-27,NEG,not ironic,
22935846,43468,43468,1795143902464201205,2024-05-27,NEG,not ironic,
22935847,43469,43469,1795143902346821775,2024-05-27,NEG,not ironic,
22935848,43470,43470,1795143901008810457,2024-05-27,NEG,ironic,
22935849,43471,43471,1795143900832669839,2024-05-27,POS,not ironic,
22935850,43472,43472,1795143899750535491,2024-05-27,NEU,not ironic,
22935851,43473,43473,1795143899125518500,2024-05-27,NEU,not ironic,
22935852,43474,43474,1795143895275143191,2024-05-27,POS,ironic,
22935853,43475,43475,1795143895208100174,2024-05-27,NEG,not ironic,
22935854,43476,43476,1795143894440567127,2024-05-27,NEG,not ironic,
22935855,43477,43477,1795143892951515462,2024-05-27,NEG,ironic,
22935856,43478,43478,1795143890850267570,2024-05-27,NEG,not ironic,
22935857,43479,43479,1795143890409812364,2024-05-27,NEG,not ironic,
22935858,43480,43480,1795143888333689314,2024-05-27,NEG,ironic,
22935859,43481,43481,1795143887595454534,2024-05-27,NEU,not ironic,
22935860,43482,43482,1795143886819430850,2024-05-27,POS,ironic,
22935861,43483,43483,1795143886135869536,2024-05-27,POS,not ironic,
22935862,43484,43484,1795143885275922867,2024-05-27,NEG,not ironic,
22935863,43485,43485,1795143885062012969,2024-05-27,NEG,not ironic,
22935864,43486,43486,1795143884772720675,2024-05-27,NEU,ironic,
22935865,43487,43487,1795143883849978121,2024-05-27,NEG,not ironic,
22935866,43488,43488,1795143883468292141,2024-05-27,NEG,not ironic,
22935867,43489,43489,1795143883204018603,2024-05-27,NEU,not ironic,
22935868,43490,43490,1795143882709098502,2024-05-27,NEU,not ironic,
22935869,43491,43491,1795143881522073697,2024-05-27,NEG,ironic,
22935870,43492,43492,1795143881450823811,2024-05-27,NEU,not ironic,
22935871,43493,43493,1795143881324888154,2024-05-27,NEG,not ironic,
22935872,43494,43494,1795143879122878577,2024-05-27,NEG,not ironic,
22935873,43495,43495,1795143878158282767,2024-05-27,NEG,ironic,
22935874,43496,43496,1795143877864628719,2024-05-27,NEG,ironic,
22935875,43497,43497,1795143877159993414,2024-05-27,NEU,not ironic,
22935876,43498,43498,1795143874593116662,2024-05-27,NEG,ironic,
22935877,43499,43499,1795143874328866914,2024-05-27,POS,not ironic,
22935878,43500,43500,1795143874144244088,2024-05-27,NEU,ironic,
22935879,43501,43501,1795143874110746730,2024-05-27,NEU,ironic,
22935880,43502,43502,1795143872525279279,2024-05-27,NEU,not ironic,
22935881,43503,43503,1795143870142968137,2024-05-27,NEG,not ironic,
22935882,43504,43504,1795143867798302730,2024-05-27,NEU,not ironic,
22935883,43505,43505,1795143864530895345,2024-05-27,NEU,not ironic,
22935884,43506,43506,1795143861406224843,2024-05-27,NEG,not ironic,
22935885,43507,43507,1795143861276127479,2024-05-27,NEG,ironic,
22935886,43508,43508,1795143860806389945,2024-05-27,NEG,not ironic,
22935887,43509,43509,1795143858705051685,2024-05-27,NEU,not ironic,
22935888,43510,43510,1795143858575020184,2024-05-27,NEG,ironic,
22935889,43511,43511,1795143851167949232,2024-05-27,NEG,ironic,
22935890,43512,43512,1795143850756841888,2024-05-27,NEG,not ironic,
22935891,43513,43513,1795143850534764835,2024-05-27,NEU,not ironic,
22935892,43514,43514,1795143849242755555,2024-05-27,NEU,ironic,
22935893,43515,43515,1795143849163063779,2024-05-27,NEU,not ironic,
22935894,43516,43516,1795143848198349106,2024-05-27,NEG,ironic,
22935895,43517,43517,1795143847942484074,2024-05-27,NEG,not ironic,
22935896,43518,43518,1795143847862755830,2024-05-27,NEG,not ironic,
22935897,43519,43519,1795143846545744026,2024-05-27,NEG,not ironic,
22935898,43520,43520,1795143841378390383,2024-05-27,NEG,ironic,
22935899,43521,43521,1795143841189675509,2024-05-27,POS,not ironic,
22935900,43522,43522,1795143840426250654,2024-05-27,POS,ironic,
22935901,43523,43523,1795143840409510179,2024-05-27,NEG,ironic,
22935902,43524,43524,1795143838530457659,2024-05-27,NEG,not ironic,
22935903,43525,43525,1795143838215922096,2024-05-27,NEU,ironic,
22935904,43526,43526,1795143836525539628,2024-05-27,NEG,not ironic,
22935905,43527,43527,1795143835967803535,2024-05-27,NEU,ironic,
22935906,43528,43528,1795143835346960649,2024-05-27,POS,not ironic,
22935907,43529,43529,1795143835309195660,2024-05-27,NEU,not ironic,
22935908,43530,43530,1795143835191783758,2024-05-27,NEG,not ironic,
22935909,43531,43531,1795143835145650449,2024-05-27,NEG,not ironic,
22935910,43532,43532,1795143832855564554,2024-05-27,NEG,not ironic,
22935911,43533,43533,1795143832608088440,2024-05-27,NEU,not ironic,
22935912,43534,43534,1795143832436174871,2024-05-27,POS,ironic,
22935913,43535,43535,1795143831597224167,2024-05-27,NEG,ironic,
22935914,43536,43536,1795143829558841509,2024-05-27,NEU,not ironic,
22935915,43537,43537,1795143827272921490,2024-05-27,NEU,not ironic,
22935916,43538,43538,1795143826379538604,2024-05-27,NEU,not ironic,
22935917,43539,43539,1795143825834254493,2024-05-27,POS,not ironic,
22935918,43540,43540,1795143825679106471,2024-05-27,NEU,not ironic,
22935919,43541,43541,1795143824794148895,2024-05-27,NEG,not ironic,
22935920,43542,43542,1795143824508911915,2024-05-27,NEG,ironic,
22935921,43543,43543,1795143823884009508,2024-05-27,NEG,ironic,
22935922,43544,43544,1795143823686877293,2024-05-27,NEG,ironic,
22935923,43545,43545,1795143823430959144,2024-05-27,NEU,not ironic,
22935924,43546,43546,1795143821732237799,2024-05-27,NEU,not ironic,
22935925,43547,43547,1795143821488955535,2024-05-27,NEG,ironic,
22935926,43548,43548,1795143821107290291,2024-05-27,NEU,not ironic,
22935927,43549,43549,1795143820700471391,2024-05-27,NEG,ironic,
22935928,43550,43550,1795143820436291989,2024-05-27,NEG,ironic,
22935929,43551,43551,1795143818985026016,2024-05-27,NEG,not ironic,
22935930,43552,43552,1795143817030422854,2024-05-27,NEG,not ironic,
22935931,43553,43553,1795143816720085147,2024-05-27,NEG,ironic,
22935932,43554,43554,1795143816359403706,2024-05-27,NEU,not ironic,
22935933,43555,43555,1795143815956664367,2024-05-27,NEG,not ironic,
22935934,43556,43556,1795143815709204483,2024-05-27,NEG,ironic,
22935935,43557,43557,1795143815591870722,2024-05-27,NEG,ironic,
22935936,43558,43558,1795143815386292606,2024-05-27,NEG,not ironic,
22935937,43559,43559,1795143814904009129,2024-05-27,NEG,not ironic,
22935938,43560,43560,1795143814895559027,2024-05-27,NEU,not ironic,
22935939,43561,43561,1795143814631268660,2024-05-27,NEG,not ironic,
22935940,43562,43562,1795143812290916725,2024-05-27,NEU,not ironic,
22935941,43563,43563,1795143812253131231,2024-05-27,POS,not ironic,
22935942,43564,43564,1795143812014067770,2024-05-27,POS,not ironic,
22935943,43565,43565,1795143811640734073,2024-05-27,NEG,not ironic,
22935944,43566,43566,1795143811506532371,2024-05-27,POS,not ironic,
22935945,43567,43567,1795143811494019420,2024-05-27,NEG,not ironic,
22935946,43568,43568,1795143810768404734,2024-05-27,NEU,not ironic,
22935947,43569,43569,1795143810441232664,2024-05-27,NEU,not ironic,
22935948,43570,43570,1795143810051190940,2024-05-27,NEG,ironic,
22935949,43571,43571,1795143808813822245,2024-05-27,NEG,ironic,
22935950,43572,43572,1795143808507601101,2024-05-27,NEG,not ironic,
22935951,43573,43573,1795143808377622672,2024-05-27,NEU,ironic,
22935952,43574,43574,1795143806817378638,2024-05-27,NEU,not ironic,
22935953,43575,43575,1795143806305575015,2024-05-27,NEG,not ironic,
22935954,43576,43576,1795143806267859098,2024-05-27,NEG,not ironic,
22935955,43577,43577,1795143805982613659,2024-05-27,NEG,ironic,
22935956,43578,43578,1795143805869375997,2024-05-27,NEU,not ironic,
22935957,43579,43579,1795143805278302208,2024-05-27,POS,not ironic,
22935958,43580,43580,1795143804573380674,2024-05-27,NEU,not ironic,
22935959,43581,43581,1795143803449508342,2024-05-27,NEU,not ironic,
22935960,43582,43582,1795143802803360103,2024-05-27,NEU,not ironic,
22935961,43583,43583,1795143802123886903,2024-05-27,NEG,not ironic,
22935962,43584,43584,1795143798994911477,2024-05-27,NEG,not ironic,
22935963,43585,43585,1795143798558740699,2024-05-27,NEU,not ironic,
22935964,43586,43586,1795143794481840287,2024-05-27,NEU,ironic,
22935965,43587,43587,1795143794100257201,2024-05-27,NEU,not ironic,
22935966,43588,43588,1795143793978519841,2024-05-27,NEG,not ironic,
22935967,43589,43589,1795143792858636349,2024-05-27,NEU,ironic,
22935968,43590,43590,1795143792674193580,2024-05-27,NEU,ironic,
22935969,43591,43591,1795143792594502001,2024-05-27,NEU,not ironic,
22935970,43592,43592,1795143788370821284,2024-05-27,NEU,not ironic,
22935971,43593,43593,1795143788307837429,2024-05-27,NEU,not ironic,
22935972,43594,43594,1795143788169413051,2024-05-27,NEG,not ironic,
22935973,43595,43595,1795143786915365161,2024-05-27,NEG,not ironic,
22935974,43596,43596,1795143786902790177,2024-05-27,POS,not ironic,
22935975,43597,43597,1795143786537902166,2024-05-27,NEU,not ironic,
22935976,43598,43598,1795143786403631330,2024-05-27,NEG,not ironic,
22935977,43599,43599,1795143785527083039,2024-05-27,NEG,not ironic,
22935978,43600,43600,1795143785078296623,2024-05-27,NEU,ironic,
22935979,43601,43601,1795143784688128503,2024-05-27,NEG,ironic,
22935980,43602,43602,1795143784532988387,2024-05-27,NEU,not ironic,
22935981,43603,43603,1795143784071659705,2024-05-27,NEU,not ironic,
22935982,43604,43604,1795143784059043963,2024-05-27,NEG,ironic,
22935983,43605,43605,1795143782381342959,2024-05-27,NEG,not ironic,
22935984,43606,43606,1795143778589680112,2024-05-27,NEG,ironic,
22935985,43607,43607,1795143774672232860,2024-05-27,NEG,ironic,
22935986,43608,43608,1795143772851802254,2024-05-27,POS,not ironic,
22935987,43609,43609,1795143772755386445,2024-05-27,NEU,not ironic,
22935988,43610,43610,1795143772654714891,2024-05-27,NEG,not ironic,
22935989,43611,43611,1795143771065098720,2024-05-27,POS,not ironic,
22935990,43612,43612,1795143770108780833,2024-05-27,NEG,ironic,
22935991,43613,43613,1795143769207025846,2024-05-27,NEU,not ironic,
22935992,43614,43614,1795143768871510158,2024-05-27,NEG,not ironic,
22935993,43615,43615,1795143765625340019,2024-05-27,NEG,not ironic,
22935994,43616,43616,1795143764618482005,2024-05-27,NEG,not ironic,
22935995,43617,43617,1795143763913773096,2024-05-27,NEU,not ironic,
22935996,43618,43618,1795143763804799173,2024-05-27,NEU,not ironic,
22935997,43619,43619,1795143759451058337,2024-05-27,NEG,not ironic,
22935998,43620,43620,1795143758557626437,2024-05-27,NEG,not ironic,
22935999,43621,43621,1795143757135741345,2024-05-27,NEG,not ironic,
22936000,43622,43622,1795143755793654203,2024-05-27,NEU,ironic,
22936001,43623,43623,1795143755143491868,2024-05-27,POS,not ironic,
22936002,43624,43624,1795143754698867025,2024-05-27,NEG,ironic,
22936003,43625,43625,1795143753562296705,2024-05-27,NEG,ironic,
22936004,43626,43626,1795143752815624481,2024-05-27,NEG,not ironic,
22936005,43627,43627,1795143751909638598,2024-05-27,NEG,ironic,
22936006,43628,43628,1795143749909061661,2024-05-27,NEG,ironic,
22936007,43629,43629,1795143748701069376,2024-05-27,NEU,not ironic,
22936008,43630,43630,1795143747958640991,2024-05-27,NEG,ironic,
22936009,43631,43631,1795143746255724583,2024-05-27,NEG,ironic,
22936010,43632,43632,1795143746012549500,2024-05-27,NEG,not ironic,
22936011,43633,43633,1795143745735696894,2024-05-27,NEU,not ironic,
22936012,43634,43634,1795143743630184615,2024-05-27,NEG,not ironic,
22936013,43635,43635,1795143743617573103,2024-05-27,POS,ironic,
22936014,43636,43636,1795143743206531479,2024-05-27,POS,not ironic,
22936015,43637,43637,1795143742447390742,2024-05-27,NEG,not ironic,
22936016,43638,43638,1795143742048903474,2024-05-27,NEG,ironic,
22936017,43639,43639,1795143741352685849,2024-05-27,POS,ironic,
22936018,43640,43640,1795143740421484886,2024-05-27,NEU,ironic,
22936019,43641,43641,1795143738462818577,2024-05-27,NEG,ironic,
22936020,43642,43642,1795143738437570963,2024-05-27,NEG,not ironic,
22936021,43643,43643,1795143737883979847,2024-05-27,NEU,not ironic,
22936022,43644,43644,1795143737540051379,2024-05-27,NEG,ironic,
22936023,43645,43645,1795143737137353129,2024-05-27,NEG,not ironic,
22936024,43646,43646,1795143736344621424,2024-05-27,NEU,not ironic,
22936025,43647,43647,1795143735690346939,2024-05-27,NEU,not ironic,
22936026,43648,43648,1795143735287636155,2024-05-27,POS,not ironic,
22936027,43649,43649,1795143734390145421,2024-05-27,NEU,not ironic,
22936028,43650,43650,1795143734117491137,2024-05-27,NEG,ironic,
22936029,43651,43651,1795143731483484192,2024-05-27,NEU,ironic,
22936030,43652,43652,1795143730871075098,2024-05-27,POS,not ironic,
22936031,43653,43653,1795143730720117100,2024-05-27,NEU,not ironic,
22936032,43654,43654,1795143730044731459,2024-05-27,NEG,ironic,
22936033,43655,43655,1795143729965048085,2024-05-27,NEU,not ironic,
22936034,43656,43656,1795143729382080750,2024-05-27,NEU,ironic,
22936035,43657,43657,1795143728807530720,2024-05-27,NEU,not ironic,
22936036,43658,43658,1795143727083569271,2024-05-27,NEG,not ironic,
22936037,43659,43659,1795143724596375991,2024-05-27,NEG,ironic,
22936038,43660,43660,1795143724055355522,2024-05-27,NEG,not ironic,
22936039,43661,43661,1795143719999480079,2024-05-27,NEU,not ironic,
22936040,43662,43662,1795143718611157105,2024-05-27,NEU,not ironic,
22936041,43663,43663,1795143716736291184,2024-05-27,POS,not ironic,
22936042,43664,43664,1795143716564250634,2024-05-27,NEU,not ironic,
22936043,43665,43665,1795143715704508506,2024-05-27,NEU,not ironic,
22936044,43666,43666,1795143713347252337,2024-05-27,NEG,not ironic,
22936045,43667,43667,1795143710717382866,2024-05-27,NEG,not ironic,
22936046,43668,43668,1795143709702386142,2024-05-27,NEG,not ironic,
22936047,43669,43669,1795143709563965706,2024-05-27,NEU,not ironic,
22936048,43670,43670,1795143709312385465,2024-05-27,NEU,ironic,
22936049,43671,43671,1795143707001270702,2024-05-27,POS,not ironic,
22936050,43672,43672,1795143705877192989,2024-05-27,NEU,not ironic,
22936051,43673,43673,1795143705583624452,2024-05-27,NEG,not ironic,
22936052,43674,43674,1795143704618963401,2024-05-27,NEU,not ironic,
22936053,43675,43675,1795143704107225273,2024-05-27,NEG,ironic,
22936054,43676,43676,1795143703461253229,2024-05-27,NEG,ironic,
22936055,43677,43677,1795143703457116511,2024-05-27,NEU,not ironic,
22936056,43678,43678,1795143702966349832,2024-05-27,NEU,not ironic,
22936057,43679,43679,1795143701049626764,2024-05-27,NEU,not ironic,
22936058,43680,43680,1795143700869222895,2024-05-27,NEU,ironic,
22936059,43681,43681,1795143700667900267,2024-05-27,NEG,not ironic,
22936060,43682,43682,1795143699426316430,2024-05-27,NEU,not ironic,
22936061,43683,43683,1795143699082428685,2024-05-27,NEU,not ironic,
22936062,43684,43684,1795143698759475673,2024-05-27,NEU,not ironic,
22936063,43685,43685,1795143698566500678,2024-05-27,POS,not ironic,
22936064,43686,43686,1795143698176442805,2024-05-27,NEU,not ironic,
22936065,43687,43687,1795143697194958974,2024-05-27,NEU,not ironic,
22936066,43688,43688,1795143696192508103,2024-05-27,NEU,not ironic,
22936067,43689,43689,1795143696100266303,2024-05-27,NEU,not ironic,
22936068,43690,43690,1795143694850400735,2024-05-27,NEG,ironic,
22936069,43691,43691,1795143694405796334,2024-05-27,NEG,not ironic,
22936070,43692,43692,1795143692858044577,2024-05-27,NEG,not ironic,
22936071,43693,43693,1795143691499106447,2024-05-27,NEG,ironic,
22936072,43694,43694,1795143689381032067,2024-05-27,NEG,not ironic,
22936073,43695,43695,1795143689200656518,2024-05-27,NEG,not ironic,
22936074,43696,43696,1795143689053905328,2024-05-27,NEG,not ironic,
22936075,43697,43697,1795143687770427867,2024-05-27,NEG,not ironic,
22936076,43698,43698,1795143686134612023,2024-05-27,NEG,ironic,
22936077,43699,43699,1795143685350285804,2024-05-27,NEU,not ironic,
22936078,43700,43700,1795143682598797718,2024-05-27,POS,not ironic,
22936079,43701,43701,1795143682590494852,2024-05-27,NEU,not ironic,
22936080,43702,43702,1795143680954679794,2024-05-27,NEG,ironic,
22936081,43703,43703,1795143680594149794,2024-05-27,NEU,ironic,
22936082,43704,43704,1795143680451399715,2024-05-27,NEU,ironic,
22936083,43705,43705,1795143680363254044,2024-05-27,NEU,ironic,
22936084,43706,43706,1795143680338104459,2024-05-27,NEU,ironic,
22936085,43707,43707,1795143679612522859,2024-05-27,NEG,not ironic,
22936086,43708,43708,1795143678651990447,2024-05-27,NEG,ironic,
22936087,43709,43709,1795143674549944519,2024-05-27,NEU,not ironic,
22936088,43710,43710,1795143672897429880,2024-05-27,NEU,not ironic,
22936089,43711,43711,1795143672268288174,2024-05-27,NEG,not ironic,
22936090,43712,43712,1795143671655870695,2024-05-27,NEG,ironic,
22936091,43713,43713,1795143670020047060,2024-05-27,NEG,not ironic,
22936092,43714,43714,1795143669386780678,2024-05-27,POS,not ironic,
22936093,43715,43715,1795143669223235982,2024-05-27,NEG,ironic,
22936094,43716,43716,1795143664575844403,2024-05-27,NEU,not ironic,
22936095,43717,43717,1795143664345260220,2024-05-27,POS,not ironic,
22936096,43718,43718,1795143664236179760,2024-05-27,NEG,not ironic,
22936097,43719,43719,1795143662512259488,2024-05-27,NEG,ironic,
22936098,43720,43720,1795143657508462752,2024-05-27,NEG,not ironic,
22936099,43721,43721,1795143656082387422,2024-05-27,NEG,not ironic,
22936100,43722,43722,1795143655524638760,2024-05-27,NEU,not ironic,
22936101,43723,43723,1795143655272960033,2024-05-27,NEG,ironic,
22936102,43724,43724,1795143653062590954,2024-05-27,NEU,ironic,
22936103,43725,43725,1795143653054181811,2024-05-27,NEU,not ironic,
22936104,43726,43726,1795143652265607545,2024-05-27,POS,not ironic,
22936105,43727,43727,1795143651841982531,2024-05-27,NEU,not ironic,
22936106,43728,43728,1795143648398495757,2024-05-27,NEG,not ironic,
22936107,43729,43729,1795143647043662187,2024-05-27,NEG,ironic,
22936108,43730,43730,1795143646343307543,2024-05-27,NEU,not ironic,
22936109,43731,43731,1795143645911290022,2024-05-27,NEG,not ironic,
22936110,43732,43732,1795143645596614993,2024-05-27,NEG,not ironic,
22936111,43733,43733,1795143645512761432,2024-05-27,NEU,not ironic,
22936112,43734,43734,1795143645210816866,2024-05-27,NEG,not ironic,
22936113,43735,43735,1795143644938211625,2024-05-27,NEG,ironic,
22936114,43736,43736,1795143644631953709,2024-05-27,NEU,not ironic,
22936115,43737,43737,1795143644178944070,2024-05-27,NEG,not ironic,
22936116,43738,43738,1795143643008741606,2024-05-27,NEG,ironic,
22936117,43739,43739,1795143641083576513,2024-05-27,NEG,ironic,
22936118,43740,43740,1795143640504766696,2024-05-27,NEG,ironic,
22936119,43741,43741,1795143640420859950,2024-05-27,POS,not ironic,
22936120,43742,43742,1795143640416702757,2024-05-27,NEG,ironic,
22936121,43743,43743,1795143639967895608,2024-05-27,NEU,not ironic,
22936122,43744,43744,1795143639594614966,2024-05-27,NEU,not ironic,
22936123,43745,43745,1795143639196127542,2024-05-27,NEU,not ironic,
22936124,43746,43746,1795143639183643100,2024-05-27,NEU,not ironic,
22936125,43747,43747,1795143638575378446,2024-05-27,NEG,ironic,
22936126,43748,43748,1795143638319604218,2024-05-27,NEG,ironic,
22936127,43749,43749,1795143637396758575,2024-05-27,NEU,not ironic,
22936128,43750,43750,1795143637161984212,2024-05-27,NEG,not ironic,
22936129,43751,43751,1795143636675416490,2024-05-27,NEG,ironic,
22936130,43752,43752,1795143634787918290,2024-05-27,NEG,not ironic,
22936131,43753,43753,1795143633668100312,2024-05-27,NEG,not ironic,
22936132,43754,43754,1795143632992760076,2024-05-27,NEG,not ironic,
22936133,43755,43755,1795143629779919284,2024-05-27,NEU,not ironic,
22936134,43756,43756,1795143629691826267,2024-05-27,NEG,not ironic,
22936135,43757,43757,1795143628559454510,2024-05-27,NEG,not ironic,
22936136,43758,43758,1795143628530016741,2024-05-27,NEU,not ironic,
22936137,43759,43759,1795143627313729547,2024-05-27,NEU,ironic,
22936138,43760,43760,1795143625220685940,2024-05-27,NEG,not ironic,
22936139,43761,43761,1795143624679637098,2024-05-27,NEG,not ironic,
22936140,43762,43762,1795143623408767074,2024-05-27,NEG,ironic,
22936141,43763,43763,1795143623056507058,2024-05-27,POS,not ironic,
22936142,43764,43764,1795143622943236171,2024-05-27,NEG,not ironic,
22936143,43765,43765,1795143622716735739,2024-05-27,NEG,ironic,
22936144,43766,43766,1795143622590947650,2024-05-27,NEU,not ironic,
22936145,43767,43767,1795143622368629073,2024-05-27,NEG,not ironic,
22936146,43768,43768,1795143620648915214,2024-05-27,NEG,not ironic,
22936147,43769,43769,1795143620107886972,2024-05-27,NEU,not ironic,
22936148,43770,43770,1795143619780678062,2024-05-27,NEG,ironic,
22936149,43771,43771,1795143619034112380,2024-05-27,NEG,ironic,
22936150,43772,43772,1795143618283401276,2024-05-27,NEU,ironic,
22936151,43773,43773,1795143616119132331,2024-05-27,NEU,not ironic,
22936152,43774,43774,1795143613732606420,2024-05-27,NEG,not ironic,
22936153,43775,43775,1795143613506113847,2024-05-27,NEU,not ironic,
22936154,43776,43776,1795143612075745548,2024-05-27,NEU,not ironic,
22936155,43777,43777,1795143611647938879,2024-05-27,NEG,ironic,
22936156,43778,43778,1795143611299860985,2024-05-27,NEG,not ironic,
22936157,43779,43779,1795143611056570529,2024-05-27,NEU,ironic,
22936158,43780,43780,1795143611035664771,2024-05-27,NEU,not ironic,
22936159,43781,43781,1795143608841990386,2024-05-27,NEG,ironic,
22936160,43782,43782,1795143608636494020,2024-05-27,NEG,ironic,
22936161,43783,43783,1795143607822807059,2024-05-27,NEG,not ironic,
22936162,43784,43784,1795143607554281674,2024-05-27,NEG,not ironic,
22936163,43785,43785,1795143607369789719,2024-05-27,NEU,not ironic,
22936164,43786,43786,1795143605939527941,2024-05-27,NEG,not ironic,
22936165,43787,43787,1795143605582999672,2024-05-27,NEU,not ironic,
22936166,43788,43788,1795143605520138617,2024-05-27,NEU,not ironic,
22936167,43789,43789,1795143605453013094,2024-05-27,NEU,ironic,
22936168,43790,43790,1795143605452976526,2024-05-27,NEG,not ironic,
22936169,43791,43791,1795143604924498303,2024-05-27,POS,ironic,
22936170,43792,43792,1795143604236640719,2024-05-27,NEU,not ironic,
22936171,43793,43793,1795143601313202618,2024-05-27,NEU,not ironic,
22936172,43794,43794,1795143601229595116,2024-05-27,POS,not ironic,
22936173,43795,43795,1795143600642154585,2024-05-27,NEG,not ironic,
22936174,43796,43796,1795143598184255737,2024-05-27,NEG,not ironic,
22936175,43797,43797,1795143597852852305,2024-05-27,NEG,ironic,
22936176,43798,43798,1795143595336331395,2024-05-27,NEG,ironic,
22936177,43799,43799,1795143595122434099,2024-05-27,NEU,ironic,
22936178,43800,43800,1795143594958798909,2024-05-27,NEG,not ironic,
22936179,43801,43801,1795143594765959189,2024-05-27,NEG,ironic,
22936180,43802,43802,1795143593864163367,2024-05-27,NEU,not ironic,
22936181,43803,43803,1795143593029455970,2024-05-27,NEG,not ironic,
22936182,43804,43804,1795143592752640044,2024-05-27,NEU,not ironic,
22936183,43805,43805,1795143592731672842,2024-05-27,NEG,ironic,
22936184,43806,43806,1795143592689737755,2024-05-27,POS,not ironic,
22936185,43807,43807,1795143591917978053,2024-05-27,NEU,ironic,
22936186,43808,43808,1795143591628550502,2024-05-27,NEU,ironic,
22936187,43809,43809,1795143590395379891,2024-05-27,NEU,not ironic,
22936188,43810,43810,1795143589707632744,2024-05-27,NEG,not ironic,
22936189,43811,43811,1795143589103567107,2024-05-27,NEU,not ironic,
22936190,43812,43812,1795143588373733389,2024-05-27,NEG,ironic,
22936191,43813,43813,1795143587841097907,2024-05-27,POS,ironic,
22936192,43814,43814,1795143587270697066,2024-05-27,NEU,ironic,
22936193,43815,43815,1795143586943586460,2024-05-27,NEG,not ironic,
22936194,43816,43816,1795143586524148153,2024-05-27,NEG,ironic,
22936195,43817,43817,1795143586108846490,2024-05-27,NEU,not ironic,
22936196,43818,43818,1795143585647439984,2024-05-27,NEG,ironic,
22936197,43819,43819,1795143585240654158,2024-05-27,NEG,ironic,
22936198,43820,43820,1795143584997310558,2024-05-27,POS,ironic,
22936199,43821,43821,1795143583600685114,2024-05-27,NEG,not ironic,
22936200,43822,43822,1795143580849197476,2024-05-27,NEG,ironic,
22936201,43823,43823,1795143579888701928,2024-05-27,NEG,not ironic,
22936202,43824,43824,1795143578789814496,2024-05-27,NEU,not ironic,
22936203,43825,43825,1795143578064240830,2024-05-27,NEG,not ironic,
22936204,43826,43826,1795143577808359474,2024-05-27,NEU,not ironic,
22936205,43827,43827,1795143577766367241,2024-05-27,NEU,not ironic,
22936206,43828,43828,1795143576931782905,2024-05-27,NEU,not ironic,
22936207,43829,43829,1795143576302518641,2024-05-27,NEG,not ironic,
22936208,43830,43830,1795143576067711074,2024-05-27,NEG,not ironic,
22936209,43831,43831,1795143573471445151,2024-05-27,NEG,not ironic,
22936210,43832,43832,1795143573471412609,2024-05-27,NEG,not ironic,
22936211,43833,43833,1795143573358236062,2024-05-27,NEG,not ironic,
22936212,43834,43834,1795143573123289577,2024-05-27,NEU,not ironic,
22936213,43835,43835,1795143573018484863,2024-05-27,NEG,ironic,
22936214,43836,43836,1795143571214930205,2024-05-27,NEG,ironic,
22936215,43837,43837,1795143570812211594,2024-05-27,NEU,ironic,
22936216,43838,43838,1795143570472505752,2024-05-27,NEG,not ironic,
22936217,43839,43839,1795143570308890736,2024-05-27,NEG,not ironic,
22936218,43840,43840,1795143570283724938,2024-05-27,POS,ironic,
22936219,43841,43841,1795143569897845113,2024-05-27,POS,ironic,
22936220,43842,43842,1795143567528108041,2024-05-27,NEG,not ironic,
22936221,43843,43843,1795143565447762320,2024-05-27,NEG,ironic,
22936222,43844,43844,1795143565267325134,2024-05-27,NEU,not ironic,
22936223,43845,43845,1795143564772397530,2024-05-27,NEG,ironic,
22936224,43846,43846,1795143564675915818,2024-05-27,NEU,not ironic,
22936225,43847,43847,1795143564638265629,2024-05-27,NEG,not ironic,
22936226,43848,43848,1795143564420096437,2024-05-27,NEU,not ironic,
22936227,43849,43849,1795143564294504743,2024-05-27,NEG,ironic,
22936228,43850,43850,1795143562734207145,2024-05-27,NEG,not ironic,
22936229,43851,43851,1795143562373243134,2024-05-27,NEG,ironic,
22936230,43852,43852,1795143561614078456,2024-05-27,NEG,not ironic,
22936231,43853,43853,1795143559336579528,2024-05-27,NEG,not ironic,
22936232,43854,43854,1795143555104506244,2024-05-27,NEG,not ironic,
22936233,43855,43855,1795143553418428527,2024-05-27,POS,not ironic,
22936234,43856,43856,1795143553212944708,2024-05-27,NEU,ironic,
22936235,43857,43857,1795143553032560666,2024-05-27,NEG,not ironic,
22936236,43858,43858,1795143552873230350,2024-05-27,NEG,not ironic,
22936237,43859,43859,1795143552688673206,2024-05-27,NEU,not ironic,
22936238,43860,43860,1795143552676315492,2024-05-27,POS,ironic,
22936239,43861,43861,1795143552445407724,2024-05-27,NEG,not ironic,
22936240,43862,43862,1795143550838939963,2024-05-27,NEG,ironic,
22936241,43863,43863,1795143549119344672,2024-05-27,NEG,not ironic,
22936242,43864,43864,1795143548154638424,2024-05-27,NEG,not ironic,
22936243,43865,43865,1795143546116186314,2024-05-27,NEG,not ironic,
22936244,43866,43866,1795143546069991648,2024-05-27,NEG,not ironic,
22936245,43867,43867,1795143545726149026,2024-05-27,NEG,not ironic,
22936246,43868,43868,1795143545310892219,2024-05-27,NEG,not ironic,
22936247,43869,43869,1795143544136466582,2024-05-27,NEG,ironic,
22936248,43870,43870,1795143542777540681,2024-05-27,POS,not ironic,
22936249,43871,43871,1795143541502480486,2024-05-27,NEG,ironic,
22936250,43872,43872,1795143540076368274,2024-05-27,NEG,not ironic,
22936251,43873,43873,1795143538440618085,2024-05-27,NEU,not ironic,
22936252,43874,43874,1795143538285363671,2024-05-27,NEG,ironic,
22936253,43875,43875,1795143537857556742,2024-05-27,NEU,ironic,
22936254,43876,43876,1795143535735222520,2024-05-27,NEU,ironic,
22936255,43877,43877,1795143534716063808,2024-05-27,NEG,ironic,
22936256,43878,43878,1795143534594441713,2024-05-27,NEG,ironic,
22936257,43879,43879,1795143534086951056,2024-05-27,NEG,ironic,
22936258,43880,43880,1795143532933443645,2024-05-27,POS,not ironic,
22936259,43881,43881,1795143532421828885,2024-05-27,NEU,ironic,
22936260,43882,43882,1795143532417515545,2024-05-27,NEU,not ironic,
22936261,43883,43883,1795143532040077474,2024-05-27,NEU,not ironic,
22936262,43884,43884,1795143531897450781,2024-05-27,NEG,not ironic,
22936263,43885,43885,1795143531343856026,2024-05-27,NEG,not ironic,
22936264,43886,43886,1795143530794324150,2024-05-27,NEG,ironic,
22936265,43887,43887,1795143530001682520,2024-05-27,POS,not ironic,
22936266,43888,43888,1795143529901031846,2024-05-27,NEG,ironic,
22936267,43889,43889,1795143529871675713,2024-05-27,NEG,not ironic,
22936268,43890,43890,1795143529196294258,2024-05-27,NEU,not ironic,
22936269,43891,43891,1795143528235876620,2024-05-27,NEG,not ironic,
22936270,43892,43892,1795143527862530428,2024-05-27,POS,ironic,
22936271,43893,43893,1795143526784643169,2024-05-27,NEG,not ironic,
22936272,43894,43894,1795143526172250195,2024-05-27,POS,not ironic,
22936273,43895,43895,1795143525610234005,2024-05-27,NEG,ironic,
22936274,43896,43896,1795143525308239900,2024-05-27,POS,not ironic,
22936275,43897,43897,1795143525157183794,2024-05-27,NEG,not ironic,
22936276,43898,43898,1795143524825862460,2024-05-27,NEU,not ironic,
22936277,43899,43899,1795143524570050762,2024-05-27,NEU,not ironic,
22936278,43900,43900,1795143524523925903,2024-05-27,NEG,not ironic,
22936279,43901,43901,1795143523785654619,2024-05-27,NEU,not ironic,
22936280,43902,43902,1795143523521491259,2024-05-27,NEG,not ironic,
22936281,43903,43903,1795143523177529802,2024-05-27,NEU,not ironic,
22936282,43904,43904,1795143522699407477,2024-05-27,NEG,not ironic,
22936283,43905,43905,1795143521680142746,2024-05-27,NEG,not ironic,
22936284,43906,43906,1795143520929378663,2024-05-27,NEG,not ironic,
22936285,43907,43907,1795143520920944877,2024-05-27,POS,ironic,
22936286,43908,43908,1795143517150294473,2024-05-27,NEG,not ironic,
22936287,43909,43909,1795143517070569886,2024-05-27,NEG,not ironic,
22936288,43910,43910,1795143516860846576,2024-05-27,NEG,ironic,
22936289,43911,43911,1795143515921350786,2024-05-27,NEG,ironic,
22936290,43912,43912,1795143515170541679,2024-05-27,POS,not ironic,
22936291,43913,43913,1795143515019620820,2024-05-27,NEG,ironic,
22936292,43914,43914,1795143513551585474,2024-05-27,NEU,ironic,
22936293,43915,43915,1795143512410726560,2024-05-27,NEU,not ironic,
22936294,43916,43916,1795143510376554800,2024-05-27,NEU,not ironic,
22936295,43917,43917,1795143510162587743,2024-05-27,NEG,not ironic,
22936296,43918,43918,1795143509164306442,2024-05-27,POS,ironic,
22936297,43919,43919,1795143508845580784,2024-05-27,NEU,not ironic,
22936298,43920,43920,1795143508124180544,2024-05-27,NEG,not ironic,
22936299,43921,43921,1795143506161250369,2024-05-27,NEG,ironic,
22936300,43922,43922,1795143505272070592,2024-05-27,NEG,not ironic,
22936301,43923,43923,1795143504194080903,2024-05-27,NEG,ironic,
22936302,43924,43924,1795143502101172256,2024-05-27,NEU,not ironic,
22936303,43925,43925,1795143501413273771,2024-05-27,POS,not ironic,
22936304,43926,43926,1795143499513299170,2024-05-27,NEG,not ironic,
22936305,43927,43927,1795143499064426627,2024-05-27,NEU,not ironic,
22936306,43928,43928,1795143498171121972,2024-05-27,NEU,not ironic,
22936307,43929,43929,1795143497441272273,2024-05-27,NEU,not ironic,
22936308,43930,43930,1795143496845701130,2024-05-27,NEU,not ironic,
22936309,43931,43931,1795143495931343290,2024-05-27,NEG,ironic,
22936310,43932,43932,1795143495461617851,2024-05-27,NEG,not ironic,
22936311,43933,43933,1795143492395503691,2024-05-27,NEU,ironic,
22936312,43934,43934,1795143492332659126,2024-05-27,NEU,not ironic,
22936313,43935,43935,1795143492047344101,2024-05-27,NEU,not ironic,
22936314,43936,43936,1795143491472773282,2024-05-27,POS,not ironic,
22936315,43937,43937,1795143488641618291,2024-05-27,NEU,ironic,
22936316,43938,43938,1795143487886606471,2024-05-27,NEG,not ironic,
22936317,43939,43939,1795143486896836808,2024-05-27,NEG,not ironic,
22936318,43940,43940,1795143485030363179,2024-05-27,NEG,not ironic,
22936319,43941,43941,1795143484245975130,2024-05-27,NEU,not ironic,
22936320,43942,43942,1795143483998589220,2024-05-27,NEG,ironic,
22936321,43943,43943,1795143482928984489,2024-05-27,NEU,not ironic,
22936322,43944,43944,1795143482786414952,2024-05-27,POS,not ironic,
22936323,43945,43945,1795143482454970496,2024-05-27,NEG,not ironic,
22936324,43946,43946,1795143481200894042,2024-05-27,NEG,ironic,
22936325,43947,43947,1795143479837745263,2024-05-27,NEG,ironic,
22936326,43948,43948,1795143478239723837,2024-05-27,NEU,not ironic,
22936327,43949,43949,1795143477803597956,2024-05-27,NEU,not ironic,
22936328,43950,43950,1795143475802812828,2024-05-27,NEU,not ironic,
22936329,43951,43951,1795143474473234501,2024-05-27,POS,not ironic,
22936330,43952,43952,1795143473500193027,2024-05-27,POS,not ironic,
22936331,43953,43953,1795143473185608133,2024-05-27,NEG,not ironic,
22936332,43954,43954,1795143469196837016,2024-05-27,NEU,ironic,
22936333,43955,43955,1795143467502297584,2024-05-27,NEU,not ironic,
22936334,43956,43956,1795143467468787747,2024-05-27,NEG,not ironic,
22936335,43957,43957,1795143467447804331,2024-05-27,NEG,ironic,
22936336,43958,43958,1795143466151821763,2024-05-27,NEG,not ironic,
22936337,43959,43959,1795143465786818781,2024-05-27,NEU,not ironic,
22936338,43960,43960,1795143465250193873,2024-05-27,NEG,not ironic,
22936339,43961,43961,1795143464306278480,2024-05-27,NEG,not ironic,
22936340,43962,43962,1795143464276910561,2024-05-27,NEG,not ironic,
22936341,43963,43963,1795143462804762661,2024-05-27,NEG,not ironic,
22936342,43964,43964,1795143462452367603,2024-05-27,NEU,ironic,
22936343,43965,43965,1795143462087545198,2024-05-27,NEU,ironic,
22936344,43966,43966,1795143461735178262,2024-05-27,NEU,not ironic,
22936345,43967,43967,1795143461613486142,2024-05-27,NEG,ironic,
22936346,43968,43968,1795143461403828579,2024-05-27,NEU,not ironic,
22936347,43969,43969,1795143461210857616,2024-05-27,POS,not ironic,
22936348,43970,43970,1795143458841059712,2024-05-27,NEU,not ironic,
22936349,43971,43971,1795143457268195513,2024-05-27,NEU,ironic,
22936350,43972,43972,1795143457192685927,2024-05-27,NEU,not ironic,
22936351,43973,43973,1795143456806891563,2024-05-27,NEU,ironic,
22936352,43974,43974,1795143456563597745,2024-05-27,NEG,ironic,
22936353,43975,43975,1795143455775052193,2024-05-27,NEG,ironic,
22936354,43976,43976,1795143454244126983,2024-05-27,NEG,not ironic,
22936355,43977,43977,1795143453036212733,2024-05-27,NEG,not ironic,
22936356,43978,43978,1795143451744387344,2024-05-27,NEU,ironic,
22936357,43979,43979,1795143449177395493,2024-05-27,NEU,not ironic,
22936358,43980,43980,1795143447248023980,2024-05-27,NEG,not ironic,
22936359,43981,43981,1795143446233063529,2024-05-27,NEG,ironic,
22936360,43982,43982,1795143444723081456,2024-05-27,NEU,not ironic,
22936361,43983,43983,1795143443699667417,2024-05-27,NEG,ironic,
22936362,43984,43984,1795143443422785754,2024-05-27,NEU,ironic,
22936363,43985,43985,1795143442235826247,2024-05-27,NEG,not ironic,
22936364,43986,43986,1795143441992593504,2024-05-27,NEG,not ironic,
22936365,43987,43987,1795143440340045913,2024-05-27,NEG,ironic,
22936366,43988,43988,1795143439278846298,2024-05-27,NEU,not ironic,
22936367,43989,43989,1795143438704283878,2024-05-27,NEG,not ironic,
22936368,43990,43990,1795143436091175203,2024-05-27,POS,ironic,
22936369,43991,43991,1795143435730440205,2024-05-27,NEG,ironic,
22936370,43992,43992,1795143435659190760,2024-05-27,POS,not ironic,
22936371,43993,43993,1795143433402609980,2024-05-27,NEU,not ironic,
22936372,43994,43994,1795143432593109372,2024-05-27,NEU,not ironic,
22936373,43995,43995,1795143432022716722,2024-05-27,NEG,ironic,
22936374,43996,43996,1795143431288652053,2024-05-27,NEU,not ironic,
22936375,43997,43997,1795143430684758062,2024-05-27,NEU,ironic,
22936376,43998,43998,1795143430441467922,2024-05-27,POS,ironic,
22936377,43999,43999,1795143429988446539,2024-05-27,NEG,not ironic,
22936378,44000,44000,1795143429753634950,2024-05-27,NEG,not ironic,
22936379,44001,44001,1795143429476831291,2024-05-27,NEU,not ironic,
22936380,44002,44002,1795143429267022252,2024-05-27,NEG,not ironic,
22936381,44003,44003,1795143428780532164,2024-05-27,NEG,ironic,
22936382,44004,44004,1795143428679839869,2024-05-27,NEG,not ironic,
22936383,44005,44005,1795143428663017765,2024-05-27,NEU,not ironic,
22936384,44006,44006,1795143428658864347,2024-05-27,NEU,ironic,
22936385,44007,44007,1795143426289144097,2024-05-27,POS,ironic,
22936386,44008,44008,1795143426238824740,2024-05-27,NEG,ironic,
22936387,44009,44009,1795143425060168154,2024-05-27,NEU,ironic,
22936388,44010,44010,1795143423265001829,2024-05-27,NEU,not ironic,
22936389,44011,44011,1795143421742469471,2024-05-27,NEG,not ironic,
22936390,44012,44012,1795143421650207015,2024-05-27,NEG,not ironic,
22936391,44013,44013,1795143421411074051,2024-05-27,NEU,not ironic,
22936392,44014,44014,1795143421163614398,2024-05-27,NEG,not ironic,
22936393,44015,44015,1795143420081533180,2024-05-27,NEG,ironic,
22936394,44016,44016,1795143416923226141,2024-05-27,NEU,ironic,
22936395,44017,44017,1795143414134006143,2024-05-27,NEU,not ironic,
22936396,44018,44018,1795143413664247917,2024-05-27,NEG,not ironic,
22936397,44019,44019,1795143411395072155,2024-05-27,NEG,not ironic,
22936398,44020,44020,1795143410665328853,2024-05-27,NEU,not ironic,
22936399,44021,44021,1795143408962392250,2024-05-27,NEG,not ironic,
22936400,44022,44022,1795143407142056223,2024-05-27,NEG,ironic,
22936401,44023,44023,1795143406693298488,2024-05-27,NEG,ironic,
22936402,44024,44024,1795143406341005707,2024-05-27,NEU,not ironic,
22936403,44025,44025,1795143405854396911,2024-05-27,NEU,not ironic,
22936404,44026,44026,1795143405200134418,2024-05-27,NEG,not ironic,
22936405,44027,44027,1795143402671009927,2024-05-27,NEG,not ironic,
22936406,44028,44028,1795143401962197170,2024-05-27,NEG,ironic,
22936407,44029,44029,1795143400846458892,2024-05-27,NEU,not ironic,
22936408,44030,44030,1795143399642710461,2024-05-27,NEG,ironic,
22936409,44031,44031,1795143398531174759,2024-05-27,NEU,not ironic,
22936410,44032,44032,1795143398166282534,2024-05-27,NEG,not ironic,
22936411,44033,44033,1795143397956550691,2024-05-27,POS,ironic,
22936412,44034,44034,1795143397813981604,2024-05-27,NEU,not ironic,
22936413,44035,44035,1795143396178231348,2024-05-27,NEG,ironic,
22936414,44036,44036,1795143395913965936,2024-05-27,NEG,ironic,
22936415,44037,44037,1795143395410661653,2024-05-27,NEG,ironic,
22936416,44038,44038,1795143394995347579,2024-05-27,NEG,not ironic,
22936417,44039,44039,1795143391895777354,2024-05-27,NEG,ironic,
22936418,44040,44040,1795143391807701164,2024-05-27,POS,not ironic,
22936419,44041,44041,1795143390822047929,2024-05-27,NEU,not ironic,
22936420,44042,44042,1795143390146830841,2024-05-27,NEU,not ironic,
22936421,44043,44043,1795143389568004418,2024-05-27,POS,ironic,
22936422,44044,44044,1795143388339093923,2024-05-27,NEG,not ironic,
22936423,44045,44045,1795143388204777779,2024-05-27,NEU,not ironic,
22936424,44046,44046,1795143387667890331,2024-05-27,NEG,not ironic,
22936425,44047,44047,1795143387433009475,2024-05-27,NEG,ironic,
22936426,44048,44048,1795143386388643886,2024-05-27,NEU,not ironic,
22936427,44049,44049,1795143386371932640,2024-05-27,NEG,not ironic,
22936428,44050,44050,1795143386166383052,2024-05-27,NEU,ironic,
22936429,44051,44051,1795143384878792793,2024-05-27,NEG,not ironic,
22936430,44052,44052,1795143384849403915,2024-05-27,NEG,not ironic,
22936431,44053,44053,1795143383167484357,2024-05-27,NEG,not ironic,
22936432,44054,44054,1795143382982885818,2024-05-27,NEU,not ironic,
22936433,44055,44055,1795143382945194348,2024-05-27,POS,ironic,
22936434,44056,44056,1795143382752223707,2024-05-27,NEG,not ironic,
22936435,44057,44057,1795143382341222833,2024-05-27,NEG,not ironic,
22936436,44058,44058,1795143382018281708,2024-05-27,POS,not ironic,
22936437,44059,44059,1795143381242266036,2024-05-27,NEG,not ironic,
22936438,44060,44060,1795143379883298928,2024-05-27,NEG,not ironic,
22936439,44061,44061,1795143379400958295,2024-05-27,NEG,not ironic,
22936440,44062,44062,1795143379249979635,2024-05-27,NEG,ironic,
22936441,44063,44063,1795143379031855517,2024-05-27,POS,not ironic,
22936442,44064,44064,1795143378050396275,2024-05-27,NEU,ironic,
22936443,44065,44065,1795143377857438029,2024-05-27,NEU,not ironic,
22936444,44066,44066,1795143377756819649,2024-05-27,NEU,not ironic,
22936445,44067,44067,1795143377287012520,2024-05-27,NEU,ironic,
22936446,44068,44068,1795143377136066964,2024-05-27,NEU,not ironic,
22936447,44069,44069,1795143375265386535,2024-05-27,NEG,not ironic,
22936448,44070,44070,1795143374925615334,2024-05-27,NEU,not ironic,
22936449,44071,44071,1795143372065124475,2024-05-27,NEG,not ironic,
22936450,44072,44072,1795143371901530608,2024-05-27,NEG,not ironic,
22936451,44073,44073,1795143370517414273,2024-05-27,POS,ironic,
22936452,44074,44074,1795143370014069232,2024-05-27,NEU,not ironic,
22936453,44075,44075,1795143369879945587,2024-05-27,NEG,ironic,
22936454,44076,44076,1795143368650969285,2024-05-27,POS,ironic,
22936455,44077,44077,1795143367908786225,2024-05-27,POS,ironic,
22936456,44078,44078,1795143367426261091,2024-05-27,NEU,not ironic,
22936457,44079,44079,1795143366113436109,2024-05-27,NEU,not ironic,
22936458,44080,44080,1795143362799943780,2024-05-27,NEG,ironic,
22936459,44081,44081,1795143361633939858,2024-05-27,NEG,ironic,
22936460,44082,44082,1795143361617088639,2024-05-27,NEG,ironic,
22936461,44083,44083,1795143360212083023,2024-05-27,NEG,not ironic,
22936462,44084,44084,1795143357489897650,2024-05-27,NEU,ironic,
22936463,44085,44085,1795143356969812010,2024-05-27,NEU,not ironic,
22936464,44086,44086,1795143355581477370,2024-05-27,NEG,not ironic,
22936465,44087,44087,1795143354633585114,2024-05-27,NEU,ironic,
22936466,44088,44088,1795143354566484336,2024-05-27,NEG,ironic,
22936467,44089,44089,1795143354126119005,2024-05-27,NEG,not ironic,
22936468,44090,44090,1795143354105332134,2024-05-27,NEG,ironic,
22936469,44091,44091,1795143353698329083,2024-05-27,NEG,not ironic,
22936470,44092,44092,1795143353480237074,2024-05-27,NEG,not ironic,
22936471,44093,44093,1795143351018070517,2024-05-27,NEU,not ironic,
22936472,44094,44094,1795143349898256818,2024-05-27,NEU,not ironic,
22936473,44095,44095,1795143349227118896,2024-05-27,POS,not ironic,
22936474,44096,44096,1795143345892700462,2024-05-27,NEG,not ironic,
22936475,44097,44097,1795143345531953235,2024-05-27,NEU,not ironic,
22936476,44098,44098,1795143344621756593,2024-05-27,NEG,ironic,
22936477,44099,44099,1795143341727760463,2024-05-27,NEG,ironic,
22936478,44100,44100,1795143341660647595,2024-05-27,NEG,not ironic,
22936479,44101,44101,1795143339978731995,2024-05-27,NEG,not ironic,
22936480,44102,44102,1795143339911663863,2024-05-27,POS,not ironic,
22936481,44103,44103,1795143339488018866,2024-05-27,NEG,not ironic,
22936482,44104,44104,1795143338556903561,2024-05-27,NEG,ironic,
22936483,44105,44105,1795143338296775078,2024-05-27,NEG,not ironic,
22936484,44106,44106,1795143337973776667,2024-05-27,NEU,ironic,
22936485,44107,44107,1795143337806045516,2024-05-27,NEG,not ironic,
22936486,44108,44108,1795143336136704013,2024-05-27,POS,not ironic,
22936487,44109,44109,1795143334169550896,2024-05-27,NEG,not ironic,
22936488,44110,44110,1795143332689011119,2024-05-27,NEG,not ironic,
22936489,44111,44111,1795143332290544030,2024-05-27,NEG,ironic,
22936490,44112,44112,1795143329816117532,2024-05-27,NEG,not ironic,
22936491,44113,44113,1795143329786524147,2024-05-27,NEU,ironic,
22936492,44114,44114,1795143329639776329,2024-05-27,NEG,not ironic,
22936493,44115,44115,1795143326573760818,2024-05-27,NEG,not ironic,
22936494,44116,44116,1795143325684507135,2024-05-27,NEG,ironic,
22936495,44117,44117,1795143325348933888,2024-05-27,NEU,not ironic,
22936496,44118,44118,1795143323331547487,2024-05-27,NEU,ironic,
22936497,44119,44119,1795143322819809355,2024-05-27,NEG,not ironic,
22936498,44120,44120,1795143322538844378,2024-05-27,NEG,not ironic,
22936499,44121,44121,1795143321615999165,2024-05-27,POS,ironic,
22936500,44122,44122,1795143321016205697,2024-05-27,NEG,not ironic,
22936501,44123,44123,1795143317551730844,2024-05-27,NEG,ironic,
22936502,44124,44124,1795143316935237745,2024-05-27,NEG,not ironic,
22936503,44125,44125,1795143315542680025,2024-05-27,NEG,not ironic,
22936504,44126,44126,1795143314028609764,2024-05-27,NEU,not ironic,
22936505,44127,44127,1795143312443080708,2024-05-27,NEG,not ironic,
22936506,44128,44128,1795143311780356306,2024-05-27,NEU,not ironic,
22936507,44129,44129,1795143309268074844,2024-05-27,NEU,ironic,
22936508,44130,44130,1795143308643016864,2024-05-27,NEU,not ironic,
22936509,44131,44131,1795143308177453530,2024-05-27,POS,ironic,
22936510,44132,44132,1795143307812655196,2024-05-27,POS,not ironic,
22936511,44133,44133,1795143307607056586,2024-05-27,POS,not ironic,
22936512,44134,44134,1795143307388948743,2024-05-27,NEU,not ironic,
22936513,44135,44135,1795143307133125057,2024-05-27,NEG,ironic,
22936514,44136,44136,1795143307049173043,2024-05-27,NEU,not ironic,
22936515,44137,44137,1795143304109023538,2024-05-27,POS,ironic,
22936516,44138,44138,1795143301806412015,2024-05-27,NEU,not ironic,
22936517,44139,44139,1795143300392898704,2024-05-27,NEG,not ironic,
22936518,44140,44140,1795143300388724900,2024-05-27,NEG,ironic,
22936519,44141,44141,1795143299868643378,2024-05-27,NEG,ironic,
22936520,44142,44142,1795143299373662428,2024-05-27,NEG,not ironic,
22936521,44143,44143,1795143298719346832,2024-05-27,NEG,not ironic,
22936522,44144,44144,1795143297452605525,2024-05-27,NEU,not ironic,
22936523,44145,44145,1795143297305866385,2024-05-27,NEU,ironic,
22936524,44146,44146,1795143296081137685,2024-05-27,POS,ironic,
22936525,44147,44147,1795143296047575298,2024-05-27,NEG,not ironic,
22936526,44148,44148,1795143295636550089,2024-05-27,NEG,ironic,
22936527,44149,44149,1795143295569400090,2024-05-27,NEG,not ironic,
22936528,44150,44150,1795143294092972187,2024-05-27,NEU,not ironic,
22936529,44151,44151,1795143293816152430,2024-05-27,NEG,not ironic,
22936530,44152,44152,1795143292687991270,2024-05-27,NEG,not ironic,
22936531,44153,44153,1795143292650160214,2024-05-27,POS,not ironic,
22936532,44154,44154,1795143292612444457,2024-05-27,NEG,not ironic,
22936533,44155,44155,1795143292591407217,2024-05-27,NEG,ironic,
22936534,44156,44156,1795143292201337184,2024-05-27,NEG,not ironic,
22936535,44157,44157,1795143291761008732,2024-05-27,NEG,not ironic,
22936536,44158,44158,1795143291547099417,2024-05-27,NEG,not ironic,
22936537,44159,44159,1795143291446394882,2024-05-27,POS,ironic,
22936538,44160,44160,1795143291324748279,2024-05-27,NEG,not ironic,
22936539,44161,44161,1795143290716590431,2024-05-27,NEG,not ironic,
22936540,44162,44162,1795143290431398371,2024-05-27,POS,not ironic,
22936541,44163,44163,1795143288464281883,2024-05-27,NEU,ironic,
22936542,44164,44164,1795143287646376329,2024-05-27,NEG,ironic,
22936543,44165,44165,1795143287113728005,2024-05-27,POS,not ironic,
22936544,44166,44166,1795143284903313425,2024-05-27,POS,ironic,
22936545,44167,44167,1795143283238170997,2024-05-27,NEU,not ironic,
22936546,44168,44168,1795143281292030021,2024-05-27,POS,ironic,
22936547,44169,44169,1795143281233232376,2024-05-27,NEG,not ironic,
22936548,44170,44170,1795143280356724942,2024-05-27,NEU,not ironic,
22936549,44171,44171,1795143280218284176,2024-05-27,NEU,not ironic,
22936550,44172,44172,1795143279970791549,2024-05-27,NEG,not ironic,
22936551,44173,44173,1795143279740072013,2024-05-27,NEU,not ironic,
22936552,44174,44174,1795143278913888342,2024-05-27,NEU,not ironic,
22936553,44175,44175,1795143278767043069,2024-05-27,NEG,ironic,
22936554,44176,44176,1795143278393708958,2024-05-27,NEU,not ironic,
22936555,44177,44177,1795143278070763858,2024-05-27,NEG,not ironic,
22936556,44178,44178,1795143278037225716,2024-05-27,POS,ironic,
22936557,44179,44179,1795143277793939494,2024-05-27,NEG,not ironic,
22936558,44180,44180,1795143277739425945,2024-05-27,NEU,not ironic,
22936559,44181,44181,1795143276342702560,2024-05-27,NEG,ironic,
22936560,44182,44182,1795143275940098214,2024-05-27,NEG,ironic,
22936561,44183,44183,1795143274920894580,2024-05-27,POS,ironic,
22936562,44184,44184,1795143274639843477,2024-05-27,NEG,not ironic,
22936563,44185,44185,1795143269514362883,2024-05-27,NEG,ironic,
22936564,44186,44186,1795143268642001352,2024-05-27,NEG,not ironic,
22936565,44187,44187,1795143268381970537,2024-05-27,NEG,ironic,
22936566,44188,44188,1795143266242838628,2024-05-27,NEG,not ironic,
22936567,44189,44189,1795143264435097676,2024-05-27,NEG,ironic,
22936568,44190,44190,1795143263214510290,2024-05-27,NEG,not ironic,
22936569,44191,44191,1795143261213925743,2024-05-27,NEU,not ironic,
22936570,44192,44192,1795143259494203475,2024-05-27,NEG,ironic,
22936571,44193,44193,1795143259158683918,2024-05-27,NEU,not ironic,
22936572,44194,44194,1795143258898669978,2024-05-27,NEG,not ironic,
22936573,44195,44195,1795143257170591754,2024-05-27,NEG,not ironic,
22936574,44196,44196,1795143256809873880,2024-05-27,NEU,not ironic,
22936575,44197,44197,1795143256415613175,2024-05-27,NEU,ironic,
22936576,44198,44198,1795143255996104934,2024-05-27,NEU,ironic,
22936577,44199,44199,1795143255316709879,2024-05-27,NEU,not ironic,
22936578,44200,44200,1795143254909780293,2024-05-27,NEG,not ironic,
22936579,44201,44201,1795143254612058587,2024-05-27,NEU,not ironic,
22936580,44202,44202,1795143252141642159,2024-05-27,NEG,not ironic,
22936581,44203,44203,1795143251982246090,2024-05-27,NEG,not ironic,
22936582,44204,44204,1795143251516633199,2024-05-27,NEG,ironic,
22936583,44205,44205,1795143247699783981,2024-05-27,NEG,not ironic,
22936584,44206,44206,1795143247473344704,2024-05-27,NEG,not ironic,
22936585,44207,44207,1795143247376916872,2024-05-27,NEG,not ironic,
22936586,44208,44208,1795143247209079020,2024-05-27,POS,not ironic,
22936587,44209,44209,1795143244092735574,2024-05-27,NEU,not ironic,
22936588,44210,44210,1795143241907548576,2024-05-27,NEG,not ironic,
22936589,44211,44211,1795143241416818864,2024-05-27,NEU,not ironic,
22936590,44212,44212,1795143240477241814,2024-05-27,NEG,ironic,
22936591,44213,44213,1795143240468836756,2024-05-27,POS,not ironic,
22936592,44214,44214,1795143240091410941,2024-05-27,POS,ironic,
22936593,44215,44215,1795143239516729702,2024-05-27,NEU,ironic,
22936594,44216,44216,1795143238833131727,2024-05-27,NEU,ironic,
22936595,44217,44217,1795143238682124796,2024-05-27,NEU,ironic,
22936596,44218,44218,1795143236131946915,2024-05-27,NEG,ironic,
22936597,44219,44219,1795143235083338037,2024-05-27,NEU,not ironic,
22936598,44220,44220,1795143235058176003,2024-05-27,NEG,not ironic,
22936599,44221,44221,1795143235049762968,2024-05-27,NEU,not ironic,
22936600,44222,44222,1795143234487775610,2024-05-27,POS,not ironic,
22936601,44223,44223,1795143233288212787,2024-05-27,NEU,not ironic,
22936602,44224,44224,1795143233216958516,2024-05-27,POS,not ironic,
22936603,44225,44225,1795143230826127508,2024-05-27,NEU,not ironic,
22936604,44226,44226,1795143230364819583,2024-05-27,NEU,not ironic,
22936605,44227,44227,1795143229920166391,2024-05-27,NEG,not ironic,
22936606,44228,44228,1795143229039382805,2024-05-27,NEG,not ironic,
22936607,44229,44229,1795143228926156953,2024-05-27,NEG,not ironic,
22936608,44230,44230,1795143228791927171,2024-05-27,NEG,ironic,
22936609,44231,44231,1795143228389203975,2024-05-27,NEG,not ironic,
22936610,44232,44232,1795143227709771819,2024-05-27,NEG,not ironic,
22936611,44233,44233,1795143226145276055,2024-05-27,NEG,not ironic,
22936612,44234,44234,1795143225990062463,2024-05-27,NEG,not ironic,
22936613,44235,44235,1795143224450793873,2024-05-27,NEG,ironic,
22936614,44236,44236,1795143224207491102,2024-05-27,NEG,ironic,
22936615,44237,44237,1795143222777233796,2024-05-27,NEU,ironic,
22936616,44238,44238,1795143221657424106,2024-05-27,NEG,ironic,
22936617,44239,44239,1795143219652554766,2024-05-27,NEG,ironic,
22936618,44240,44240,1795143219581182122,2024-05-27,NEG,not ironic,
22936619,44241,44241,1795143219547660558,2024-05-27,NEU,ironic,
22936620,44242,44242,1795143218687828033,2024-05-27,POS,not ironic,
22936621,44243,44243,1795143218385809712,2024-05-27,NEG,not ironic,
22936622,44244,44244,1795143218301952268,2024-05-27,NEG,ironic,
22936623,44245,44245,1795143217983209776,2024-05-27,POS,ironic,
22936624,44246,44246,1795143217911926942,2024-05-27,POS,ironic,
22936625,44247,44247,1795143216582348928,2024-05-27,NEG,ironic,
22936626,44248,44248,1795143216347427129,2024-05-27,NEG,ironic,
22936627,44249,44249,1795143216309711025,2024-05-27,POS,not ironic,
22936628,44250,44250,1795143216062247231,2024-05-27,NEG,ironic,
22936629,44251,44251,1795143215915352521,2024-05-27,NEU,not ironic,
22936630,44252,44252,1795143214711611620,2024-05-27,NEU,not ironic,
22936631,44253,44253,1795143214405472257,2024-05-27,NEG,not ironic,
22936632,44254,44254,1795143212446658570,2024-05-27,NEG,not ironic,
22936633,44255,44255,1795143212274721089,2024-05-27,NEG,not ironic,
22936634,44256,44256,1795143211834384485,2024-05-27,NEU,not ironic,
22936635,44257,44257,1795143209531720059,2024-05-27,NEG,ironic,
22936636,44258,44258,1795143208596389984,2024-05-27,NEG,not ironic,
22936637,44259,44259,1795143207707345351,2024-05-27,NEU,ironic,
22936638,44260,44260,1795143207124099268,2024-05-27,NEG,not ironic,
22936639,44261,44261,1795143206423711977,2024-05-27,NEU,not ironic,
22936640,44262,44262,1795143205299605627,2024-05-27,NEU,not ironic,
22936641,44263,44263,1795143205098315868,2024-05-27,NEG,not ironic,
22936642,44264,44264,1795143203814818107,2024-05-27,NEG,not ironic,
22936643,44265,44265,1795143203458273426,2024-05-27,NEU,ironic,
22936644,44266,44266,1795143202439123207,2024-05-27,NEU,ironic,
22936645,44267,44267,1795143200656470097,2024-05-27,NEG,not ironic,
22936646,44268,44268,1795143199939334528,2024-05-27,POS,not ironic,
22936647,44269,44269,1795143199930855618,2024-05-27,NEU,not ironic,
22936648,44270,44270,1795143199767359554,2024-05-27,NEG,not ironic,
22936649,44271,44271,1795143198282535059,2024-05-27,NEG,ironic,
22936650,44272,44272,1795143197305213284,2024-05-27,POS,not ironic,
22936651,44273,44273,1795143194339926079,2024-05-27,NEG,not ironic,
22936652,44274,44274,1795143194142818502,2024-05-27,NEG,ironic,
22936653,44275,44275,1795143193685786987,2024-05-27,NEG,not ironic,
22936654,44276,44276,1795143192775372931,2024-05-27,POS,ironic,
22936655,44277,44277,1795143190804062691,2024-05-27,NEG,not ironic,
22936656,44278,44278,1795143188627304510,2024-05-27,NEG,not ironic,
22936657,44279,44279,1795143187926745247,2024-05-27,NEU,not ironic,
22936658,44280,44280,1795143187821892064,2024-05-27,NEG,ironic,
22936659,44281,44281,1795143187104706753,2024-05-27,NEU,ironic,
22936660,44282,44282,1795143187058549206,2024-05-27,NEG,not ironic,
22936661,44283,44283,1795143184596480420,2024-05-27,NEU,not ironic,
22936662,44284,44284,1795143184420315596,2024-05-27,NEG,not ironic,
22936663,44285,44285,1795143183552205219,2024-05-27,NEU,ironic,
22936664,44286,44286,1795143183195611291,2024-05-27,POS,not ironic,
22936665,44287,44287,1795143182356779233,2024-05-27,NEG,ironic,
22936666,44288,44288,1795143181991838166,2024-05-27,NEU,ironic,
22936667,44289,44289,1795143181798961292,2024-05-27,NEU,not ironic,
22936668,44290,44290,1795143180318318596,2024-05-27,NEG,ironic,
22936669,44291,44291,1795143179290788110,2024-05-27,NEG,not ironic,
22936670,44292,44292,1795143178951045495,2024-05-27,NEG,not ironic,
22936671,44293,44293,1795143178858688625,2024-05-27,NEG,not ironic,
22936672,44294,44294,1795143178707726684,2024-05-27,NEG,not ironic,
22936673,44295,44295,1795143178435051813,2024-05-27,NEU,not ironic,
22936674,44296,44296,1795143177197727899,2024-05-27,NEG,not ironic,
22936675,44297,44297,1795143177105514818,2024-05-27,NEG,not ironic,
22936676,44298,44298,1795143175822041445,2024-05-27,NEG,ironic,
22936677,44299,44299,1795143173846585502,2024-05-27,NEG,not ironic,
22936678,44300,44300,1795143173804610042,2024-05-27,NEG,not ironic,
22936679,44301,44301,1795143173175378375,2024-05-27,NEG,not ironic,
22936680,44302,44302,1795143169178226705,2024-05-27,NEU,not ironic,
22936681,44303,44303,1795143168066752717,2024-05-27,NEU,ironic,
22936682,44304,44304,1795143167332794373,2024-05-27,NEU,ironic,
22936683,44305,44305,1795143166548471932,2024-05-27,NEU,not ironic,
22936684,44306,44306,1795143166548430857,2024-05-27,NEG,not ironic,
22936685,44307,44307,1795143166221234687,2024-05-27,NEG,ironic,
22936686,44308,44308,1795143165592162523,2024-05-27,NEU,not ironic,
22936687,44309,44309,1795143165579501669,2024-05-27,NEG,not ironic,
22936688,44310,44310,1795143165491417111,2024-05-27,NEG,ironic,
22936689,44311,44311,1795143165223079989,2024-05-27,NEG,ironic,
22936690,44312,44312,1795143165051019537,2024-05-27,NEG,ironic,
22936691,44313,44313,1795143164187050011,2024-05-27,NEG,not ironic,
22936692,44314,44314,1795143163897622790,2024-05-27,NEG,not ironic,
22936693,44315,44315,1795143163172073823,2024-05-27,NEU,not ironic,
22936694,44316,44316,1795143163109130629,2024-05-27,NEU,not ironic,
22936695,44317,44317,1795143162601591066,2024-05-27,NEG,ironic,
22936696,44318,44318,1795143160575709205,2024-05-27,NEG,not ironic,
22936697,44319,44319,1795143158608613768,2024-05-27,NEU,not ironic,
22936698,44320,44320,1795143157140652507,2024-05-27,NEU,ironic,
22936699,44321,44321,1795143154766619070,2024-05-27,NEG,not ironic,
22936700,44322,44322,1795143154313605289,2024-05-27,NEG,ironic,
22936701,44323,44323,1795143154007454099,2024-05-27,NEU,not ironic,
22936702,44324,44324,1795143153168654686,2024-05-27,NEU,not ironic,
22936703,44325,44325,1795143151876784586,2024-05-27,NEG,not ironic,
22936704,44326,44326,1795143150643638394,2024-05-27,NEU,not ironic,
22936705,44327,44327,1795143150547116381,2024-05-27,NEG,not ironic,
22936706,44328,44328,1795143149355958637,2024-05-27,NEG,ironic,
22936707,44329,44329,1795143148995240050,2024-05-27,NEG,ironic,
22936708,44330,44330,1795143148840116376,2024-05-27,NEG,not ironic,
22936709,44331,44331,1795143148689105266,2024-05-27,NEU,not ironic,
22936710,44332,44332,1795143148387139914,2024-05-27,POS,ironic,
22936711,44333,44333,1795143144318570513,2024-05-27,NEG,ironic,
22936712,44334,44334,1795143142343078004,2024-05-27,NEG,not ironic,
22936713,44335,44335,1795143142179471646,2024-05-27,NEG,not ironic,
22936714,44336,44336,1795143141843939761,2024-05-27,NEG,ironic,
22936715,44337,44337,1795143139394498756,2024-05-27,NEG,ironic,
22936716,44338,44338,1795143138991845377,2024-05-27,NEG,not ironic,
22936717,44339,44339,1795143138706632953,2024-05-27,NEG,not ironic,
22936718,44340,44340,1795143137196679324,2024-05-27,NEU,not ironic,
22936719,44341,44341,1795143134864716198,2024-05-27,NEU,not ironic,
22936720,44342,44342,1795143134583615639,2024-05-27,NEG,not ironic,
22936721,44343,44343,1795143133740556545,2024-05-27,NEG,ironic,
22936722,44344,44344,1795143132171870709,2024-05-27,NEU,not ironic,
22936723,44345,44345,1795143131983130628,2024-05-27,NEG,not ironic,
22936724,44346,44346,1795143129038815603,2024-05-27,POS,not ironic,
22936725,44347,44347,1795143126010540483,2024-05-27,NEU,ironic,
22936726,44348,44348,1795143125498769610,2024-05-27,NEU,not ironic,
22936727,44349,44349,1795143124701905207,2024-05-27,POS,ironic,
22936728,44350,44350,1795143124492206260,2024-05-27,NEU,not ironic,
22936729,44351,44351,1795143123909148835,2024-05-27,NEU,not ironic,
22936730,44352,44352,1795143123712000084,2024-05-27,POS,not ironic,
22936731,44353,44353,1795143123409977570,2024-05-27,POS,not ironic,
22936732,44354,44354,1795143121942045017,2024-05-27,NEU,not ironic,
22936733,44355,44355,1795143120465666276,2024-05-27,NEU,not ironic,
22936734,44356,44356,1795143117319905598,2024-05-27,POS,ironic,
22936735,44357,44357,1795143115491213594,2024-05-27,NEU,ironic,
22936736,44358,44358,1795143113335271711,2024-05-27,NEU,not ironic,
22936737,44359,44359,1795143112932659469,2024-05-27,NEG,not ironic,
22936738,44360,44360,1795143112827842894,2024-05-27,POS,ironic,
22936739,44361,44361,1795143112047694104,2024-05-27,NEG,not ironic,
22936740,44362,44362,1795143111770771543,2024-05-27,NEU,not ironic,
22936741,44363,44363,1795143111707865293,2024-05-27,NEG,not ironic,
22936742,44364,44364,1795143111674376399,2024-05-27,NEG,ironic,
22936743,44365,44365,1795143111548510265,2024-05-27,NEU,not ironic,
22936744,44366,44366,1795143111309504914,2024-05-27,NEG,not ironic,
22936745,44367,44367,1795143109766005176,2024-05-27,NEG,ironic,
22936746,44368,44368,1795143107563946311,2024-05-27,NEG,ironic,
22936747,44369,44369,1795143107421340092,2024-05-27,NEU,ironic,
22936748,44370,44370,1795143105982648739,2024-05-27,NEU,not ironic,
22936749,44371,44371,1795143104728547411,2024-05-27,NEU,not ironic,
22936750,44372,44372,1795143102065258690,2024-05-27,NEU,not ironic,
22936751,44373,44373,1795143100857245745,2024-05-27,NEG,ironic,
22936752,44374,44374,1795143100022550750,2024-05-27,NEU,not ironic,
22936753,44375,44375,1795143096738463914,2024-05-27,POS,not ironic,
22936754,44376,44376,1795143096620965965,2024-05-27,NEG,ironic,
22936755,44377,44377,1795143096209916275,2024-05-27,NEG,ironic,
22936756,44378,44378,1795143096029639151,2024-05-27,NEG,ironic,
22936757,44379,44379,1795143095652159889,2024-05-27,POS,not ironic,
22936758,44380,44380,1795143095056568518,2024-05-27,POS,not ironic,
22936759,44381,44381,1795143094955835658,2024-05-27,NEU,ironic,
22936760,44382,44382,1795143094272217173,2024-05-27,NEG,not ironic,
22936761,44383,44383,1795143093408202788,2024-05-27,NEU,not ironic,
22936762,44384,44384,1795143092766470635,2024-05-27,NEG,not ironic,
22936763,44385,44385,1795143086915440685,2024-05-27,NEG,ironic,
22936764,44386,44386,1795143086592381048,2024-05-27,NEU,ironic,
22936765,44387,44387,1795143086554730633,2024-05-27,NEG,ironic,
22936766,44388,44388,1795143084964975080,2024-05-27,NEG,not ironic,
22936767,44389,44389,1795143084688159010,2024-05-27,NEG,ironic,
22936768,44390,44390,1795143084587598020,2024-05-27,NEU,not ironic,
22936769,44391,44391,1795143083761312246,2024-05-27,NEG,not ironic,
22936770,44392,44392,1795143083627032687,2024-05-27,NEU,ironic,
22936771,44393,44393,1795143082066719014,2024-05-27,NEG,not ironic,
22936772,44394,44394,1795143082041561224,2024-05-27,NEG,not ironic,
22936773,44395,44395,1795143081668354550,2024-05-27,NEG,ironic,
22936774,44396,44396,1795143081202774022,2024-05-27,NEG,not ironic,
22936775,44397,44397,1795143080716202228,2024-05-27,NEU,not ironic,
22936776,44398,44398,1795143079961231745,2024-05-27,NEU,not ironic,
22936777,44399,44399,1795143079772684435,2024-05-27,NEG,not ironic,
22936778,44400,44400,1795143079743074616,2024-05-27,NEU,not ironic,
22936779,44401,44401,1795143078753259816,2024-05-27,NEG,ironic,
22936780,44402,44402,1795143078103162885,2024-05-27,POS,not ironic,
22936781,44403,44403,1795143077868310921,2024-05-27,NEG,ironic,
22936782,44404,44404,1795143077100679224,2024-05-27,NEU,ironic,
22936783,44405,44405,1795143076668686803,2024-05-27,NEG,not ironic,
22936784,44406,44406,1795143076178006523,2024-05-27,NEG,not ironic,
22936785,44407,44407,1795143075485847826,2024-05-27,NEG,not ironic,
22936786,44408,44408,1795143074504495187,2024-05-27,NEG,not ironic,
22936787,44409,44409,1795143071849427282,2024-05-27,POS,not ironic,
22936788,44410,44410,1795143071539122333,2024-05-27,NEG,not ironic,
22936789,44411,44411,1795143071153156408,2024-05-27,POS,ironic,
22936790,44412,44412,1795143071031525776,2024-05-27,POS,ironic,
22936791,44413,44413,1795143067084730857,2024-05-27,NEG,not ironic,
22936792,44414,44414,1795143065537073583,2024-05-27,NEU,not ironic,
22936793,44415,44415,1795143065167856019,2024-05-27,NEU,not ironic,
22936794,44416,44416,1795143062672290265,2024-05-27,NEU,ironic,
22936795,44417,44417,1795143060621279237,2024-05-27,NEG,ironic,
22936796,44418,44418,1795143060587794811,2024-05-27,NEG,ironic,
22936797,44419,44419,1795143059639804377,2024-05-27,NEG,ironic,
22936798,44420,44420,1795143058855453047,2024-05-27,NEG,not ironic,
22936799,44421,44421,1795143058742214692,2024-05-27,NEG,ironic,
22936800,44422,44422,1795143058637365602,2024-05-27,NEG,not ironic,
22936801,44423,44423,1795143058016682367,2024-05-27,NEG,ironic,
22936802,44424,44424,1795143057701998822,2024-05-27,POS,not ironic,
22936803,44425,44425,1795143051628675343,2024-05-27,NEG,not ironic,
22936804,44426,44426,1795143050718536072,2024-05-27,NEG,not ironic,
22936805,44427,44427,1795143050055831609,2024-05-27,NEG,ironic,
22936806,44428,44428,1795143047249875381,2024-05-27,NEG,ironic,
22936807,44429,44429,1795143046985568310,2024-05-27,NEU,ironic,
22936808,44430,44430,1795143046536798287,2024-05-27,NEU,not ironic,
22936809,44431,44431,1795143046121541975,2024-05-27,POS,not ironic,
22936810,44432,44432,1795143045509271824,2024-05-27,NEU,not ironic,
22936811,44433,44433,1795143043164549209,2024-05-27,NEG,not ironic,
22936812,44434,44434,1795143042778726724,2024-05-27,NEG,not ironic,
22936813,44435,44435,1795143042262778066,2024-05-27,NEG,ironic,
22936814,44436,44436,1795143041214193915,2024-05-27,NEG,not ironic,
22936815,44437,44437,1795143039997849646,2024-05-27,NEG,not ironic,
22936816,44438,44438,1795143039226134760,2024-05-27,POS,not ironic,
22936817,44439,44439,1795143038898987208,2024-05-27,NEU,ironic,
22936818,44440,44440,1795143038353711386,2024-05-27,NEU,not ironic,
22936819,44441,44441,1795143037858775059,2024-05-27,NEG,not ironic,
22936820,44442,44442,1795143036264997148,2024-05-27,NEG,not ironic,
22936821,44443,44443,1795143034385969405,2024-05-27,NEU,not ironic,
22936822,44444,44444,1795143032452325456,2024-05-27,NEG,not ironic,
22936823,44445,44445,1795143032011907093,2024-05-27,NEU,not ironic,
22936824,44446,44446,1795143031546351752,2024-05-27,NEG,not ironic,
22936825,44447,44447,1795143031034614061,2024-05-27,NEG,not ironic,
22936826,44448,44448,1795143029872845016,2024-05-27,NEG,not ironic,
22936827,44449,44449,1795143026471309618,2024-05-27,NEU,not ironic,
22936828,44450,44450,1795143026190254458,2024-05-27,NEG,ironic,
22936829,44451,44451,1795143026127327616,2024-05-27,NEG,not ironic,
22936830,44452,44452,1795143025376526601,2024-05-27,POS,ironic,
22936831,44453,44453,1795143024948699314,2024-05-27,NEU,ironic,
22936832,44454,44454,1795143023266791750,2024-05-27,POS,not ironic,
22936833,44455,44455,1795143022897660199,2024-05-27,POS,not ironic,
22936834,44456,44456,1795143021714923867,2024-05-27,NEG,not ironic,
22936835,44457,44457,1795143021408944616,2024-05-27,NEG,not ironic,
22936836,44458,44458,1795143021354225807,2024-05-27,NEU,not ironic,
22936837,44459,44459,1795143021106749744,2024-05-27,NEU,not ironic,
22936838,44460,44460,1795143021031211421,2024-05-27,NEU,not ironic,
22936839,44461,44461,1795143020951613504,2024-05-27,NEU,not ironic,
22936840,44462,44462,1795143019013833083,2024-05-27,NEG,ironic,
22936841,44463,44463,1795143018812489817,2024-05-27,POS,not ironic,
22936842,44464,44464,1795143018464321980,2024-05-27,NEU,not ironic,
22936843,44465,44465,1795143015461183577,2024-05-27,NEG,ironic,
22936844,44466,44466,1795143014878179650,2024-05-27,NEG,ironic,
22936845,44467,44467,1795143014345511131,2024-05-27,NEU,not ironic,
22936846,44468,44468,1795143013045322106,2024-05-27,NEU,not ironic,
22936847,44469,44469,1795143012319727818,2024-05-27,NEG,ironic,
22936848,44470,44470,1795143012143546515,2024-05-27,POS,not ironic,
22936849,44471,44471,1795143010625212502,2024-05-27,NEG,not ironic,
22936850,44472,44472,1795143010142875999,2024-05-27,POS,ironic,
22936851,44473,44473,1795143009882824785,2024-05-27,NEU,ironic,
22936852,44474,44474,1795143008741900545,2024-05-27,NEU,ironic,
22936853,44475,44475,1795143008544784537,2024-05-27,NEG,not ironic,
22936854,44476,44476,1795143007261331646,2024-05-27,NEG,ironic,
22936855,44477,44477,1795143007202685399,2024-05-27,NEG,not ironic,
22936856,44478,44478,1795143006208553390,2024-05-27,POS,not ironic,
22936857,44479,44479,1795143005680066731,2024-05-27,POS,not ironic,
22936858,44480,44480,1795143004698636754,2024-05-27,NEG,not ironic,
22936859,44481,44481,1795143004333777321,2024-05-27,NEU,not ironic,
22936860,44482,44482,1795143003805282589,2024-05-27,NEU,not ironic,
22936861,44483,44483,1795143003352232433,2024-05-27,NEG,ironic,
22936862,44484,44484,1795143003264197020,2024-05-27,NEU,not ironic,
22936863,44485,44485,1795143002978984030,2024-05-27,POS,ironic,
22936864,44486,44486,1795143002937028806,2024-05-27,NEG,not ironic,
22936865,44487,44487,1795143001964003519,2024-05-27,POS,ironic,
22936866,44488,44488,1795143001120924055,2024-05-27,NEG,not ironic,
22936867,44489,44489,1795143001062195384,2024-05-27,NEG,not ironic,
22936868,44490,44490,1795142999283990607,2024-05-27,NEU,not ironic,
22936869,44491,44491,1795142998524584086,2024-05-27,NEG,ironic,
22936870,44492,44492,1795142998046462133,2024-05-27,NEG,not ironic,
22936871,44493,44493,1795142997769650421,2024-05-27,NEU,ironic,
22936872,44494,44494,1795142996972781739,2024-05-27,NEU,not ironic,
22936873,44495,44495,1795142995227930804,2024-05-27,NEU,not ironic,
22936874,44496,44496,1795142994338701569,2024-05-27,NEG,not ironic,
22936875,44497,44497,1795142993806045287,2024-05-27,NEG,not ironic,
22936876,44498,44498,1795142993327923432,2024-05-27,NEG,ironic,
22936877,44499,44499,1795142992849715241,2024-05-27,NEG,not ironic,
22936878,44500,44500,1795142989620101400,2024-05-27,NEG,ironic,
22936879,44501,44501,1795142987837583793,2024-05-27,NEG,not ironic,
22936880,44502,44502,1795142986935726250,2024-05-27,NEG,not ironic,
22936881,44503,44503,1795142986705113531,2024-05-27,NEU,not ironic,
22936882,44504,44504,1795142986436575519,2024-05-27,NEU,not ironic,
22936883,44505,44505,1795142984645677134,2024-05-27,NEU,not ironic,
22936884,44506,44506,1795142984574345398,2024-05-27,NEG,not ironic,
22936885,44507,44507,1795142984440091054,2024-05-27,NEU,not ironic,
22936886,44508,44508,1795142984406638652,2024-05-27,NEU,not ironic,
22936887,44509,44509,1795142984322695323,2024-05-27,NEG,ironic,
22936888,44510,44510,1795142983953592430,2024-05-27,NEU,not ironic,
22936889,44511,44511,1795142983903256979,2024-05-27,POS,ironic,
22936890,44512,44512,1795142983781671385,2024-05-27,NEG,ironic,
22936891,44513,44513,1795142983437656423,2024-05-27,NEU,not ironic,
22936892,44514,44514,1795142983127376232,2024-05-27,NEG,ironic,
22936893,44515,44515,1795142982544269356,2024-05-27,NEG,not ironic,
22936894,44516,44516,1795142982535889018,2024-05-27,NEG,ironic,
22936895,44517,44517,1795142981650964534,2024-05-27,NEU,not ironic,
22936896,44518,44518,1795142981596369304,2024-05-27,NEG,not ironic,
22936897,44519,44519,1795142980375871506,2024-05-27,NEG,not ironic,
22936898,44520,44520,1795142980241686657,2024-05-27,NEU,not ironic,
22936899,44521,44521,1795142979906077086,2024-05-27,POS,not ironic,
22936900,44522,44522,1795142978303848448,2024-05-27,POS,not ironic,
22936901,44523,44523,1795142977901277474,2024-05-27,NEG,ironic,
22936902,44524,44524,1795142977427251548,2024-05-27,NEG,ironic,
22936903,44525,44525,1795142976663953427,2024-05-27,NEU,not ironic,
22936904,44526,44526,1795142976219324549,2024-05-27,NEU,ironic,
22936905,44527,44527,1795142976127062475,2024-05-27,NEG,not ironic,
22936906,44528,44528,1795142975229460701,2024-05-27,NEG,not ironic,
22936907,44529,44529,1795142974638088548,2024-05-27,NEU,not ironic,
22936908,44530,44530,1795142974415782163,2024-05-27,NEU,not ironic,
22936909,44531,44531,1795142972360519876,2024-05-27,POS,ironic,
22936910,44532,44532,1795142972117254379,2024-05-27,NEG,not ironic,
22936911,44533,44533,1795142971249091038,2024-05-27,NEU,ironic,
22936912,44534,44534,1795142971207115248,2024-05-27,NEU,not ironic,
22936913,44535,44535,1795142970783539688,2024-05-27,NEG,ironic,
22936914,44536,44536,1795142970372424078,2024-05-27,NEG,not ironic,
22936915,44537,44537,1795142968833085586,2024-05-27,NEU,not ironic,
22936916,44538,44538,1795142968065540135,2024-05-27,NEU,not ironic,
22936917,44539,44539,1795142967927128368,2024-05-27,NEG,ironic,
22936918,44540,44540,1795142967155470604,2024-05-27,NEG,ironic,
22936919,44541,44541,1795142967155454204,2024-05-27,NEG,ironic,
22936920,44542,44542,1795142965247008903,2024-05-27,NEG,ironic,
22936921,44543,44543,1795142965049917553,2024-05-27,NEU,not ironic,
22936922,44544,44544,1795142963544105102,2024-05-27,NEG,ironic,
22936923,44545,44545,1795142961035984903,2024-05-27,NEG,ironic,
22936924,44546,44546,1795142961014902871,2024-05-27,NEU,not ironic,
22936925,44547,44547,1795142959685333065,2024-05-27,POS,not ironic,
22936926,44548,44548,1795142958720684336,2024-05-27,NEU,not ironic,
22936927,44549,44549,1795142958678679861,2024-05-27,NEG,ironic,
22936928,44550,44550,1795142958641017068,2024-05-27,NEG,not ironic,
22936929,44551,44551,1795142957613408536,2024-05-27,NEU,not ironic,
22936930,44552,44552,1795142956896211027,2024-05-27,NEG,not ironic,
22936931,44553,44553,1795142956032106624,2024-05-27,NEU,not ironic,
22936932,44554,44554,1795142955851825319,2024-05-27,NEG,ironic,
22936933,44555,44555,1795142955319148833,2024-05-27,NEU,not ironic,
22936934,44556,44556,1795142955084197982,2024-05-27,NEG,not ironic,
22936935,44557,44557,1795142953729491233,2024-05-27,NEU,not ironic,
22936936,44558,44558,1795142953377165405,2024-05-27,NEG,ironic,
22936937,44559,44559,1795142953263849792,2024-05-27,NEU,not ironic,
22936938,44560,44560,1795142952626327873,2024-05-27,NEG,not ironic,
22936939,44561,44561,1795142951481352391,2024-05-27,POS,ironic,
22936940,44562,44562,1795142951468683511,2024-05-27,NEG,ironic,
22936941,44563,44563,1795142951095468323,2024-05-27,NEG,ironic,
22936942,44564,44564,1795142951024181390,2024-05-27,NEU,not ironic,
22936943,44565,44565,1795142950835372255,2024-05-27,NEG,not ironic,
22936944,44566,44566,1795142948994101442,2024-05-27,NEU,ironic,
22936945,44567,44567,1795142948260110499,2024-05-27,NEU,not ironic,
22936946,44568,44568,1795142945772814698,2024-05-27,NEG,not ironic,
22936947,44569,44569,1795142944917266709,2024-05-27,NEG,not ironic,
22936948,44570,44570,1795142944388788491,2024-05-27,NEU,not ironic,
22936949,44571,44571,1795142944065786155,2024-05-27,NEG,not ironic,
22936950,44572,44572,1795142943356895369,2024-05-27,NEG,not ironic,
22936951,44573,44573,1795142943323390289,2024-05-27,NEG,not ironic,
22936952,44574,44574,1795142943067590966,2024-05-27,NEG,ironic,
22936953,44575,44575,1795142941201109095,2024-05-27,NEG,not ironic,
22936954,44576,44576,1795142941045875111,2024-05-27,NEG,ironic,
22936955,44577,44577,1795142940521562309,2024-05-27,NEG,ironic,
22936956,44578,44578,1795142940345487779,2024-05-27,NEU,ironic,
22936957,44579,44579,1795142937673642190,2024-05-27,NEU,not ironic,
22936958,44580,44580,1795142937614938569,2024-05-27,NEG,not ironic,
22936959,44581,44581,1795142936713146672,2024-05-27,NEG,not ironic,
22936960,44582,44582,1795142935123505599,2024-05-27,NEU,ironic,
22936961,44583,44583,1795142933873590329,2024-05-27,NEU,not ironic,
22936962,44584,44584,1795142931516457098,2024-05-27,NEG,not ironic,
22936963,44585,44585,1795142930983772401,2024-05-27,NEG,ironic,
22936964,44586,44586,1795142930870534480,2024-05-27,NEG,not ironic,
22936965,44587,44587,1795142929440190568,2024-05-27,NEG,not ironic,
22936966,44588,44588,1795142928756519209,2024-05-27,NEG,not ironic,
22936967,44589,44589,1795142927187931527,2024-05-27,POS,not ironic,
22936968,44590,44590,1795142927179538537,2024-05-27,NEG,not ironic,
22936969,44591,44591,1795142927091458448,2024-05-27,NEU,not ironic,
22936970,44592,44592,1795142926189633645,2024-05-27,NEG,not ironic,
22936971,44593,44593,1795142925698908501,2024-05-27,NEG,ironic,
22936972,44594,44594,1795142925375955324,2024-05-27,NEU,ironic,
22936973,44595,44595,1795142925367570793,2024-05-27,NEU,not ironic,
22936974,44596,44596,1795142925338214876,2024-05-27,NEG,not ironic,
22936975,44597,44597,1795142923027145149,2024-05-27,NEU,not ironic,
22936976,44598,44598,1795142921613619358,2024-05-27,POS,not ironic,
22936977,44599,44599,1795142920476995995,2024-05-27,NEG,not ironic,
22936978,44600,44600,1795142918371455007,2024-05-27,NEG,not ironic,
22936979,44601,44601,1795142914768601553,2024-05-27,NEU,not ironic,
22936980,44602,44602,1795142914516857255,2024-05-27,NEG,ironic,
22936981,44603,44603,1795142914277867782,2024-05-27,NEG,ironic,
22936982,44604,44604,1795142912436486590,2024-05-27,NEG,ironic,
22936983,44605,44605,1795142910515483030,2024-05-27,POS,not ironic,
22936984,44606,44606,1795142909739544617,2024-05-27,NEG,ironic,
22936985,44607,44607,1795142908871360932,2024-05-27,NEU,ironic,
22936986,44608,44608,1795142907373945024,2024-05-27,POS,ironic,
22936987,44609,44609,1795142906484814219,2024-05-27,NEG,not ironic,
22936988,44610,44610,1795142906249961516,2024-05-27,NEG,not ironic,
22936989,44611,44611,1795142906170274302,2024-05-27,NEU,ironic,
22936990,44612,44612,1795142905625038962,2024-05-27,NEG,ironic,
22936991,44613,44613,1795142904836440537,2024-05-27,NEG,not ironic,
22936992,44614,44614,1795142903695654981,2024-05-27,NEU,not ironic,
22936993,44615,44615,1795142903636906399,2024-05-27,NEG,not ironic,
22936994,44616,44616,1795142903133524338,2024-05-27,NEU,not ironic,
22936995,44617,44617,1795142902743458276,2024-05-27,NEU,ironic,
22936996,44618,44618,1795142901762068930,2024-05-27,NEU,ironic,
22936997,44619,44619,1795142901753655450,2024-05-27,POS,ironic,
22936998,44620,44620,1795142900868690035,2024-05-27,NEU,not ironic,
22936999,44621,44621,1795142900705112294,2024-05-27,NEU,not ironic,
22937000,44622,44622,1795142900143042960,2024-05-27,NEG,not ironic,
22937001,44623,44623,1795142898561765621,2024-05-27,NEG,not ironic,
22937002,44624,44624,1795142898356212075,2024-05-27,NEU,not ironic,
22937003,44625,44625,1795142896603033900,2024-05-27,NEU,not ironic,
22937004,44626,44626,1795142896011632808,2024-05-27,NEG,not ironic,
22937005,44627,44627,1795142894119981102,2024-05-27,NEG,ironic,
22937006,44628,44628,1795142893717332039,2024-05-27,NEG,not ironic,
22937007,44629,44629,1795142893402746924,2024-05-27,NEG,not ironic,
22937008,44630,44630,1795142892278644924,2024-05-27,NEU,not ironic,
22937009,44631,44631,1795142891175571888,2024-05-27,NEG,not ironic,
22937010,44632,44632,1795142890181509385,2024-05-27,NEU,ironic,
22937011,44633,44633,1795142889875370481,2024-05-27,NEG,not ironic,
22937012,44634,44634,1795142889862750642,2024-05-27,POS,not ironic,
22937013,44635,44635,1795142889304920448,2024-05-27,NEU,not ironic,
22937014,44636,44636,1795142888248013226,2024-05-27,NEG,not ironic,
22937015,44637,44637,1795142887585296623,2024-05-27,NEU,not ironic,
22937016,44638,44638,1795142886754783496,2024-05-27,NEU,not ironic,
22937017,44639,44639,1795142885542645851,2024-05-27,NEU,not ironic,
22937018,44640,44640,1795142885114814771,2024-05-27,NEG,not ironic,
22937019,44641,44641,1795142884749947006,2024-05-27,NEG,ironic,
22937020,44642,44642,1795142884406001935,2024-05-27,NEG,ironic,
22937021,44643,44643,1795142884322148497,2024-05-27,NEG,not ironic,
22937022,44644,44644,1795142884284338535,2024-05-27,NEG,ironic,
22937023,44645,44645,1795142883462218231,2024-05-27,NEG,not ironic,
22937024,44646,44646,1795142883063795786,2024-05-27,NEU,not ironic,
22937025,44647,44647,1795142883026088326,2024-05-27,NEU,not ironic,
22937026,44648,44648,1795142881444819345,2024-05-27,NEU,ironic,
22937027,44649,44649,1795142880996053042,2024-05-27,NEU,not ironic,
22937028,44650,44650,1795142878844375358,2024-05-27,POS,not ironic,
22937029,44651,44651,1795142876898156741,2024-05-27,NEG,not ironic,
22937030,44652,44652,1795142876298358932,2024-05-27,POS,ironic,
22937031,44653,44653,1795142873756622885,2024-05-27,NEG,ironic,
22937032,44654,44654,1795142871772737972,2024-05-27,NEG,not ironic,
22937033,44655,44655,1795142871697277223,2024-05-27,POS,ironic,
22937034,44656,44656,1795142871567221019,2024-05-27,NEU,ironic,
22937035,44657,44657,1795142871416205595,2024-05-27,NEU,not ironic,
22937036,44658,44658,1795142869595959344,2024-05-27,NEU,not ironic,
22937037,44659,44659,1795142868845109571,2024-05-27,POS,not ironic,
22937038,44660,44660,1795142868249485763,2024-05-27,NEU,not ironic,
22937039,44661,44661,1795142868018815291,2024-05-27,NEU,not ironic,
22937040,44662,44662,1795142867112894549,2024-05-27,NEG,ironic,
22937041,44663,44663,1795142866483691842,2024-05-27,NEU,not ironic,
22937042,44664,44664,1795142865556754442,2024-05-27,NEG,not ironic,
22937043,44665,44665,1795142864218808716,2024-05-27,NEU,not ironic,
22937044,44666,44666,1795142864185200963,2024-05-27,NEG,not ironic,
22937045,44667,44667,1795142863820296410,2024-05-27,NEU,not ironic,
22937046,44668,44668,1795142671536668959,2024-05-27,NEG,not ironic,
22937047,44669,44669,1795142670702031300,2024-05-27,NEG,ironic,
22937048,44670,44670,1795142667996676246,2024-05-27,NEG,not ironic,
22937049,44671,44671,1795142667745034598,2024-05-27,POS,not ironic,
22937050,44672,44672,1795142667078095004,2024-05-27,NEG,ironic,
22937051,44673,44673,1795142666377625643,2024-05-27,NEG,ironic,
22937052,44674,44674,1795142665815601167,2024-05-27,NEG,not ironic,
22937053,44675,44675,1795142665190658140,2024-05-27,NEG,not ironic,
22937054,44676,44676,1795142664410603724,2024-05-27,NEU,ironic,
22937055,44677,44677,1795142663726911943,2024-05-27,NEG,not ironic,
22937056,44678,44678,1795142663240306861,2024-05-27,NEU,not ironic,
22937057,44679,44679,1795142662284091819,2024-05-27,NEG,not ironic,
22937058,44680,44680,1795142661923319869,2024-05-27,NEG,not ironic,
22937059,44681,44681,1795142661319405938,2024-05-27,NEG,not ironic,
22937060,44682,44682,1795142661029896324,2024-05-27,NEG,not ironic,
22937061,44683,44683,1795142660451090579,2024-05-27,NEU,not ironic,
22937062,44684,44684,1795142658232389721,2024-05-27,NEG,ironic,
22937063,44685,44685,1795142657863246027,2024-05-27,NEU,not ironic,
22937064,44686,44686,1795142657838129241,2024-05-27,NEU,not ironic,
22937065,44687,44687,1795142657758416969,2024-05-27,NEG,not ironic,
22937066,44688,44688,1795142656504291565,2024-05-27,NEU,not ironic,
22937067,44689,44689,1795142655644500469,2024-05-27,POS,not ironic,
22937068,44690,44690,1795142654285476095,2024-05-27,NEG,ironic,
22937069,44691,44691,1795142653727605212,2024-05-27,NEG,not ironic,
22937070,44692,44692,1795142653438288164,2024-05-27,NEU,not ironic,
22937071,44693,44693,1795142653140508770,2024-05-27,NEU,not ironic,
22937072,44694,44694,1795142652481974694,2024-05-27,NEU,not ironic,
22937073,44695,44695,1795142652477722848,2024-05-27,NEU,not ironic,
22937074,44696,44696,1795142651974422807,2024-05-27,NEU,not ironic,
22937075,44697,44697,1795142651336913013,2024-05-27,NEG,ironic,
22937076,44698,44698,1795142651265613957,2024-05-27,NEU,not ironic,
22937077,44699,44699,1795142648858124369,2024-05-27,NEU,ironic,
22937078,44700,44700,1795142647914340832,2024-05-27,NEU,not ironic,
22937079,44701,44701,1795142647830462941,2024-05-27,NEG,ironic,
22937080,44702,44702,1795142646974890225,2024-05-27,NEG,ironic,
22937081,44703,44703,1795142646937145440,2024-05-27,NEU,not ironic,
22937082,44704,44704,1795142646853255391,2024-05-27,NEG,ironic,
22937083,44705,44705,1795142646609985804,2024-05-27,NEG,not ironic,
22937084,44706,44706,1795142646068830458,2024-05-27,NEG,not ironic,
22937085,44707,44707,1795142646022680728,2024-05-27,NEU,ironic,
22937086,44708,44708,1795142642273075639,2024-05-27,NEU,not ironic,
22937087,44709,44709,1795142642155520266,2024-05-27,NEU,ironic,
22937088,44710,44710,1795142641014727158,2024-05-27,NEU,ironic,
22937089,44711,44711,1795142640922427676,2024-05-27,NEG,not ironic,
22937090,44712,44712,1795142640473722946,2024-05-27,NEG,ironic,
22937091,44713,44713,1795142639441863093,2024-05-27,POS,not ironic,
22937092,44714,44714,1795142639349616876,2024-05-27,POS,not ironic,
22937093,44715,44715,1795142638112293156,2024-05-27,NEG,ironic,
22937094,44716,44716,1795142637323759860,2024-05-27,NEU,not ironic,
22937095,44717,44717,1795142637256605913,2024-05-27,NEG,not ironic,
22937096,44718,44718,1795142637122388023,2024-05-27,NEU,not ironic,
22937097,44719,44719,1795142636749095054,2024-05-27,NEG,not ironic,
22937098,44720,44720,1795142633469120914,2024-05-27,NEG,not ironic,
22937099,44721,44721,1795142630948446360,2024-05-27,NEG,not ironic,
22937100,44722,44722,1795142630537417080,2024-05-27,NEG,not ironic,
22937101,44723,44723,1795142629564264532,2024-05-27,NEG,not ironic,
22937102,44724,44724,1795142629379719426,2024-05-27,NEG,not ironic,
22937103,44725,44725,1795142628515742013,2024-05-27,NEU,not ironic,
22937104,44726,44726,1795142628503151015,2024-05-27,NEG,ironic,
22937105,44727,44727,1795142626938687585,2024-05-27,NEG,ironic,
22937106,44728,44728,1795142626372469001,2024-05-27,NEU,ironic,
22937107,44729,44729,1795142622660407437,2024-05-27,POS,not ironic,
22937108,44730,44730,1795142622123786522,2024-05-27,NEU,not ironic,
22937109,44731,44731,1795142621691527550,2024-05-27,NEU,ironic,
22937110,44732,44732,1795142620571648184,2024-05-27,NEG,ironic,
22937111,44733,44733,1795142618705178996,2024-05-27,NEU,not ironic,
22937112,44734,44734,1795142618218655859,2024-05-27,NEU,not ironic,
22937113,44735,44735,1795142616696193299,2024-05-27,NEU,ironic,
22937114,44736,44736,1795142616406757764,2024-05-27,NEG,ironic,
22937115,44737,44737,1795142616125690320,2024-05-27,NEG,ironic,
22937116,44738,44738,1795142615806955982,2024-05-27,NEU,ironic,
22937117,44739,44739,1795142613088997387,2024-05-27,NEU,not ironic,
22937118,44740,44740,1795142612967375155,2024-05-27,NEU,not ironic,
22937119,44741,44741,1795142612938064149,2024-05-27,NEG,not ironic,
22937120,44742,44742,1795142612569002270,2024-05-27,POS,ironic,
22937121,44743,44743,1795142612522881037,2024-05-27,NEU,not ironic,
22937122,44744,44744,1795142612447285432,2024-05-27,POS,not ironic,
22937123,44745,44745,1795142612233445700,2024-05-27,POS,ironic,
22937124,44746,44746,1795142612099240354,2024-05-27,NEG,not ironic,
22937125,44747,44747,1795142610362696127,2024-05-27,NEG,ironic,
22937126,44748,44748,1795142609679102134,2024-05-27,NEU,ironic,
22937127,44749,44749,1795142609326723269,2024-05-27,POS,ironic,
22937128,44750,44750,1795142608441770182,2024-05-27,NEG,not ironic,
22937129,44751,44751,1795142608420741612,2024-05-27,NEU,ironic,
22937130,44752,44752,1795142608282341513,2024-05-27,NEG,ironic,
22937131,44753,44753,1795142607116312905,2024-05-27,NEG,not ironic,
22937132,44754,44754,1795142605010796928,2024-05-27,NEU,not ironic,
22937133,44755,44755,1795142604260090123,2024-05-27,POS,not ironic,
22937134,44756,44756,1795142603568005258,2024-05-27,NEG,not ironic,
22937135,44757,44757,1795142603471470604,2024-05-27,NEU,ironic,
22937136,44758,44758,1795142602909417653,2024-05-27,POS,not ironic,
22937137,44759,44759,1795142601672175724,2024-05-27,NEU,not ironic,
22937138,44760,44760,1795142599847620879,2024-05-27,NEG,ironic,
22937139,44761,44761,1795142599830843661,2024-05-27,NEG,not ironic,
22937140,44762,44762,1795142598044053628,2024-05-27,NEG,not ironic,
22937141,44763,44763,1795142597934977466,2024-05-27,POS,ironic,
22937142,44764,44764,1795142597452689640,2024-05-27,NEG,not ironic,
22937143,44765,44765,1795142596936737093,2024-05-27,NEU,not ironic,
22937144,44766,44766,1795142596810969201,2024-05-27,NEG,ironic,
22937145,44767,44767,1795142593690337724,2024-05-27,NEU,not ironic,
22937146,44768,44768,1795142591631020240,2024-05-27,NEU,not ironic,
22937147,44769,44769,1795142590561395015,2024-05-27,POS,ironic,
22937148,44770,44770,1795142589768925412,2024-05-27,NEG,ironic,
22937149,44771,44771,1795142589718339770,2024-05-27,NEG,not ironic,
22937150,44772,44772,1795142588179059108,2024-05-27,NEU,ironic,
22937151,44773,44773,1795142588028072321,2024-05-27,NEU,not ironic,
22937152,44774,44774,1795142587625468176,2024-05-27,NEG,ironic,
22937153,44775,44775,1795142587583475889,2024-05-27,POS,ironic,
22937154,44776,44776,1795142587441086876,2024-05-27,NEU,not ironic,
22937155,44777,44777,1795142585993826772,2024-05-27,NEG,not ironic,
22937156,44778,44778,1795142585888952673,2024-05-27,NEG,ironic,
22937157,44779,44779,1795142585805132222,2024-05-27,NEU,not ironic,
22937158,44780,44780,1795142585473699918,2024-05-27,NEU,ironic,
22937159,44781,44781,1795142585197134313,2024-05-27,NEU,not ironic,
22937160,44782,44782,1795142583577923856,2024-05-27,NEU,not ironic,
22937161,44783,44783,1795142583141703861,2024-05-27,NEG,ironic,
22937162,44784,44784,1795142582915530812,2024-05-27,NEU,ironic,
22937163,44785,44785,1795142582206345387,2024-05-27,NEG,not ironic,
22937164,44786,44786,1795142580650508737,2024-05-27,NEG,not ironic,
22937165,44787,44787,1795142580595794398,2024-05-27,NEG,ironic,
22937166,44788,44788,1795142580243427821,2024-05-27,POS,not ironic,
22937167,44789,44789,1795142580218298452,2024-05-27,NEU,ironic,
22937168,44790,44790,1795142578452504629,2024-05-27,NEG,not ironic,
22937169,44791,44791,1795142578352029963,2024-05-27,POS,not ironic,
22937170,44792,44792,1795142577642983747,2024-05-27,NEU,not ironic,
22937171,44793,44793,1795142577563312289,2024-05-27,NEG,not ironic,
22937172,44794,44794,1795142577550676240,2024-05-27,POS,not ironic,
22937173,44795,44795,1795142576682492034,2024-05-27,NEU,not ironic,
22937174,44796,44796,1795142575944499485,2024-05-27,NEU,not ironic,
22937175,44797,44797,1795142575453601852,2024-05-27,NEG,ironic,
22937176,44798,44798,1795142575436734970,2024-05-27,NEG,ironic,
22937177,44799,44799,1795142573629243663,2024-05-27,POS,not ironic,
22937178,44800,44800,1795142573318713703,2024-05-27,NEG,not ironic,
22937179,44801,44801,1795142570961785271,2024-05-27,NEU,not ironic,
22937180,44802,44802,1795142570260963556,2024-05-27,NEG,ironic,
22937181,44803,44803,1795142568675512588,2024-05-27,NEG,ironic,
22937182,44804,44804,1795142568415502470,2024-05-27,NEU,not ironic,
22937183,44805,44805,1795142568390558030,2024-05-27,NEU,not ironic,
22937184,44806,44806,1795142567597834480,2024-05-27,NEU,not ironic,
22937185,44807,44807,1795142565705949261,2024-05-27,NEG,ironic,
22937186,44808,44808,1795142565705945506,2024-05-27,POS,ironic,
22937187,44809,44809,1795142564523237750,2024-05-27,POS,not ironic,
22937188,44810,44810,1795142564393136466,2024-05-27,NEU,not ironic,
22937189,44811,44811,1795142564309311944,2024-05-27,NEU,not ironic,
22937190,44812,44812,1795142563285885267,2024-05-27,NEU,not ironic,
22937191,44813,44813,1795142562660929605,2024-05-27,NEU,not ironic,
22937192,44814,44814,1795142562505773330,2024-05-27,NEG,not ironic,
22937193,44815,44815,1795142561826275627,2024-05-27,NEG,not ironic,
22937194,44816,44816,1795142559624270162,2024-05-27,NEU,ironic,
22937195,44817,44817,1795142555874599272,2024-05-27,NEG,not ironic,
22937196,44818,44818,1795142555513786617,2024-05-27,NEG,ironic,
22937197,44819,44819,1795142553748037832,2024-05-27,NEU,ironic,
22937198,44820,44820,1795142552448041432,2024-05-27,NEU,ironic,
22937199,44821,44821,1795142550673670333,2024-05-27,NEG,not ironic,
22937200,44822,44822,1795142550602326017,2024-05-27,NEU,not ironic,
22937201,44823,44823,1795142550451372074,2024-05-27,NEG,not ironic,
22937202,44824,44824,1795142549788639262,2024-05-27,NEG,ironic,
22937203,44825,44825,1795142548849049892,2024-05-27,POS,not ironic,
22937204,44826,44826,1795142548723212473,2024-05-27,NEG,ironic,
22937205,44827,44827,1795142548391915677,2024-05-27,NEU,not ironic,
22937206,44828,44828,1795142548282917288,2024-05-27,NEG,ironic,
22937207,44829,44829,1795142546483564828,2024-05-27,NEU,ironic,
22937208,44830,44830,1795142545997283434,2024-05-27,NEG,not ironic,
22937209,44831,44831,1795142544646345207,2024-05-27,NEG,not ironic,
22937210,44832,44832,1795142544625455166,2024-05-27,NEG,not ironic,
22937211,44833,44833,1795142543711121521,2024-05-27,NEU,not ironic,
22937212,44834,44834,1795142543350387022,2024-05-27,NEU,not ironic,
22937213,44835,44835,1795142543023263939,2024-05-27,NEG,not ironic,
22937214,44836,44836,1795142542750589208,2024-05-27,NEU,ironic,
22937215,44837,44837,1795142542188581086,2024-05-27,NEG,not ironic,
22937216,44838,44838,1795142541039272073,2024-05-27,NEU,ironic,
22937217,44839,44839,1795142540858937553,2024-05-27,POS,not ironic,
22937218,44840,44840,1795142540091421043,2024-05-27,NEU,not ironic,
22937219,44841,44841,1795142538615009688,2024-05-27,POS,not ironic,
22937220,44842,44842,1795142537075683422,2024-05-27,NEG,not ironic,
22937221,44843,44843,1795142536215867479,2024-05-27,NEG,ironic,
22937222,44844,44844,1795142535779594395,2024-05-27,POS,ironic,
22937223,44845,44845,1795142535133737267,2024-05-27,NEU,not ironic,
22937224,44846,44846,1795142534617817311,2024-05-27,NEG,ironic,
22937225,44847,44847,1795142531778281799,2024-05-27,NEU,not ironic,
22937226,44848,44848,1795142531069436122,2024-05-27,POS,ironic,
22937227,44849,44849,1795142530209665392,2024-05-27,NEG,not ironic,
22937228,44850,44850,1795142528892637250,2024-05-27,NEU,ironic,
22937229,44851,44851,1795142528083054652,2024-05-27,NEG,ironic,
22937230,44852,44852,1795142527755976841,2024-05-27,POS,not ironic,
22937231,44853,44853,1795142527030370630,2024-05-27,NEU,not ironic,
22937232,44854,44854,1795142525272916252,2024-05-27,NEU,ironic,
22937233,44855,44855,1795142524614386032,2024-05-27,NEG,not ironic,
22937234,44856,44856,1795142521590321252,2024-05-27,NEU,ironic,
22937235,44857,44857,1795142520881475814,2024-05-27,NEU,not ironic,
22937236,44858,44858,1795142520336236884,2024-05-27,NEU,not ironic,
22937237,44859,44859,1795142520046784797,2024-05-27,NEG,not ironic,
22937238,44860,44860,1795142518834602241,2024-05-27,POS,not ironic,
22937239,44861,44861,1795142517395976587,2024-05-27,NEU,not ironic,
22937240,44862,44862,1795142515974090754,2024-05-27,NEG,not ironic,
22937241,44863,44863,1795142515911180760,2024-05-27,NEU,not ironic,
22937242,44864,44864,1795142512341905547,2024-05-27,NEU,not ironic,
22937243,44865,44865,1795142512220184876,2024-05-27,NEU,not ironic,
22937244,44866,44866,1795142511335240057,2024-05-27,NEU,not ironic,
22937245,44867,44867,1795142510618009721,2024-05-27,NEG,not ironic,
22937246,44868,44868,1795142510349607144,2024-05-27,NEG,ironic,
22937247,44869,44869,1795142509565194326,2024-05-27,NEG,not ironic,
22937248,44870,44870,1795142508722135328,2024-05-27,NEU,not ironic,
22937249,44871,44871,1795142508122423412,2024-05-27,NEG,not ironic,
22937250,44872,44872,1795142505735852272,2024-05-27,NEU,not ironic,
22937251,44873,44873,1795142505052144033,2024-05-27,NEG,ironic,
22937252,44874,44874,1795142503902945774,2024-05-27,NEU,not ironic,
22937253,44875,44875,1795142503403864300,2024-05-27,NEG,not ironic,
22937254,44876,44876,1795142503328289093,2024-05-27,NEG,not ironic,
22937255,44877,44877,1795142503059841470,2024-05-27,NEG,ironic,
22937256,44878,44878,1795142501763797145,2024-05-27,NEG,not ironic,
22937257,44879,44879,1795142500983730445,2024-05-27,NEU,not ironic,
22937258,44880,44880,1795142500442681606,2024-05-27,NEU,not ironic,
22937259,44881,44881,1795142498785906881,2024-05-27,NEU,not ironic,
22937260,44882,44882,1795142498152587507,2024-05-27,NEU,not ironic,
22937261,44883,44883,1795142495765938606,2024-05-27,NEG,not ironic,
22937262,44884,44884,1795142495497502925,2024-05-27,POS,not ironic,
22937263,44885,44885,1795142495145226677,2024-05-27,NEU,not ironic,
22937264,44886,44886,1795142495141003315,2024-05-27,NEG,ironic,
22937265,44887,44887,1795142494386102742,2024-05-27,NEU,ironic,
22937266,44888,44888,1795142492284743719,2024-05-27,NEG,ironic,
22937267,44889,44889,1795142490183389440,2024-05-27,NEG,not ironic,
22937268,44890,44890,1795142489755521374,2024-05-27,NEU,ironic,
22937269,44891,44891,1795142489621348810,2024-05-27,NEU,not ironic,
22937270,44892,44892,1795142489554231667,2024-05-27,NEU,not ironic,
22937271,44893,44893,1795142488220389670,2024-05-27,POS,not ironic,
22937272,44894,44894,1795142487738118431,2024-05-27,NEU,ironic,
22937273,44895,44895,1795142487247380814,2024-05-27,NEU,not ironic,
22937274,44896,44896,1795142487113187767,2024-05-27,NEG,not ironic,
22937275,44897,44897,1795142486806958576,2024-05-27,NEG,not ironic,
22937276,44898,44898,1795142486236471686,2024-05-27,NEU,not ironic,
22937277,44899,44899,1795142486202998793,2024-05-27,NEG,ironic,
22937278,44900,44900,1795142486186213577,2024-05-27,NEG,not ironic,
22937279,44901,44901,1795142484789469409,2024-05-27,NEG,not ironic,
22937280,44902,44902,1795142484256870606,2024-05-27,NEU,not ironic,
22937281,44903,44903,1795142483090735196,2024-05-27,NEG,not ironic,
22937282,44904,44904,1795142481815773347,2024-05-27,NEG,not ironic,
22937283,44905,44905,1795142481534746733,2024-05-27,NEU,ironic,
22937284,44906,44906,1795142481509585136,2024-05-27,NEG,not ironic,
22937285,44907,44907,1795142480842649980,2024-05-27,POS,ironic,
22937286,44908,44908,1795142480582631930,2024-05-27,NEU,ironic,
22937287,44909,44909,1795142477474615539,2024-05-27,NEG,ironic,
22937288,44910,44910,1795142476996436215,2024-05-27,NEG,not ironic,
22937289,44911,44911,1795142476233081121,2024-05-27,NEU,not ironic,
22937290,44912,44912,1795142476044378126,2024-05-27,NEG,not ironic,
22937291,44913,44913,1795142475335504134,2024-05-27,NEG,ironic,
22937292,44914,44914,1795142474572214428,2024-05-27,NEU,not ironic,
22937293,44915,44915,1795142474513416686,2024-05-27,NEU,not ironic,
22937294,44916,44916,1795142474370838858,2024-05-27,NEG,ironic,
22937295,44917,44917,1795142474039431539,2024-05-27,NEU,not ironic,
22937296,44918,44918,1795142473313866033,2024-05-27,NEG,ironic,
22937297,44919,44919,1795142472592511438,2024-05-27,POS,not ironic,
22937298,44920,44920,1795142471472541850,2024-05-27,NEG,ironic,
22937299,44921,44921,1795142471296372770,2024-05-27,NEU,not ironic,
22937300,44922,44922,1795142469505441808,2024-05-27,NEU,not ironic,
22937301,44923,44923,1795142469119619330,2024-05-27,NEG,ironic,
22937302,44924,44924,1795142469027291466,2024-05-27,NEG,ironic,
22937303,44925,44925,1795142468893041046,2024-05-27,NEU,not ironic,
22937304,44926,44926,1795142467596988448,2024-05-27,NEG,ironic,
22937305,44927,44927,1795142464770077031,2024-05-27,NEU,not ironic,
22937306,44928,44928,1795142464463909335,2024-05-27,NEU,ironic,
22937307,44929,44929,1795142463515926929,2024-05-27,POS,not ironic,
22937308,44930,44930,1795142463297847524,2024-05-27,NEU,ironic,
22937309,44931,44931,1795142461846609937,2024-05-27,NEG,not ironic,
22937310,44932,44932,1795142460038918371,2024-05-27,POS,ironic,
22937311,44933,44933,1795142460030714351,2024-05-27,NEG,not ironic,
22937312,44934,44934,1795142459854324108,2024-05-27,NEG,not ironic,
22937313,44935,44935,1795142459502064088,2024-05-27,NEG,ironic,
22937314,44936,44936,1795142458507932138,2024-05-27,NEG,ironic,
22937315,44937,44937,1795142456884801820,2024-05-27,NEU,ironic,
22937316,44938,44938,1795142456008130574,2024-05-27,NEU,not ironic,
22937317,44939,44939,1795142455148372191,2024-05-27,NEU,ironic,
22937318,44940,44940,1795142452552045007,2024-05-27,NEG,not ironic,
22937319,44941,44941,1795142452363329898,2024-05-27,NEU,not ironic,
22937320,44942,44942,1795142452031996288,2024-05-27,NEG,not ironic,
22937321,44943,44943,1795142451163750798,2024-05-27,NEG,not ironic,
22937322,44944,44944,1795142450522038477,2024-05-27,POS,ironic,
22937323,44945,44945,1795142449511248323,2024-05-27,POS,ironic,
22937324,44946,44946,1795142448496181534,2024-05-27,NEG,not ironic,
22937325,44947,44947,1795142447963492543,2024-05-27,NEG,ironic,
22937326,44948,44948,1795142446323573128,2024-05-27,POS,not ironic,
22937327,44949,44949,1795142445522403749,2024-05-27,NEU,not ironic,
22937328,44950,44950,1795142444268290113,2024-05-27,NEU,not ironic,
22937329,44951,44951,1795142444062826710,2024-05-27,NEG,not ironic,
22937330,44952,44952,1795142443752460627,2024-05-27,NEG,ironic,
22937331,44953,44953,1795142442997645656,2024-05-27,NEU,not ironic,
22937332,44954,44954,1795142442808746347,2024-05-27,POS,not ironic,
22937333,44955,44955,1795142442653725078,2024-05-27,NEG,not ironic,
22937334,44956,44956,1795142440728371203,2024-05-27,NEG,ironic,
22937335,44957,44957,1795142440577274087,2024-05-27,NEG,not ironic,
22937336,44958,44958,1795142440476614903,2024-05-27,NEU,ironic,
22937337,44959,44959,1795142439843271129,2024-05-27,NEU,not ironic,
22937338,44960,44960,1795142438979260647,2024-05-27,NEG,ironic,
22937339,44961,44961,1795142438685712534,2024-05-27,POS,not ironic,
22937340,44962,44962,1795142438576640149,2024-05-27,NEG,ironic,
22937341,44963,44963,1795142437913886884,2024-05-27,POS,not ironic,
22937342,44964,44964,1795142436211052876,2024-05-27,NEG,ironic,
22937343,44965,44965,1795142435292561668,2024-05-27,NEG,ironic,
22937344,44966,44966,1795142435057594661,2024-05-27,POS,not ironic,
22937345,44967,44967,1795142434587840919,2024-05-27,POS,not ironic,
22937346,44968,44968,1795142433589579939,2024-05-27,NEG,ironic,
22937347,44969,44969,1795142427981889760,2024-05-27,NEU,ironic,
22937348,44970,44970,1795142427327553646,2024-05-27,NEG,not ironic,
22937349,44971,44971,1795142427323314556,2024-05-27,NEG,not ironic,
22937350,44972,44972,1795142427252007217,2024-05-27,POS,not ironic,
22937351,44973,44973,1795142425729474723,2024-05-27,NEG,ironic,
22937352,44974,44974,1795142425511420200,2024-05-27,NEU,ironic,
22937353,44975,44975,1795142424118890654,2024-05-27,NEG,not ironic,
22937354,44976,44976,1795142423758123108,2024-05-27,NEU,not ironic,
22937355,44977,44977,1795142423695241372,2024-05-27,NEG,not ironic,
22937356,44978,44978,1795142421979730236,2024-05-27,NEU,ironic,
22937357,44979,44979,1795142421887508654,2024-05-27,POS,not ironic,
22937358,44980,44980,1795142421736571329,2024-05-27,NEG,not ironic,
22937359,44981,44981,1795142421145108921,2024-05-27,NEG,not ironic,
22937360,44982,44982,1795142418720825563,2024-05-27,NEU,not ironic,
22937361,44983,44983,1795142418683118012,2024-05-27,NEG,ironic,
22937362,44984,44984,1795142418389488005,2024-05-27,NEU,not ironic,
22937363,44985,44985,1795142418012008913,2024-05-27,NEU,not ironic,
22937364,44986,44986,1795142417936450045,2024-05-27,POS,not ironic,
22937365,44987,44987,1795142413175886107,2024-05-27,NEG,not ironic,
22937366,44988,44988,1795142411792023615,2024-05-27,NEU,not ironic,
22937367,44989,44989,1795142409954726276,2024-05-27,NEU,not ironic,
22937368,44990,44990,1795142408520298925,2024-05-27,NEG,not ironic,
22937369,44991,44991,1795142407995990381,2024-05-27,NEU,not ironic,
22937370,44992,44992,1795142407454880243,2024-05-27,NEU,not ironic,
22937371,44993,44993,1795142407224172903,2024-05-27,NEG,ironic,
22937372,44994,44994,1795142406569890036,2024-05-27,NEG,ironic,
22937373,44995,44995,1795142406460895560,2024-05-27,NEG,ironic,
22937374,44996,44996,1795142404753752264,2024-05-27,NEG,not ironic,
22937375,44997,44997,1795142404191789078,2024-05-27,NEG,ironic,
22937376,44998,44998,1795142403747135640,2024-05-27,NEU,ironic,
22937377,44999,44999,1795142403520626875,2024-05-27,NEG,ironic,
22937378,45000,45000,1795142403394765038,2024-05-27,NEG,ironic,
22937379,45001,45001,1795142402568552799,2024-05-27,NEG,not ironic,
22937380,45002,45002,1795142401993961573,2024-05-27,NEG,not ironic,
22937381,45003,45003,1795142400836289011,2024-05-27,NEU,ironic,
22937382,45004,45004,1795142399196279155,2024-05-27,NEG,ironic,
22937383,45005,45005,1795142398588162555,2024-05-27,NEU,not ironic,
22937384,45006,45006,1795142398508511488,2024-05-27,NEG,not ironic,
22937385,45007,45007,1795142398458122705,2024-05-27,NEG,not ironic,
22937386,45008,45008,1795142396243542433,2024-05-27,NEG,ironic,
22937387,45009,45009,1795142395098517625,2024-05-27,NEU,not ironic,
22937388,45010,45010,1795142395006173685,2024-05-27,NEG,ironic,
22937389,45011,45011,1795142394901385459,2024-05-27,NEG,not ironic,
22937390,45012,45012,1795142394821628366,2024-05-27,NEU,not ironic,
22937391,45013,45013,1795142391805956482,2024-05-27,NEG,not ironic,
22937392,45014,45014,1795142391545884999,2024-05-27,NEU,ironic,
22937393,45015,45015,1795142390753218637,2024-05-27,NEG,ironic,
22937394,45016,45016,1795142387691319442,2024-05-27,NEG,ironic,
22937395,45017,45017,1795142387607449728,2024-05-27,NEU,ironic,
22937396,45018,45018,1795142386957312046,2024-05-27,NEG,ironic,
22937397,45019,45019,1795142385166365153,2024-05-27,NEG,ironic,
22937398,45020,45020,1795142385157984489,2024-05-27,NEU,not ironic,
22937399,45021,45021,1795142384440770669,2024-05-27,NEG,ironic,
22937400,45022,45022,1795142383497101375,2024-05-27,NEG,ironic,
22937401,45023,45023,1795142381328625712,2024-05-27,NEG,ironic,
22937402,45024,45024,1795142380737159241,2024-05-27,NEG,not ironic,
22937403,45025,45025,1795142379701248364,2024-05-27,NEG,not ironic,
22937404,45026,45026,1795142377855766554,2024-05-27,NEG,not ironic,
22937405,45027,45027,1795142377062932572,2024-05-27,NEU,ironic,
22937406,45028,45028,1795142376823861643,2024-05-27,NEU,not ironic,
22937407,45029,45029,1795142375603380225,2024-05-27,NEG,ironic,
22937408,45030,45030,1795142374982561798,2024-05-27,NEG,ironic,
22937409,45031,45031,1795142372914868272,2024-05-27,NEG,ironic,
22937410,45032,45032,1795142372885483603,2024-05-27,NEG,not ironic,
22937411,45033,45033,1795142372369568185,2024-05-27,NEG,ironic,
22937412,45034,45034,1795142372054966654,2024-05-27,POS,not ironic,
22937413,45035,45035,1795142371773993019,2024-05-27,NEG,not ironic,
22937414,45036,45036,1795142371539038575,2024-05-27,NEU,ironic,
22937415,45037,45037,1795142370767278431,2024-05-27,NEG,ironic,
22937416,45038,45038,1795142367139266802,2024-05-27,NEU,not ironic,
22937417,45039,45039,1795142367055380738,2024-05-27,POS,ironic,
22937418,45040,45040,1795142366535233963,2024-05-27,NEG,not ironic,
22937419,45041,45041,1795142364014555614,2024-05-27,NEU,not ironic,
22937420,45042,45042,1795142363725132023,2024-05-27,NEU,ironic,
22937421,45043,45043,1795142363125268734,2024-05-27,NEU,not ironic,
22937422,45044,45044,1795142361883767295,2024-05-27,NEG,not ironic,
22937423,45045,45045,1795142361611137251,2024-05-27,NEU,not ironic,
22937424,45046,45046,1795142360176759022,2024-05-27,NEG,not ironic,
22937425,45047,45047,1795142359656616231,2024-05-27,NEU,not ironic,
22937426,45048,45048,1795142359530738055,2024-05-27,NEU,ironic,
22937427,45049,45049,1795142359107207289,2024-05-27,NEG,not ironic,
22937428,45050,45050,1795142358318641534,2024-05-27,NEU,not ironic,
22937429,45051,45051,1795142357827903666,2024-05-27,NEG,not ironic,
22937430,45052,45052,1795142356661944654,2024-05-27,POS,not ironic,
22937431,45053,45053,1795142356393443610,2024-05-27,NEG,not ironic,
22937432,45054,45054,1795142356288635384,2024-05-27,POS,not ironic,
22937433,45055,45055,1795142356104085620,2024-05-27,NEG,not ironic,
22937434,45056,45056,1795142355328073742,2024-05-27,NEG,not ironic,
22937435,45057,45057,1795142354908721196,2024-05-27,NEU,not ironic,
22937436,45058,45058,1795142354682192185,2024-05-27,NEU,ironic,
22937437,45059,45059,1795142353323200896,2024-05-27,POS,not ironic,
22937438,45060,45060,1795142352933200105,2024-05-27,NEG,not ironic,
22937439,45061,45061,1795142351767339273,2024-05-27,POS,not ironic,
22937440,45062,45062,1795142351221874779,2024-05-27,NEG,not ironic,
22937441,45063,45063,1795142350869594495,2024-05-27,POS,ironic,
22937442,45064,45064,1795142348348994000,2024-05-27,NEG,not ironic,
22937443,45065,45065,1795142348055158931,2024-05-27,POS,ironic,
22937444,45066,45066,1795142346838860148,2024-05-27,NEG,not ironic,
22937445,45067,45067,1795142346100662651,2024-05-27,NEG,not ironic,
22937446,45068,45068,1795142344519426221,2024-05-27,NEG,not ironic,
22937447,45069,45069,1795142344431325664,2024-05-27,NEG,ironic,
22937448,45070,45070,1795142344217342095,2024-05-27,NEU,not ironic,
22937449,45071,45071,1795142342837440819,2024-05-27,NEU,not ironic,
22937450,45072,45072,1795142342120181910,2024-05-27,NEG,not ironic,
22937451,45073,45073,1795142341562442088,2024-05-27,POS,not ironic,
22937452,45074,45074,1795142341453324800,2024-05-27,NEG,ironic,
22937453,45075,45075,1795142341168152957,2024-05-27,NEU,not ironic,
22937454,45076,45076,1795142340941594834,2024-05-27,NEG,not ironic,
22937455,45077,45077,1795142340505428116,2024-05-27,NEG,not ironic,
22937456,45078,45078,1795142339792339115,2024-05-27,NEU,ironic,
22937457,45079,45079,1795142334356611563,2024-05-27,NEU,ironic,
22937458,45080,45080,1795142332926325098,2024-05-27,NEG,not ironic,
22937459,45081,45081,1795142331777032303,2024-05-27,NEG,not ironic,
22937460,45082,45082,1795142331416387877,2024-05-27,NEU,not ironic,
22937461,45083,45083,1795142330753720611,2024-05-27,NEG,ironic,
22937462,45084,45084,1795142329524768817,2024-05-27,NEG,not ironic,
22937463,45085,45085,1795142329126326394,2024-05-27,NEG,ironic,
22937464,45086,45086,1795142328803328295,2024-05-27,NEG,not ironic,
22937465,45087,45087,1795142327406616922,2024-05-27,NEG,not ironic,
22937466,45088,45088,1795142326815256589,2024-05-27,NEU,not ironic,
22937467,45089,45089,1795142325405917560,2024-05-27,NEG,ironic,
22937468,45090,45090,1795142323619139878,2024-05-27,NEG,not ironic,
22937469,45091,45091,1795142322331480555,2024-05-27,NEG,ironic,
22937470,45092,45092,1795142320993583278,2024-05-27,NEU,not ironic,
22937471,45093,45093,1795142320993472728,2024-05-27,NEG,not ironic,
22937472,45094,45094,1795142319441637854,2024-05-27,NEG,not ironic,
22937473,45095,45095,1795142318590169513,2024-05-27,NEU,not ironic,
22937474,45096,45096,1795142317793276411,2024-05-27,NEG,ironic,
22937475,45097,45097,1795142317491274138,2024-05-27,NEU,not ironic,
22937476,45098,45098,1795142317247959267,2024-05-27,NEU,not ironic,
22937477,45099,45099,1795142315436134869,2024-05-27,NEG,not ironic,
22937478,45100,45100,1795142315339587641,2024-05-27,NEU,ironic,
22937479,45101,45101,1795142315054399997,2024-05-27,NEU,not ironic,
22937480,45102,45102,1795142314500747288,2024-05-27,NEG,not ironic,
22937481,45103,45103,1795142313821315444,2024-05-27,NEU,ironic,
22937482,45104,45104,1795142313598976237,2024-05-27,NEG,ironic,
22937483,45105,45105,1795142312563016072,2024-05-27,POS,ironic,
22937484,45106,45106,1795142311250129206,2024-05-27,NEG,ironic,
22937485,45107,45107,1795142307101933740,2024-05-27,NEG,not ironic,
22937486,45108,45108,1795142306829332987,2024-05-27,NEU,not ironic,
22937487,45109,45109,1795142306808332409,2024-05-27,NEG,not ironic,
22937488,45110,45110,1795142304094687579,2024-05-27,NEG,not ironic,
22937489,45111,45111,1795142303578816816,2024-05-27,NEG,ironic,
22937490,45112,45112,1795142303465521435,2024-05-27,NEG,ironic,
22937491,45113,45113,1795142302395986216,2024-05-27,NEG,ironic,
22937492,45114,45114,1795142301984932081,2024-05-27,NEG,ironic,
22937493,45115,45115,1795142301724860592,2024-05-27,NEG,not ironic,
22937494,45116,45116,1795142301297029309,2024-05-27,NEG,not ironic,
22937495,45117,45117,1795142301154529466,2024-05-27,NEU,not ironic,
22937496,45118,45118,1795142299581645232,2024-05-27,NEU,not ironic,
22937497,45119,45119,1795142298654720117,2024-05-27,NEG,not ironic,
22937498,45120,45120,1795142295643165174,2024-05-27,NEG,not ironic,
22937499,45121,45121,1795142294628155656,2024-05-27,POS,not ironic,
22937500,45122,45122,1795142294514839770,2024-05-27,NEU,not ironic,
22937501,45123,45123,1795142293600575777,2024-05-27,NEG,ironic,
22937502,45124,45124,1795142293365600654,2024-05-27,NEG,ironic,
22937503,45125,45125,1795142292488978785,2024-05-27,NEG,not ironic,
22937504,45126,45126,1795142291926942042,2024-05-27,NEU,not ironic,
22937505,45127,45127,1795142291872469042,2024-05-27,NEG,ironic,
22937506,45128,45128,1795142290945499597,2024-05-27,NEU,not ironic,
22937507,45129,45129,1795142290631000296,2024-05-27,NEG,ironic,
22937508,45130,45130,1795142290568028178,2024-05-27,NEG,not ironic,
22937509,45131,45131,1795142289729200313,2024-05-27,NEG,not ironic,
22937510,45132,45132,1795142289020408035,2024-05-27,NEG,not ironic,
22937511,45133,45133,1795142288781262957,2024-05-27,NEG,ironic,
22937512,45134,45134,1795142287653060620,2024-05-27,NEU,ironic,
22937513,45135,45135,1795142286075978015,2024-05-27,NEG,ironic,
22937514,45136,45136,1795142285077672209,2024-05-27,NEU,ironic,
22937515,45137,45137,1795142284016513443,2024-05-27,NEG,ironic,
22937516,45138,45138,1795142282309460314,2024-05-27,NEU,not ironic,
22937517,45139,45139,1795142282145943716,2024-05-27,NEU,not ironic,
22937518,45140,45140,1795142281705513361,2024-05-27,NEG,not ironic,
22937519,45141,45141,1795142281437077669,2024-05-27,NEG,ironic,
22937520,45142,45142,1795142280937885730,2024-05-27,NEG,not ironic,
22937521,45143,45143,1795142279725785588,2024-05-27,NEG,not ironic,
22937522,45144,45144,1795142279226708355,2024-05-27,NEG,not ironic,
22937523,45145,45145,1795142278928875796,2024-05-27,NEG,not ironic,
22937524,45146,45146,1795142278886887575,2024-05-27,NEU,ironic,
22937525,45147,45147,1795142276429103511,2024-05-27,NEG,not ironic,
22937526,45148,45148,1795142275892228465,2024-05-27,POS,not ironic,
22937527,45149,45149,1795142275460145265,2024-05-27,NEU,ironic,
22937528,45150,45150,1795142274164125869,2024-05-27,NEU,not ironic,
22937529,45151,45151,1795142272574452133,2024-05-27,NEG,not ironic,
22937530,45152,45152,1795142272108945799,2024-05-27,NEG,ironic,
22937531,45153,45153,1795142270913548591,2024-05-27,NEG,ironic,
22937532,45154,45154,1795142270468944161,2024-05-27,NEU,ironic,
22937533,45155,45155,1795142269357416718,2024-05-27,POS,ironic,
22937534,45156,45156,1795142269114233166,2024-05-27,NEU,ironic,
22937535,45157,45157,1795142267801366859,2024-05-27,POS,not ironic,
22937536,45158,45158,1795142266861859061,2024-05-27,NEG,ironic,
22937537,45159,45159,1795142266580779405,2024-05-27,NEG,ironic,
22937538,45160,45160,1795142266425618799,2024-05-27,POS,not ironic,
22937539,45161,45161,1795142265234461070,2024-05-27,NEG,ironic,
22937540,45162,45162,1795142264584368270,2024-05-27,NEG,not ironic,
22937541,45163,45163,1795142260981444794,2024-05-27,NEU,not ironic,
22937542,45164,45164,1795142260624871762,2024-05-27,NEG,ironic,
22937543,45165,45165,1795142259672838225,2024-05-27,NEU,ironic,
22937544,45166,45166,1795142258724950150,2024-05-27,NEG,not ironic,
22937545,45167,45167,1795142257386872965,2024-05-27,NEU,not ironic,
22937546,45168,45168,1795142257273643064,2024-05-27,NEG,ironic,
22937547,45169,45169,1795142255428129153,2024-05-27,NEG,not ironic,
22937548,45170,45170,1795142254652170255,2024-05-27,NEU,not ironic,
22937549,45171,45171,1795142254572568615,2024-05-27,NEG,not ironic,
22937550,45172,45172,1795142253922410884,2024-05-27,NEG,not ironic,
22937551,45173,45173,1795142252194357472,2024-05-27,NEG,not ironic,
22937552,45174,45174,1795142251225461088,2024-05-27,POS,not ironic,
22937553,45175,45175,1795142250835403097,2024-05-27,NEG,ironic,
22937554,45176,45176,1795142250717966700,2024-05-27,NEG,not ironic,
22937555,45177,45177,1795142248213946487,2024-05-27,NEG,ironic,
22937556,45178,45178,1795142247677100370,2024-05-27,NEU,not ironic,
22937557,45179,45179,1795142247584841838,2024-05-27,NEG,not ironic,
22937558,45180,45180,1795142246578221356,2024-05-27,NEG,ironic,
22937559,45181,45181,1795142245328318869,2024-05-27,NEU,not ironic,
22937560,45182,45182,1795142244955009096,2024-05-27,NEG,not ironic,
22937561,45183,45183,1795142243805749727,2024-05-27,NEG,not ironic,
22937562,45184,45184,1795142243629609151,2024-05-27,NEG,not ironic,
22937563,45185,45185,1795142243495350333,2024-05-27,NEG,not ironic,
22937564,45186,45186,1795142239502451124,2024-05-27,NEU,ironic,
22937565,45187,45187,1795142237946319286,2024-05-27,NEU,not ironic,
22937566,45188,45188,1795142237820522939,2024-05-27,NEG,not ironic,
22937567,45189,45189,1795142237812134138,2024-05-27,NEG,not ironic,
22937568,45190,45190,1795142237585608977,2024-05-27,NEG,ironic,
22937569,45191,45191,1795142237417795681,2024-05-27,NEU,ironic,
22937570,45192,45192,1795142236486660442,2024-05-27,NEG,ironic,
22937571,45193,45193,1795142236356649349,2024-05-27,NEG,ironic,
22937572,45194,45194,1795142235907920080,2024-05-27,NEG,not ironic,
22937573,45195,45195,1795142234628653402,2024-05-27,NEG,not ironic,
22937574,45196,45196,1795142232812523678,2024-05-27,NEG,not ironic,
22937575,45197,45197,1795142230664986645,2024-05-27,NEG,ironic,
22937576,45198,45198,1795142229868122237,2024-05-27,NEG,ironic,
22937577,45199,45199,1795142229649928418,2024-05-27,NEU,not ironic,
22937578,45200,45200,1795142229020848448,2024-05-27,NEG,ironic,
22937579,45201,45201,1795142227708043765,2024-05-27,POS,ironic,
22937580,45202,45202,1795142226860810371,2024-05-27,NEG,ironic,
22937581,45203,45203,1795142225954808018,2024-05-27,NEG,ironic,
22937582,45204,45204,1795142225552130437,2024-05-27,NEU,ironic,
22937583,45205,45205,1795142224897847640,2024-05-27,NEG,not ironic,
22937584,45206,45206,1795142224558088388,2024-05-27,POS,not ironic,
22937585,45207,45207,1795142224293904674,2024-05-27,NEU,ironic,
22937586,45208,45208,1795142222322475422,2024-05-27,NEG,ironic,
22937587,45209,45209,1795142222209327581,2024-05-27,NEG,not ironic,
22937588,45210,45210,1795142222045651060,2024-05-27,NEG,not ironic,
22937589,45211,45211,1795142221311668238,2024-05-27,POS,not ironic,
22937590,45212,45212,1795142220967792648,2024-05-27,NEG,ironic,
22937591,45213,45213,1795142219420115232,2024-05-27,POS,not ironic,
22937592,45214,45214,1795142216836387258,2024-05-27,NEU,not ironic,
22937593,45215,45215,1795142215582245214,2024-05-27,NEU,not ironic,
22937594,45216,45216,1795142215221510464,2024-05-27,POS,ironic,
22937595,45217,45217,1795142213418078682,2024-05-27,NEG,ironic,
22937596,45218,45218,1795142212709130727,2024-05-27,NEG,ironic,
22937597,45219,45219,1795142211073347944,2024-05-27,NEU,not ironic,
22937598,45220,45220,1795142207332139290,2024-05-27,NEG,ironic,
22937599,45221,45221,1795142205662699863,2024-05-27,NEG,not ironic,
22937600,45222,45222,1795142205322965455,2024-05-27,NEU,not ironic,
22937601,45223,45223,1795142204911915483,2024-05-27,NEG,not ironic,
22937602,45224,45224,1795142204849082524,2024-05-27,NEG,ironic,
22937603,45225,45225,1795142203557229012,2024-05-27,NEG,not ironic,
22937604,45226,45226,1795142202160484428,2024-05-27,NEG,not ironic,
22937605,45227,45227,1795142201862660388,2024-05-27,NEG,ironic,
22937606,45228,45228,1795142201191592101,2024-05-27,NEU,not ironic,
22937607,45229,45229,1795142200126247304,2024-05-27,NEG,ironic,
22937608,45230,45230,1795142200092713073,2024-05-27,POS,not ironic,
22937609,45231,45231,1795142199530696979,2024-05-27,NEG,not ironic,
22937610,45232,45232,1795142199400604030,2024-05-27,NEG,not ironic,
22937611,45233,45233,1795142199274770709,2024-05-27,NEU,ironic,
22937612,45234,45234,1795142198574408124,2024-05-27,POS,ironic,
22937613,45235,45235,1795142198565949877,2024-05-27,NEU,not ironic,
22937614,45236,45236,1795142194908610568,2024-05-27,NEG,not ironic,
22937615,45237,45237,1795142192098349142,2024-05-27,NEG,not ironic,
22937616,45238,45238,1795142191918043200,2024-05-27,NEG,not ironic,
22937617,45239,45239,1795142191213576341,2024-05-27,NEG,not ironic,
22937618,45240,45240,1795142190634549325,2024-05-27,NEG,ironic,
22937619,45241,45241,1795142189477228896,2024-05-27,NEU,not ironic,
22937620,45242,45242,1795142188713603456,2024-05-27,NEG,not ironic,
22937621,45243,45243,1795142188155744474,2024-05-27,NEG,not ironic,
22937622,45244,45244,1795142188025696616,2024-05-27,NEU,not ironic,
22937623,45245,45245,1795142187585319190,2024-05-27,NEG,not ironic,
22937624,45246,45246,1795142184389239185,2024-05-27,NEU,not ironic,
22937625,45247,45247,1795142183974043884,2024-05-27,NEG,not ironic,
22937626,45248,45248,1795142183554629729,2024-05-27,NEG,not ironic,
22937627,45249,45249,1795142182354977082,2024-05-27,NEG,not ironic,
22937628,45250,45250,1795142182002626779,2024-05-27,NEU,not ironic,
22937629,45251,45251,1795142181436403724,2024-05-27,NEU,not ironic,
22937630,45252,45252,1795142180517871698,2024-05-27,NEU,ironic,
22937631,45253,45253,1795142180421476553,2024-05-27,NEG,not ironic,
22937632,45254,45254,1795142180291408000,2024-05-27,NEG,not ironic,
22937633,45255,45255,1795142179930714269,2024-05-27,NEG,ironic,
22937634,45256,45256,1795142179280626158,2024-05-27,NEG,ironic,
22937635,45257,45257,1795142179091792349,2024-05-27,NEG,not ironic,
22937636,45258,45258,1795142178752057420,2024-05-27,NEG,not ironic,
22937637,45259,45259,1795142178252947800,2024-05-27,NEU,ironic,
22937638,45260,45260,1795142177523122544,2024-05-27,NEG,not ironic,
22937639,45261,45261,1795142177422508455,2024-05-27,POS,not ironic,
22937640,45262,45262,1795142177326092677,2024-05-27,NEU,ironic,
22937641,45263,45263,1795142177309282629,2024-05-27,NEU,ironic,
22937642,45264,45264,1795142175610597696,2024-05-27,NEU,not ironic,
22937643,45265,45265,1795142175228862963,2024-05-27,NEG,ironic,
22937644,45266,45266,1795142175140807049,2024-05-27,NEG,ironic,
22937645,45267,45267,1795142174176137360,2024-05-27,NEG,ironic,
22937646,45268,45268,1795142173601481211,2024-05-27,NEG,ironic,
22937647,45269,45269,1795142172058042777,2024-05-27,NEG,not ironic,
22937648,45270,45270,1795142170422194533,2024-05-27,NEU,ironic,
22937649,45271,45271,1795142170229264830,2024-05-27,NEU,not ironic,
22937650,45272,45272,1795142169289736560,2024-05-27,NEG,not ironic,
22937651,45273,45273,1795142169181016082,2024-05-27,NEG,ironic,
22937652,45274,45274,1795142166982934796,2024-05-27,NEG,not ironic,
22937653,45275,45275,1795142166076854443,2024-05-27,NEG,not ironic,
22937654,45276,45276,1795142164772458995,2024-05-27,NEG,not ironic,
22937655,45277,45277,1795142164046909461,2024-05-27,NEG,not ironic,
22937656,45278,45278,1795142163593843179,2024-05-27,NEU,ironic,
22937657,45279,45279,1795142163488973024,2024-05-27,NEU,not ironic,
22937658,45280,45280,1795142162763395087,2024-05-27,NEU,not ironic,
22937659,45281,45281,1795142162482446489,2024-05-27,NEG,ironic,
22937660,45282,45282,1795142162067190166,2024-05-27,NEG,not ironic,
22937661,45283,45283,1795142160293020044,2024-05-27,NEU,not ironic,
22937662,45284,45284,1795142158183219248,2024-05-27,NEG,not ironic,
22937663,45285,45285,1795142158128689345,2024-05-27,NEG,not ironic,
22937664,45286,45286,1795142157679890442,2024-05-27,NEU,not ironic,
22937665,45287,45287,1795142157474365574,2024-05-27,POS,not ironic,
22937666,45288,45288,1795142156383830370,2024-05-27,NEG,ironic,
22937667,45289,45289,1795142156211884504,2024-05-27,NEG,ironic,
22937668,45290,45290,1795142154894934232,2024-05-27,NEU,not ironic,
22937669,45291,45291,1795142154886484083,2024-05-27,POS,ironic,
22937670,45292,45292,1795142154441912504,2024-05-27,NEG,not ironic,
22937671,45293,45293,1795142154307719446,2024-05-27,NEG,ironic,
22937672,45294,45294,1795142153812762980,2024-05-27,NEG,ironic,
22937673,45295,45295,1795142152822890570,2024-05-27,NEG,not ironic,
22937674,45296,45296,1795142152160219218,2024-05-27,POS,ironic,
22937675,45297,45297,1795142152160202861,2024-05-27,NEG,ironic,
22937676,45298,45298,1795142149408743510,2024-05-27,NEG,ironic,
22937677,45299,45299,1795142149027082246,2024-05-27,NEU,not ironic,
22937678,45300,45300,1795142147861078080,2024-05-27,NEG,ironic,
22937679,45301,45301,1795142147512938995,2024-05-27,NEG,ironic,
22937680,45302,45302,1795142147013783692,2024-05-27,NEG,not ironic,
22937681,45303,45303,1795142146443399675,2024-05-27,NEG,not ironic,
22937682,45304,45304,1795142146267246834,2024-05-27,NEG,not ironic,
22937683,45305,45305,1795142145344434263,2024-05-27,NEG,not ironic,
22937684,45306,45306,1795142145235444057,2024-05-27,NEG,ironic,
22937685,45307,45307,1795142144640024799,2024-05-27,NEU,ironic,
22937686,45308,45308,1795142144576942221,2024-05-27,NEU,ironic,
22937687,45309,45309,1795141917056921909,2024-05-27,NEG,not ironic,
22937688,45310,45310,1795141914754265156,2024-05-27,NEG,not ironic,
22937689,45311,45311,1795141913756008566,2024-05-27,POS,ironic,
22937690,45312,45312,1795141913487577120,2024-05-27,NEU,not ironic,
22937691,45313,45313,1795141913080680667,2024-05-27,NEG,not ironic,
22937692,45314,45314,1795141910593458197,2024-05-27,NEU,not ironic,
22937693,45315,45315,1795141908727054521,2024-05-27,NEG,not ironic,
22937694,45316,45316,1795141906852118706,2024-05-27,NEG,not ironic,
22937695,45317,45317,1795141906466259080,2024-05-27,NEG,not ironic,
22937696,45318,45318,1795141905304498308,2024-05-27,NEG,not ironic,
22937697,45319,45319,1795141904092241980,2024-05-27,NEU,ironic,
22937698,45320,45320,1795141902762717602,2024-05-27,POS,not ironic,
22937699,45321,45321,1795141902565572750,2024-05-27,NEG,not ironic,
22937700,45322,45322,1795141899394650574,2024-05-27,NEU,not ironic,
22937701,45323,45323,1795141899193299070,2024-05-27,NEG,ironic,
22937702,45324,45324,1795141896462876835,2024-05-27,NEG,not ironic,
22937703,45325,45325,1795141895221359000,2024-05-27,NEU,not ironic,
22937704,45326,45326,1795141895137431890,2024-05-27,NEU,not ironic,
22937705,45327,45327,1795141895036825640,2024-05-27,NEG,not ironic,
22937706,45328,45328,1795141894239846439,2024-05-27,NEG,not ironic,
22937707,45329,45329,1795141893568741773,2024-05-27,NEU,not ironic,
22937708,45330,45330,1795141893031936036,2024-05-27,POS,not ironic,
22937709,45331,45331,1795141892012728735,2024-05-27,NEG,not ironic,
22937710,45332,45332,1795141891085763053,2024-05-27,NEG,not ironic,
22937711,45333,45333,1795141890586656948,2024-05-27,NEU,not ironic,
22937712,45334,45334,1795141890364338552,2024-05-27,NEG,not ironic,
22937713,45335,45335,1795141890167234689,2024-05-27,NEG,ironic,
22937714,45336,45336,1795141889382846929,2024-05-27,NEG,not ironic,
22937715,45337,45337,1795141888921538835,2024-05-27,NEU,not ironic,
22937716,45338,45338,1795141888921465274,2024-05-27,POS,ironic,
22937717,45339,45339,1795141888275595679,2024-05-27,NEG,ironic,
22937718,45340,45340,1795141887419879676,2024-05-27,NEG,not ironic,
22937719,45341,45341,1795141887285702959,2024-05-27,NEG,not ironic,
22937720,45342,45342,1795141886631415813,2024-05-27,NEG,ironic,
22937721,45343,45343,1795141886065209854,2024-05-27,NEG,not ironic,
22937722,45344,45344,1795141886056779978,2024-05-27,NEG,not ironic,
22937723,45345,45345,1795141885675122973,2024-05-27,NEG,not ironic,
22937724,45346,45346,1795141885616357668,2024-05-27,NEG,ironic,
22937725,45347,45347,1795141884894924971,2024-05-27,NEU,not ironic,
22937726,45348,45348,1795141884563665151,2024-05-27,NEU,not ironic,
22937727,45349,45349,1795141884442010020,2024-05-27,POS,ironic,
22937728,45350,45350,1795141884400075026,2024-05-27,NEU,not ironic,
22937729,45351,45351,1795141883934482537,2024-05-27,NEG,not ironic,
22937730,45352,45352,1795141883720532465,2024-05-27,NEU,not ironic,
22937731,45353,45353,1795141882659443062,2024-05-27,NEG,ironic,
22937732,45354,45354,1795141881736606185,2024-05-27,NEG,ironic,
22937733,45355,45355,1795141881686303177,2024-05-27,NEG,not ironic,
22937734,45356,45356,1795141878372761626,2024-05-27,NEU,not ironic,
22937735,45357,45357,1795141878255333753,2024-05-27,NEG,ironic,
22937736,45358,45358,1795141878230237299,2024-05-27,NEU,ironic,
22937737,45359,45359,1795141878129512545,2024-05-27,NEU,not ironic,
22937738,45360,45360,1795141877122969784,2024-05-27,NEG,ironic,
22937739,45361,45361,1795141875994677647,2024-05-27,POS,ironic,
22937740,45362,45362,1795141875730415742,2024-05-27,POS,not ironic,
22937741,45363,45363,1795141875315224847,2024-05-27,NEG,not ironic,
22937742,45364,45364,1795141874748903450,2024-05-27,NEG,not ironic,
22937743,45365,45365,1795141874312794265,2024-05-27,NEG,not ironic,
22937744,45366,45366,1795141874195321049,2024-05-27,NEG,ironic,
22937745,45367,45367,1795141874065273138,2024-05-27,NEG,ironic,
22937746,45368,45368,1795141873377390770,2024-05-27,NEU,not ironic,
22937747,45369,45369,1795141873016676540,2024-05-27,NEG,ironic,
22937748,45370,45370,1795141872970555460,2024-05-27,NEG,not ironic,
22937749,45371,45371,1795141872072999308,2024-05-27,NEG,ironic,
22937750,45372,45372,1795141871527678307,2024-05-27,NEG,ironic,
22937751,45373,45373,1795141871200563499,2024-05-27,NEU,not ironic,
22937752,45374,45374,1795141870894387374,2024-05-27,NEG,not ironic,
22937753,45375,45375,1795141869279625269,2024-05-27,NEG,not ironic,
22937754,45376,45376,1795141867027288175,2024-05-27,NEU,ironic,
22937755,45377,45377,1795141866888777987,2024-05-27,NEG,not ironic,
22937756,45378,45378,1795141866834296954,2024-05-27,NEU,not ironic,
22937757,45379,45379,1795141866519671275,2024-05-27,NEU,not ironic,
22937758,45380,45380,1795141866385469941,2024-05-27,NEG,not ironic,
22937759,45381,45381,1795141865513119932,2024-05-27,NEU,not ironic,
22937760,45382,45382,1795141865081012732,2024-05-27,NEG,ironic,
22937761,45383,45383,1795141864460370396,2024-05-27,NEU,not ironic,
22937762,45384,45384,1795141863768252640,2024-05-27,POS,not ironic,
22937763,45385,45385,1795141862803611803,2024-05-27,NEU,ironic,
22937764,45386,45386,1795141861683745100,2024-05-27,NEG,ironic,
22937765,45387,45387,1795141860576338305,2024-05-27,NEG,not ironic,
22937766,45388,45388,1795141859313868964,2024-05-27,NEU,ironic,
22937767,45389,45389,1795141858567282896,2024-05-27,NEG,not ironic,
22937768,45390,45390,1795141856918925507,2024-05-27,NEG,not ironic,
22937769,45391,45391,1795141853282509229,2024-05-27,NEG,not ironic,
22937770,45392,45392,1795141851646693391,2024-05-27,POS,not ironic,
22937771,45393,45393,1795141850916925721,2024-05-27,NEU,not ironic,
22937772,45394,45394,1795141850375823423,2024-05-27,NEG,ironic,
22937773,45395,45395,1795141849922810216,2024-05-27,NEG,not ironic,
22937774,45396,45396,1795141848450638073,2024-05-27,NEU,ironic,
22937775,45397,45397,1795141846852575524,2024-05-27,NEG,ironic,
22937776,45398,45398,1795141846026387472,2024-05-27,NEU,not ironic,
22937777,45399,45399,1795141845908893861,2024-05-27,POS,ironic,
22937778,45400,45400,1795141845422321664,2024-05-27,NEG,not ironic,
22937779,45401,45401,1795141845313372476,2024-05-27,NEU,not ironic,
22937780,45402,45402,1795141844415713425,2024-05-27,NEU,not ironic,
22937781,45403,45403,1795141841790062777,2024-05-27,NEU,not ironic,
22937782,45404,45404,1795141841387495642,2024-05-27,NEG,not ironic,
22937783,45405,45405,1795141840863220050,2024-05-27,NEU,not ironic,
22937784,45406,45406,1795141839130915275,2024-05-27,NEG,ironic,
22937785,45407,45407,1795141838950576211,2024-05-27,NEG,not ironic,
22937786,45408,45408,1795141838841471151,2024-05-27,NEU,not ironic,
22937787,45409,45409,1795141837293818137,2024-05-27,NEG,ironic,
22937788,45410,45410,1795141835121201194,2024-05-27,NEU,not ironic,
22937789,45411,45411,1795141834487828511,2024-05-27,NEG,not ironic,
22937790,45412,45412,1795141834080960650,2024-05-27,NEU,ironic,
22937791,45413,45413,1795141833456001143,2024-05-27,NEU,not ironic,
22937792,45414,45414,1795141833166594056,2024-05-27,NEU,not ironic,
22937793,45415,45415,1795141832663347413,2024-05-27,NEG,not ironic,
22937794,45416,45416,1795141830759022705,2024-05-27,NEG,ironic,
22937795,45417,45417,1795141829706285245,2024-05-27,NEG,not ironic,
22937796,45418,45418,1795141828850638977,2024-05-27,NEU,not ironic,
22937797,45419,45419,1795141827760201734,2024-05-27,NEG,not ironic,
22937798,45420,45420,1795141827110035795,2024-05-27,NEU,ironic,
22937799,45421,45421,1795141825306431713,2024-05-27,NEU,not ironic,
22937800,45422,45422,1795141824207524314,2024-05-27,POS,ironic,
22937801,45423,45423,1795141823830122698,2024-05-27,NEU,not ironic,
22937802,45424,45424,1795141823737868782,2024-05-27,NEG,ironic,
22937803,45425,45425,1795141823196778576,2024-05-27,NEU,not ironic,
22937804,45426,45426,1795141822462693591,2024-05-27,NEU,ironic,
22937805,45427,45427,1795141821506462195,2024-05-27,NEG,not ironic,
22937806,45428,45428,1795141821389005224,2024-05-27,NEG,ironic,
22937807,45429,45429,1795141819967152325,2024-05-27,NEG,not ironic,
22937808,45430,45430,1795141819346420043,2024-05-27,NEU,ironic,
22937809,45431,45431,1795141817635045611,2024-05-27,NEG,not ironic,
22937810,45432,45432,1795141817031135324,2024-05-27,NEG,not ironic,
22937811,45433,45433,1795141815785455892,2024-05-27,NEU,not ironic,
22937812,45434,45434,1795141813109473375,2024-05-27,NEG,not ironic,
22937813,45435,45435,1795141812597715145,2024-05-27,NEG,ironic,
22937814,45436,45436,1795141812329337144,2024-05-27,NEU,not ironic,
22937815,45437,45437,1795141811934986651,2024-05-27,NEU,not ironic,
22937816,45438,45438,1795141811293311232,2024-05-27,NEU,not ironic,
22937817,45439,45439,1795141810706174239,2024-05-27,NEG,not ironic,
22937818,45440,45440,1795141809816875386,2024-05-27,POS,ironic,
22937819,45441,45441,1795141808529293442,2024-05-27,NEG,ironic,
22937820,45442,45442,1795141808395047036,2024-05-27,NEG,not ironic,
22937821,45443,45443,1795141807266836633,2024-05-27,NEG,not ironic,
22937822,45444,45444,1795141807052836905,2024-05-27,POS,not ironic,
22937823,45445,45445,1795141805584859485,2024-05-27,NEG,not ironic,
22937824,45446,45446,1795141805496758431,2024-05-27,NEG,not ironic,
22937825,45447,45447,1795141805412950285,2024-05-27,NEU,not ironic,
22937826,45448,45448,1795141805379359057,2024-05-27,NEG,ironic,
22937827,45449,45449,1795141804930502908,2024-05-27,NEG,not ironic,
22937828,45450,45450,1795141804846678318,2024-05-27,NEU,not ironic,
22937829,45451,45451,1795141804343341359,2024-05-27,POS,not ironic,
22937830,45452,45452,1795141803970068565,2024-05-27,NEG,ironic,
22937831,45453,45453,1795141803869434366,2024-05-27,NEU,not ironic,
22937832,45454,45454,1795141803630354759,2024-05-27,NEG,not ironic,
22937833,45455,45455,1795141802388799933,2024-05-27,NEU,ironic,
22937834,45456,45456,1795141801365401657,2024-05-27,NEG,ironic,
22937835,45457,45457,1795141800916566129,2024-05-27,NEU,not ironic,
22937836,45458,45458,1795141799423389778,2024-05-27,NEG,not ironic,
22937837,45459,45459,1795141799314370822,2024-05-27,NEU,not ironic,
22937838,45460,45460,1795141797233963516,2024-05-27,NEG,ironic,
22937839,45461,45461,1795141797057802586,2024-05-27,POS,not ironic,
22937840,45462,45462,1795141795849949462,2024-05-27,NEG,not ironic,
22937841,45463,45463,1795141795661185266,2024-05-27,NEG,not ironic,
22937842,45464,45464,1795141795073896953,2024-05-27,NEG,ironic,
22937843,45465,45465,1795141793551466763,2024-05-27,NEG,not ironic,
22937844,45466,45466,1795141791777165368,2024-05-27,NEG,not ironic,
22937845,45467,45467,1795141789168382137,2024-05-27,NEG,ironic,
22937846,45468,45468,1795141788514050172,2024-05-27,NEU,not ironic,
22937847,45469,45469,1795141788333711765,2024-05-27,NEG,not ironic,
22937848,45470,45470,1795141787503174066,2024-05-27,NEG,not ironic,
22937849,45471,45471,1795141787121582436,2024-05-27,NEU,not ironic,
22937850,45472,45472,1795141786727256464,2024-05-27,NEU,ironic,
22937851,45473,45473,1795141786412724483,2024-05-27,NEU,ironic,
22937852,45474,45474,1795141785838129519,2024-05-27,NEG,not ironic,
22937853,45475,45475,1795141785636761719,2024-05-27,NEG,not ironic,
22937854,45476,45476,1795141785502589016,2024-05-27,NEU,not ironic,
22937855,45477,45477,1795141785124995316,2024-05-27,NEU,not ironic,
22937856,45478,45478,1795141782813958469,2024-05-27,NEG,ironic,
22937857,45479,45479,1795141782692323394,2024-05-27,NEG,ironic,
22937858,45480,45480,1795141782084128811,2024-05-27,NEG,not ironic,
22937859,45481,45481,1795141781035577620,2024-05-27,NEG,not ironic,
22937860,45482,45482,1795141779093704841,2024-05-27,NEG,not ironic,
22937861,45483,45483,1795141779009736723,2024-05-27,NEG,not ironic,
22937862,45484,45484,1795141778548380118,2024-05-27,NEU,not ironic,
22937863,45485,45485,1795141777134866776,2024-05-27,NEG,not ironic,
22937864,45486,45486,1795141775142580452,2024-05-27,NEU,ironic,
22937865,45487,45487,1795141774396059973,2024-05-27,NEG,ironic,
22937866,45488,45488,1795141774035309052,2024-05-27,POS,ironic,
22937867,45489,45489,1795141772785356965,2024-05-27,NEG,not ironic,
22937868,45490,45490,1795141771325829541,2024-05-27,POS,ironic,
22937869,45491,45491,1795141770474410033,2024-05-27,NEG,not ironic,
22937870,45492,45492,1795141769027346729,2024-05-27,NEG,not ironic,
22937871,45493,45493,1795141766716231727,2024-05-27,NEU,not ironic,
22937872,45494,45494,1795141766225560005,2024-05-27,NEU,not ironic,
22937873,45495,45495,1795141764652679499,2024-05-27,POS,not ironic,
22937874,45496,45496,1795141763385925851,2024-05-27,NEU,not ironic,
22937875,45497,45497,1795141762463199430,2024-05-27,NEU,not ironic,
22937876,45498,45498,1795141762199036297,2024-05-27,NEG,not ironic,
22937877,45499,45499,1795141760961630446,2024-05-27,NEG,ironic,
22937878,45500,45500,1795141760831615210,2024-05-27,NEU,not ironic,
22937879,45501,45501,1795141759128789462,2024-05-27,NEU,not ironic,
22937880,45502,45502,1795141759040639128,2024-05-27,NEG,not ironic,
22937881,45503,45503,1795141758096961602,2024-05-27,POS,not ironic,
22937882,45504,45504,1795141757803397436,2024-05-27,NEU,ironic,
22937883,45505,45505,1795141757530751061,2024-05-27,NEU,not ironic,
22937884,45506,45506,1795141756733792267,2024-05-27,NEU,ironic,
22937885,45507,45507,1795141755932721621,2024-05-27,NEG,ironic,
22937886,45508,45508,1795141755068641400,2024-05-27,NEU,not ironic,
22937887,45509,45509,1795141754926067863,2024-05-27,NEU,ironic,
22937888,45510,45510,1795141752208175578,2024-05-27,NEU,not ironic,
22937889,45511,45511,1795141751428001847,2024-05-27,NEG,ironic,
22937890,45512,45512,1795141748601008135,2024-05-27,NEG,ironic,
22937891,45513,45513,1795141745828663612,2024-05-27,NEG,not ironic,
22937892,45514,45514,1795141745224638481,2024-05-27,NEG,not ironic,
22937893,45515,45515,1795141744264147230,2024-05-27,NEG,not ironic,
22937894,45516,45516,1795141743760843024,2024-05-27,POS,not ironic,
22937895,45517,45517,1795141740380226011,2024-05-27,NEU,not ironic,
22937896,45518,45518,1795141739176456538,2024-05-27,NEG,ironic,
22937897,45519,45519,1795141738631180485,2024-05-27,NEU,not ironic,
22937898,45520,45520,1795141737972666759,2024-05-27,NEG,not ironic,
22937899,45521,45521,1795141737846841659,2024-05-27,NEU,not ironic,
22937900,45522,45522,1795141737729474577,2024-05-27,NEG,ironic,
22937901,45523,45523,1795141737565798465,2024-05-27,NEG,not ironic,
22937902,45524,45524,1795141736705953865,2024-05-27,NEG,ironic,
22937903,45525,45525,1795141736550768828,2024-05-27,NEU,ironic,
22937904,45526,45526,1795141735808487684,2024-05-27,NEG,ironic,
22937905,45527,45527,1795141735485489302,2024-05-27,POS,not ironic,
22937906,45528,45528,1795141735208665356,2024-05-27,NEG,ironic,
22937907,45529,45529,1795141735049306409,2024-05-27,NEG,not ironic,
22937908,45530,45530,1795141732591362239,2024-05-27,NEG,not ironic,
22937909,45531,45531,1795141731890893261,2024-05-27,NEG,not ironic,
22937910,45532,45532,1795141730452279331,2024-05-27,NEG,not ironic,
22937911,45533,45533,1795141730422988921,2024-05-27,NEG,not ironic,
22937912,45534,45534,1795141730162835462,2024-05-27,NEG,not ironic,
22937913,45535,45535,1795141728485199970,2024-05-27,NEG,not ironic,
22937914,45536,45536,1795141724689285257,2024-05-27,NEG,not ironic,
22937915,45537,45537,1795141723858817153,2024-05-27,NEU,not ironic,
22937916,45538,45538,1795141722340512014,2024-05-27,NEG,ironic,
22937917,45539,45539,1795141722256679379,2024-05-27,NEG,ironic,
22937918,45540,45540,1795141719404511299,2024-05-27,NEG,ironic,
22937919,45541,45541,1795141718678913430,2024-05-27,NEU,not ironic,
22937920,45542,45542,1795141718192386169,2024-05-27,NEG,ironic,
22937921,45543,45543,1795141716481028129,2024-05-27,NEG,ironic,
22937922,45544,45544,1795141715927375913,2024-05-27,NEG,not ironic,
22937923,45545,45545,1795141715096945053,2024-05-27,NEG,ironic,
22937924,45546,45546,1795141714904031676,2024-05-27,NEU,not ironic,
22937925,45547,45547,1795141714719522905,2024-05-27,NEU,not ironic,
22937926,45548,45548,1795141714501320759,2024-05-27,NEG,not ironic,
22937927,45549,45549,1795141712685256784,2024-05-27,NEU,not ironic,
22937928,45550,45550,1795141712630685777,2024-05-27,NEU,not ironic,
22937929,45551,45551,1795141710634189177,2024-05-27,NEU,not ironic,
22937930,45552,45552,1795141710349013056,2024-05-27,NEG,ironic,
22937931,45553,45553,1795141710298706381,2024-05-27,NEG,ironic,
22937932,45554,45554,1795141710101545259,2024-05-27,NEU,not ironic,
22937933,45555,45555,1795141708708982795,2024-05-27,POS,not ironic,
22937934,45556,45556,1795141706867765667,2024-05-27,NEG,ironic,
22937935,45557,45557,1795141706767049087,2024-05-27,NEU,not ironic,
22937936,45558,45558,1795141706653876542,2024-05-27,POS,not ironic,
22937937,45559,45559,1795141706549014775,2024-05-27,NEG,ironic,
22937938,45560,45560,1795141706175873452,2024-05-27,NEG,not ironic,
22937939,45561,45561,1795141706167324809,2024-05-27,NEG,not ironic,
22937940,45562,45562,1795141705718436290,2024-05-27,NEU,ironic,
22937941,45563,45563,1795141705231946102,2024-05-27,NEG,ironic,
22937942,45564,45564,1795141703319310468,2024-05-27,NEU,not ironic,
22937943,45565,45565,1795141703101243435,2024-05-27,NEU,ironic,
22937944,45566,45566,1795141699439595801,2024-05-27,POS,not ironic,
22937945,45567,45567,1795141698101694846,2024-05-27,NEU,not ironic,
22937946,45568,45568,1795141697476657198,2024-05-27,NEG,not ironic,
22937947,45569,45569,1795141697359253510,2024-05-27,POS,not ironic,
22937948,45570,45570,1795141696327422037,2024-05-27,NEG,not ironic,
22937949,45571,45571,1795141695941771371,2024-05-27,NEG,not ironic,
22937950,45572,45572,1795141695455232080,2024-05-27,NEU,ironic,
22937951,45573,45573,1795141694037307669,2024-05-27,POS,ironic,
22937952,45574,45574,1795141693085233359,2024-05-27,NEG,ironic,
22937953,45575,45575,1795141692577722443,2024-05-27,NEG,ironic,
22937954,45576,45576,1795141690698707064,2024-05-27,NEU,not ironic,
22937955,45577,45577,1795141688022687856,2024-05-27,POS,not ironic,
22937956,45578,45578,1795141686907093225,2024-05-27,NEU,not ironic,
22937957,45579,45579,1795141685954941185,2024-05-27,NEU,not ironic,
22937958,45580,45580,1795141685854220309,2024-05-27,NEG,ironic,
22937959,45581,45581,1795141685560610872,2024-05-27,NEU,not ironic,
22937960,45582,45582,1795141683971019113,2024-05-27,NEU,not ironic,
22937961,45583,45583,1795141683786486039,2024-05-27,NEU,not ironic,
22937962,45584,45584,1795141683371286983,2024-05-27,NEG,not ironic,
22937963,45585,45585,1795141682876354616,2024-05-27,NEU,not ironic,
22937964,45586,45586,1795141682154840268,2024-05-27,NEU,not ironic,
22937965,45587,45587,1795141680699461890,2024-05-27,NEG,not ironic,
22937966,45588,45588,1795141680544244069,2024-05-27,NEU,ironic,
22937967,45589,45589,1795141678954602890,2024-05-27,NEU,not ironic,
22937968,45590,45590,1795141678703005919,2024-05-27,NEU,not ironic,
22937969,45591,45591,1795141675934748752,2024-05-27,NEG,not ironic,
22937970,45592,45592,1795141675431682153,2024-05-27,NEG,not ironic,
22937971,45593,45593,1795141675259416959,2024-05-27,NEU,ironic,
22937972,45594,45594,1795141675041403347,2024-05-27,NEU,not ironic,
22937973,45595,45595,1795141672982000024,2024-05-27,POS,not ironic,
22937974,45596,45596,1795141672960954707,2024-05-27,POS,ironic,
22937975,45597,45597,1795141671220392144,2024-05-27,NEU,not ironic,
22937976,45598,45598,1795141669538418924,2024-05-27,NEG,ironic,
22937977,45599,45599,1795141668573741298,2024-05-27,NEU,not ironic,
22937978,45600,45600,1795141667873313062,2024-05-27,NEU,not ironic,
22937979,45601,45601,1795141667177234455,2024-05-27,NEU,not ironic,
22937980,45602,45602,1795141667118338237,2024-05-27,NEU,not ironic,
22937981,45603,45603,1795141667088896489,2024-05-27,NEU,not ironic,
22937982,45604,45604,1795141667046961441,2024-05-27,NEG,ironic,
22937983,45605,45605,1795141664400367941,2024-05-27,NEU,not ironic,
22937984,45606,45606,1795141663741845933,2024-05-27,NEG,not ironic,
22937985,45607,45607,1795141663007945084,2024-05-27,NEG,not ironic,
22937986,45608,45608,1795141659887370745,2024-05-27,NEU,not ironic,
22937987,45609,45609,1795141659358789901,2024-05-27,NEG,not ironic,
22937988,45610,45610,1795141658582950226,2024-05-27,NEG,ironic,
22937989,45611,45611,1795141658431902162,2024-05-27,NEU,not ironic,
22937990,45612,45612,1795141658092130348,2024-05-27,NEG,not ironic,
22937991,45613,45613,1795141657081393456,2024-05-27,NEG,not ironic,
22937992,45614,45614,1795141656057889099,2024-05-27,NEG,ironic,
22937993,45615,45615,1795141654824784160,2024-05-27,NEG,ironic,
22937994,45616,45616,1795141654598365224,2024-05-27,NEU,not ironic,
22937995,45617,45617,1795141654057308508,2024-05-27,NEU,not ironic,
22937996,45618,45618,1795141653218431169,2024-05-27,NEG,not ironic,
22937997,45619,45619,1795141650815082701,2024-05-27,NEU,ironic,
22937998,45620,45620,1795141650169127389,2024-05-27,NEG,ironic,
22937999,45621,45621,1795141648617230662,2024-05-27,NEG,not ironic,
22938000,45622,45622,1795141648139035092,2024-05-27,NEG,not ironic,
22938001,45623,45623,1795141647400907218,2024-05-27,NEG,ironic,
22938002,45624,45624,1795141646234812736,2024-05-27,NEU,not ironic,
22938003,45625,45625,1795141645492506992,2024-05-27,POS,not ironic,
22938004,45626,45626,1795141645479944210,2024-05-27,NEU,ironic,
22938005,45627,45627,1795141645119143942,2024-05-27,NEG,not ironic,
22938006,45628,45628,1795141643441451503,2024-05-27,NEG,ironic,
22938007,45629,45629,1795141642900406727,2024-05-27,NEU,ironic,
22938008,45630,45630,1795141642418114825,2024-05-27,NEU,not ironic,
22938009,45631,45631,1795141641591718128,2024-05-27,NEU,not ironic,
22938010,45632,45632,1795141640551608527,2024-05-27,NEG,not ironic,
22938011,45633,45633,1795141639867932683,2024-05-27,NEG,not ironic,
22938012,45634,45634,1795141638676746438,2024-05-27,NEU,not ironic,
22938013,45635,45635,1795141638622187656,2024-05-27,NEU,ironic,
22938014,45636,45636,1795141637644927440,2024-05-27,NEU,not ironic,
22938015,45637,45637,1795141635627520033,2024-05-27,NEG,not ironic,
22938016,45638,45638,1795141635497410600,2024-05-27,NEU,not ironic,
22938017,45639,45639,1795141634486600044,2024-05-27,NEG,ironic,
22938018,45640,45640,1795141634209743085,2024-05-27,NEG,not ironic,
22938019,45641,45641,1795141633706459446,2024-05-27,NEG,not ironic,
22938020,45642,45642,1795141633672966239,2024-05-27,NEU,not ironic,
22938021,45643,45643,1795141632922091749,2024-05-27,POS,not ironic,
22938022,45644,45644,1795141632418828459,2024-05-27,NEU,not ironic,
22938023,45645,45645,1795141630351061184,2024-05-27,NEG,not ironic,
22938024,45646,45646,1795141629772284059,2024-05-27,NEG,ironic,
22938025,45647,45647,1795141626689474982,2024-05-27,NEG,ironic,
22938026,45648,45648,1795141626601287836,2024-05-27,NEG,ironic,
22938027,45649,45649,1795141626467131809,2024-05-27,POS,ironic,
22938028,45650,45650,1795141626043535517,2024-05-27,POS,not ironic,
22938029,45651,45651,1795141624080568410,2024-05-27,NEU,not ironic,
22938030,45652,45652,1795141623346536780,2024-05-27,NEU,not ironic,
22938031,45653,45653,1795141623082254820,2024-05-27,NEG,not ironic,
22938032,45654,45654,1795141622314811420,2024-05-27,NEU,not ironic,
22938033,45655,45655,1795141621605978359,2024-05-27,NEU,not ironic,
22938034,45656,45656,1795141621035438471,2024-05-27,NEG,ironic,
22938035,45657,45657,1795141620670603525,2024-05-27,NEG,ironic,
22938036,45658,45658,1795141619580113171,2024-05-27,NEU,not ironic,
22938037,45659,45659,1795141618242134096,2024-05-27,NEG,not ironic,
22938038,45660,45660,1795141617965260979,2024-05-27,NEG,ironic,
22938039,45661,45661,1795141617801691357,2024-05-27,NEU,ironic,
22938040,45662,45662,1795141617336127714,2024-05-27,NEG,not ironic,
22938041,45663,45663,1795141617210282266,2024-05-27,NEG,ironic,
22938042,45664,45664,1795141616677630130,2024-05-27,NEG,ironic,
22938043,45665,45665,1795141616396558826,2024-05-27,NEU,ironic,
22938044,45666,45666,1795141616354853019,2024-05-27,NEU,not ironic,
22938045,45667,45667,1795141616325304724,2024-05-27,NEU,not ironic,
22938046,45668,45668,1795141615343796562,2024-05-27,NEU,not ironic,
22938047,45669,45669,1795141615079563718,2024-05-27,NEG,not ironic,
22938048,45670,45670,1795141614467182765,2024-05-27,NEU,not ironic,
22938049,45671,45671,1795141614106521619,2024-05-27,NEU,not ironic,
22938050,45672,45672,1795141613989073149,2024-05-27,NEG,not ironic,
22938051,45673,45673,1795141612026130808,2024-05-27,POS,ironic,
22938052,45674,45674,1795141611095044310,2024-05-27,NEG,not ironic,
22938053,45675,45675,1795141610910490643,2024-05-27,NEG,not ironic,
22938054,45676,45676,1795141610784575688,2024-05-27,NEG,ironic,
22938055,45677,45677,1795141610147127583,2024-05-27,NEG,ironic,
22938056,45678,45678,1795141609035571212,2024-05-27,NEG,ironic,
22938057,45679,45679,1795141607970267290,2024-05-27,NEG,not ironic,
22938058,45680,45680,1795141606871331313,2024-05-27,NEG,not ironic,
22938059,45681,45681,1795141605168382462,2024-05-27,NEG,not ironic,
22938060,45682,45682,1795141604048543997,2024-05-27,POS,not ironic,
22938061,45683,45683,1795141603767497061,2024-05-27,POS,not ironic,
22938062,45684,45684,1795141603205452131,2024-05-27,NEG,ironic,
22938063,45685,45685,1795141602324648390,2024-05-27,NEG,not ironic,
22938064,45686,45686,1795141598235205648,2024-05-27,NEU,not ironic,
22938065,45687,45687,1795141597832544697,2024-05-27,POS,not ironic,
22938066,45688,45688,1795141597278949393,2024-05-27,NEG,not ironic,
22938067,45689,45689,1795141596783989010,2024-05-27,NEG,ironic,
22938068,45690,45690,1795141595660009666,2024-05-27,NEG,ironic,
22938069,45691,45691,1795141594061906275,2024-05-27,NEG,ironic,
22938070,45692,45692,1795141591415337404,2024-05-27,NEG,not ironic,
22938071,45693,45693,1795141589527822554,2024-05-27,NEG,not ironic,
22938072,45694,45694,1795141589443940632,2024-05-27,NEU,not ironic,
22938073,45695,45695,1795141586554175983,2024-05-27,NEU,not ironic,
22938074,45696,45696,1795141586486993263,2024-05-27,NEG,ironic,
22938075,45697,45697,1795141584293376361,2024-05-27,NEG,ironic,
22938076,45698,45698,1795141582796034426,2024-05-27,NEU,not ironic,
22938077,45699,45699,1795141582129147967,2024-05-27,NEG,ironic,
22938078,45700,45700,1795141581881634913,2024-05-27,NEG,not ironic,
22938079,45701,45701,1795141579260227588,2024-05-27,NEU,ironic,
22938080,45702,45702,1795141578433998928,2024-05-27,NEG,not ironic,
22938081,45703,45703,1795141577960018254,2024-05-27,NEU,ironic,
22938082,45704,45704,1795141577653858358,2024-05-27,NEG,not ironic,
22938083,45705,45705,1795141577490432306,2024-05-27,NEU,ironic,
22938084,45706,45706,1795141577486041157,2024-05-27,NEU,ironic,
22938085,45707,45707,1795141576861139445,2024-05-27,POS,not ironic,
22938086,45708,45708,1795141576798155028,2024-05-27,NEG,not ironic,
22938087,45709,45709,1795141576743653544,2024-05-27,NEG,not ironic,
22938088,45710,45710,1795141573266608254,2024-05-27,NEU,not ironic,
22938089,45711,45711,1795141571878256746,2024-05-27,NEU,not ironic,
22938090,45712,45712,1795141571509178640,2024-05-27,NEU,not ironic,
22938091,45713,45713,1795141570426990869,2024-05-27,NEG,not ironic,
22938092,45714,45714,1795141570099843295,2024-05-27,NEG,not ironic,
22938093,45715,45715,1795141570049552421,2024-05-27,NEG,not ironic,
22938094,45716,45716,1795141567851720865,2024-05-27,NEG,ironic,
22938095,45717,45717,1795141567784644843,2024-05-27,NEU,not ironic,
22938096,45718,45718,1795141567503626536,2024-05-27,NEG,ironic,
22938097,45719,45719,1795141567230984509,2024-05-27,NEU,not ironic,
22938098,45720,45720,1795141566807306614,2024-05-27,NEG,not ironic,
22938099,45721,45721,1795141566329135287,2024-05-27,NEU,not ironic,
22938100,45722,45722,1795141564747923793,2024-05-27,NEG,ironic,
22938101,45723,45723,1795141564626264392,2024-05-27,NEU,ironic,
22938102,45724,45724,1795141564517466551,2024-05-27,NEG,not ironic,
22938103,45725,45725,1795141564211052549,2024-05-27,NEG,not ironic,
22938104,45726,45726,1795141563821040024,2024-05-27,NEU,not ironic,
22938105,45727,45727,1795141563707719966,2024-05-27,POS,ironic,
22938106,45728,45728,1795141563548414402,2024-05-27,POS,not ironic,
22938107,45729,45729,1795141562483044672,2024-05-27,NEU,ironic,
22938108,45730,45730,1795141562013241845,2024-05-27,NEU,not ironic,
22938109,45731,45731,1795141560578736459,2024-05-27,NEG,not ironic,
22938110,45732,45732,1795141559865778676,2024-05-27,NEG,not ironic,
22938111,45733,45733,1795141559786029073,2024-05-27,POS,not ironic,
22938112,45734,45734,1795141558825590812,2024-05-27,NEG,ironic,
22938113,45735,45735,1795141557588295712,2024-05-27,NEU,not ironic,
22938114,45736,45736,1795141556518654032,2024-05-27,NEU,not ironic,
22938115,45737,45737,1795141554513838106,2024-05-27,NEU,ironic,
22938116,45738,45738,1795141554346016890,2024-05-27,NEU,not ironic,
22938117,45739,45739,1795141554178490679,2024-05-27,NEU,not ironic,
22938118,45740,45740,1795141554086056048,2024-05-27,NEG,ironic,
22938119,45741,45741,1795141553943355800,2024-05-27,NEG,not ironic,
22938120,45742,45742,1795141550919291296,2024-05-27,NEG,not ironic,
22938121,45743,45743,1795141550214656155,2024-05-27,NEU,not ironic,
22938122,45744,45744,1795141550097244663,2024-05-27,NEG,not ironic,
22938123,45745,45745,1795141549036073363,2024-05-27,NEG,not ironic,
22938124,45746,45746,1795141547689722105,2024-05-27,POS,ironic,
22938125,45747,45747,1795141545387069681,2024-05-27,NEU,not ironic,
22938126,45748,45748,1795141543285657723,2024-05-27,NEU,not ironic,
22938127,45749,45749,1795141542337712239,2024-05-27,NEG,ironic,
22938128,45750,45750,1795141539947053095,2024-05-27,NEU,not ironic,
22938129,45751,45751,1795141539179503789,2024-05-27,NEG,ironic,
22938130,45752,45752,1795141538261106777,2024-05-27,NEG,not ironic,
22938131,45753,45753,1795141538260893848,2024-05-27,NEU,not ironic,
22938132,45754,45754,1795141537958949259,2024-05-27,NEG,ironic,
22938133,45755,45755,1795141537682051380,2024-05-27,POS,ironic,
22938134,45756,45756,1795141535568138713,2024-05-27,NEU,ironic,
22938135,45757,45757,1795141535350014141,2024-05-27,NEG,ironic,
22938136,45758,45758,1795141534548910489,2024-05-27,NEG,not ironic,
22938137,45759,45759,1795141534293078026,2024-05-27,NEU,not ironic,
22938138,45760,45760,1795141533949165989,2024-05-27,NEG,not ironic,
22938139,45761,45761,1795141533575836139,2024-05-27,POS,not ironic,
22938140,45762,45762,1795141532950876181,2024-05-27,NEG,not ironic,
22938141,45763,45763,1795141532514701513,2024-05-27,NEG,ironic,
22938142,45764,45764,1795141530908287428,2024-05-27,NEG,not ironic,
22938143,45765,45765,1795141530853724217,2024-05-27,NEG,ironic,
22938144,45766,45766,1795141530060992732,2024-05-27,NEG,not ironic,
22938145,45767,45767,1795141528915968423,2024-05-27,NEG,not ironic,
22938146,45768,45768,1795141527246704918,2024-05-27,NEG,ironic,
22938147,45769,45769,1795141526718239219,2024-05-27,NEG,ironic,
22938148,45770,45770,1795141525866750406,2024-05-27,NEG,not ironic,
22938149,45771,45771,1795141524784574819,2024-05-27,NEU,ironic,
22938150,45772,45772,1795141524390396366,2024-05-27,NEU,ironic,
22938151,45773,45773,1795141523954155742,2024-05-27,NEU,not ironic,
22938152,45774,45774,1795141523790500176,2024-05-27,NEG,ironic,
22938153,45775,45775,1795141523236884937,2024-05-27,NEG,not ironic,
22938154,45776,45776,1795141521991160037,2024-05-27,NEU,not ironic,
22938155,45777,45777,1795141521206894763,2024-05-27,NEG,not ironic,
22938156,45778,45778,1795141520711995488,2024-05-27,NEG,not ironic,
22938157,45779,45779,1795141520049229899,2024-05-27,NEG,not ironic,
22938158,45780,45780,1795141520040833528,2024-05-27,NEU,not ironic,
22938159,45781,45781,1795141516622500052,2024-05-27,NEG,ironic,
22938160,45782,45782,1795141516463079899,2024-05-27,POS,ironic,
22938161,45783,45783,1795141515099963661,2024-05-27,NEU,ironic,
22938162,45784,45784,1795141514823139560,2024-05-27,NEG,not ironic,
22938163,45785,45785,1795141513875161165,2024-05-27,NEG,not ironic,
22938164,45786,45786,1795141513812509150,2024-05-27,POS,not ironic,
22938165,45787,45787,1795141513212514790,2024-05-27,POS,not ironic,
22938166,45788,45788,1795141512923173198,2024-05-27,POS,not ironic,
22938167,45789,45789,1795141512713429084,2024-05-27,NEU,not ironic,
22938168,45790,45790,1795141512256188901,2024-05-27,NEG,not ironic,
22938169,45791,45791,1795141512159732118,2024-05-27,NEU,not ironic,
22938170,45792,45792,1795141512071717290,2024-05-27,NEG,ironic,
22938171,45793,45793,1795141511794823274,2024-05-27,POS,ironic,
22938172,45794,45794,1795141510528106716,2024-05-27,NEG,ironic,
22938173,45795,45795,1795141509844492441,2024-05-27,NEG,ironic,
22938174,45796,45796,1795141509815087484,2024-05-27,NEG,ironic,
22938175,45797,45797,1795141509626413284,2024-05-27,NEU,ironic,
22938176,45798,45798,1795141508527464497,2024-05-27,NEG,not ironic,
22938177,45799,45799,1795141508464558417,2024-05-27,NEG,ironic,
22938178,45800,45800,1795141507759927748,2024-05-27,NEU,not ironic,
22938179,45801,45801,1795141507424419858,2024-05-27,NEG,ironic,
22938180,45802,45802,1795141507415969958,2024-05-27,NEG,ironic,
22938181,45803,45803,1795141507227541875,2024-05-27,NEG,ironic,
22938182,45804,45804,1795141507051081930,2024-05-27,NEG,not ironic,
22938183,45805,45805,1795141506388414548,2024-05-27,NEU,not ironic,
22938184,45806,45806,1795141505075548280,2024-05-27,NEG,ironic,
22938185,45807,45807,1795141505042006189,2024-05-27,NEG,not ironic,
22938186,45808,45808,1795141504853233787,2024-05-27,NEU,not ironic,
22938187,45809,45809,1795141504190607686,2024-05-27,NEG,not ironic,
22938188,45810,45810,1795141503221703052,2024-05-27,POS,not ironic,
22938189,45811,45811,1795141502701535672,2024-05-27,NEG,not ironic,
22938190,45812,45812,1795141501896253654,2024-05-27,NEU,not ironic,
22938191,45813,45813,1795141501623652849,2024-05-27,NEG,not ironic,
22938192,45814,45814,1795141501577482561,2024-05-27,NEG,ironic,
22938193,45815,45815,1795141501351010376,2024-05-27,NEU,not ironic,
22938194,45816,45816,1795141500948418850,2024-05-27,POS,not ironic,
22938195,45817,45817,1795141500772225325,2024-05-27,NEG,not ironic,
22938196,45818,45818,1795141500747108586,2024-05-27,NEG,not ironic,
22938197,45819,45819,1795141499220378099,2024-05-27,NEG,ironic,
22938198,45820,45820,1795141497760756208,2024-05-27,NEU,not ironic,
22938199,45821,45821,1795141497601347933,2024-05-27,POS,not ironic,
22938200,45822,45822,1795141496028508348,2024-05-27,NEG,not ironic,
22938201,45823,45823,1795141494497546474,2024-05-27,NEG,not ironic,
22938202,45824,45824,1795141494258454919,2024-05-27,NEU,not ironic,
22938203,45825,45825,1795141492610064784,2024-05-27,NEG,ironic,
22938204,45826,45826,1795141489896427942,2024-05-27,NEG,ironic,
22938205,45827,45827,1795141489682485751,2024-05-27,NEU,not ironic,
22938206,45828,45828,1795141489523073112,2024-05-27,NEG,ironic,
22938207,45829,45829,1795141486054461662,2024-05-27,NEU,not ironic,
22938208,45830,45830,1795141483990761844,2024-05-27,NEG,ironic,
22938209,45831,45831,1795141483248459822,2024-05-27,NEU,not ironic,
22938210,45832,45832,1795141482673844550,2024-05-27,NEG,not ironic,
22938211,45833,45833,1795141482610843896,2024-05-27,NEU,not ironic,
22938212,45834,45834,1795141482459898220,2024-05-27,NEG,not ironic,
22938213,45835,45835,1795141481390346533,2024-05-27,NEU,not ironic,
22938214,45836,45836,1795141480748581367,2024-05-27,NEU,ironic,
22938215,45837,45837,1795141479741968709,2024-05-27,NEG,ironic,
22938216,45838,45838,1795141477762281937,2024-05-27,NEG,not ironic,
22938217,45839,45839,1795141477728657525,2024-05-27,POS,not ironic,
22938218,45840,45840,1795141476080320699,2024-05-27,NEG,not ironic,
22938219,45841,45841,1795141474192916780,2024-05-27,NEG,not ironic,
22938220,45842,45842,1795141472414544078,2024-05-27,NEG,not ironic,
22938221,45843,45843,1795141471315570961,2024-05-27,POS,ironic,
22938222,45844,45844,1795141470522929415,2024-05-27,NEU,not ironic,
22938223,45845,45845,1795141469658902955,2024-05-27,NEG,not ironic,
22938224,45846,45846,1795141467591065628,2024-05-27,NEG,not ironic,
22938225,45847,45847,1795141467041616191,2024-05-27,NEU,not ironic,
22938226,45848,45848,1795141466538246402,2024-05-27,NEG,not ironic,
22938227,45849,45849,1795141466496303581,2024-05-27,NEU,not ironic,
22938228,45850,45850,1795141465607151644,2024-05-27,NEG,ironic,
22938229,45851,45851,1795141464906682768,2024-05-27,NEU,ironic,
22938230,45852,45852,1795141464168538178,2024-05-27,NEG,not ironic,
22938231,45853,45853,1795141462822154521,2024-05-27,NEG,not ironic,
22938232,45854,45854,1795141462142665102,2024-05-27,NEU,not ironic,
22938233,45855,45855,1795141461362594166,2024-05-27,NEG,not ironic,
22938234,45856,45856,1795141460859162851,2024-05-27,NEU,not ironic,
22938235,45857,45857,1795141460435558717,2024-05-27,NEU,ironic,
22938236,45858,45858,1795141457914875914,2024-05-27,NEU,ironic,
22938237,45859,45859,1795141456623001796,2024-05-27,NEG,ironic,
22938238,45860,45860,1795141456396488862,2024-05-27,NEU,not ironic,
22938239,45861,45861,1795141455964426496,2024-05-27,NEU,not ironic,
22938240,45862,45862,1795141454592978995,2024-05-27,NEU,not ironic,
22938241,45863,45863,1795141454584488198,2024-05-27,NEU,not ironic,
22938242,45864,45864,1795141454269972807,2024-05-27,NEU,not ironic,
22938243,45865,45865,1795141453875757506,2024-05-27,NEU,not ironic,
22938244,45866,45866,1795141453594735002,2024-05-27,NEU,not ironic,
22938245,45867,45867,1795141453556994550,2024-05-27,NEU,not ironic,
22938246,45868,45868,1795141453137457648,2024-05-27,NEU,not ironic,
22938247,45869,45869,1795141452990697614,2024-05-27,NEU,not ironic,
22938248,45870,45870,1795141452927762642,2024-05-27,NEU,not ironic,
22938249,45871,45871,1795141452583883017,2024-05-27,NEG,not ironic,
22938250,45872,45872,1795141452575433130,2024-05-27,NEU,not ironic,
22938251,45873,45873,1795141452562923744,2024-05-27,NEU,not ironic,
22938252,45874,45874,1795141450348245307,2024-05-27,NEU,not ironic,
22938253,45875,45875,1795141449039663541,2024-05-27,NEU,not ironic,
22938254,45876,45876,1795141447475195962,2024-05-27,NEU,not ironic,
22938255,45877,45877,1795141447290601857,2024-05-27,NEU,ironic,
22938256,45878,45878,1795141446468595924,2024-05-27,NEG,not ironic,
22938257,45879,45879,1795141446145552530,2024-05-27,NEU,not ironic,
22938258,45880,45880,1795141445751275979,2024-05-27,NEG,ironic,
22938259,45881,45881,1795141443775795209,2024-05-27,NEU,not ironic,
22938260,45882,45882,1795141443692134618,2024-05-27,NEU,not ironic,
22938261,45883,45883,1795141443624796417,2024-05-27,NEG,not ironic,
22938262,45884,45884,1795141443427733772,2024-05-27,POS,not ironic,
22938263,45885,45885,1795141442513330481,2024-05-27,NEG,not ironic,
22938264,45886,45886,1795141441825497473,2024-05-27,NEU,not ironic,
22938265,45887,45887,1795141441296945400,2024-05-27,NEG,not ironic,
22938266,45888,45888,1795141441259278534,2024-05-27,NEG,not ironic,
22938267,45889,45889,1795141440558797287,2024-05-27,NEU,not ironic,
22938268,45890,45890,1795141440294748557,2024-05-27,NEG,not ironic,
22938269,45891,45891,1795141439258571189,2024-05-27,NEG,not ironic,
22938270,45892,45892,1795141437975040246,2024-05-27,NEU,not ironic,
22938271,45893,45893,1795141437878583601,2024-05-27,NEG,not ironic,
22938272,45894,45894,1795141437564071948,2024-05-27,POS,not ironic,
22938273,45895,45895,1795141436905599268,2024-05-27,NEU,not ironic,
22938274,45896,45896,1795141436121162158,2024-05-27,NEG,not ironic,
22938275,45897,45897,1795141435433386091,2024-05-27,NEG,not ironic,
22938276,45898,45898,1795141434363842656,2024-05-27,NEU,not ironic,
22938277,45899,45899,1795141434049208723,2024-05-27,NEU,not ironic,
22938278,45900,45900,1795141433973752130,2024-05-27,NEU,ironic,
22938279,45901,45901,1795141433600471169,2024-05-27,NEG,ironic,
22938280,45902,45902,1795141433558528442,2024-05-27,NEU,not ironic,
22938281,45903,45903,1795141433235521988,2024-05-27,NEU,not ironic,
22938282,45904,45904,1795141433134870926,2024-05-27,NEU,not ironic,
22938283,45905,45905,1795141432992264383,2024-05-27,NEG,not ironic,
22938284,45906,45906,1795141432401068357,2024-05-27,NEG,ironic,
22938285,45907,45907,1795141432266682567,2024-05-27,NEG,ironic,
22938286,45908,45908,1795141431658471832,2024-05-27,NEU,not ironic,
22938287,45909,45909,1795141431289385256,2024-05-27,NEU,ironic,
22938288,45910,45910,1795141431285158275,2024-05-27,NEU,ironic,
22938289,45911,45911,1795141431281013102,2024-05-27,NEU,not ironic,
22938290,45912,45912,1795141430496690402,2024-05-27,NEG,ironic,
22938291,45913,45913,1795141429838123380,2024-05-27,NEU,not ironic,
22938292,45914,45914,1795141427589988359,2024-05-27,NEU,not ironic,
22938293,45915,45915,1795141426482700716,2024-05-27,POS,ironic,
22938294,45916,45916,1795141426184867862,2024-05-27,POS,not ironic,
22938295,45917,45917,1795141425471914082,2024-05-27,NEG,not ironic,
22938296,45918,45918,1795141423559217157,2024-05-27,NEG,ironic,
22938297,45919,45919,1795141423437599214,2024-05-27,NEG,ironic,
22938298,45920,45920,1795141422145765432,2024-05-27,NEG,ironic,
22938299,45921,45921,1795141421629845789,2024-05-27,NEU,not ironic,
22938300,45922,45922,1795141419503350186,2024-05-27,NEG,ironic,
22938301,45923,45923,1795141418677076067,2024-05-27,POS,not ironic,
22938302,45924,45924,1795141417943126092,2024-05-27,NEU,not ironic,
22938303,45925,45925,1795141417435619653,2024-05-27,NEG,not ironic,
22938304,45926,45926,1795141417100063135,2024-05-27,NEU,not ironic,
22938305,45927,45927,1795141417095794959,2024-05-27,NEU,not ironic,
22938306,45928,45928,1795141416248644082,2024-05-27,NEG,ironic,
22938307,45929,45929,1795141416076644423,2024-05-27,NEU,not ironic,
22938308,45930,45930,1795141415632007517,2024-05-27,NEG,not ironic,
22938309,45931,45931,1795141415544226184,2024-05-27,NEG,not ironic,
22938310,45932,45932,1795141415502004328,2024-05-27,NEG,not ironic,
22938311,45933,45933,1795141415451697544,2024-05-27,NEU,ironic,
22938312,45934,45934,1795141413467758688,2024-05-27,NEG,ironic,
22938313,45935,45935,1795141413304152287,2024-05-27,NEG,not ironic,
22938314,45936,45936,1795141412641464348,2024-05-27,NEU,ironic,
22938315,45937,45937,1795141411731382769,2024-05-27,NEG,ironic,
22938316,45938,45938,1795141411668623586,2024-05-27,NEG,not ironic,
22938317,45939,45939,1795141410599080313,2024-05-27,NEU,ironic,
22938318,45940,45940,1795141410556915983,2024-05-27,NEG,not ironic,
22938319,45941,45941,1795141410531823764,2024-05-27,NEG,not ironic,
22938320,45942,45942,1795141409323831589,2024-05-27,NEG,not ironic,
22938321,45943,45943,1795141407864139893,2024-05-27,NEG,ironic,
22938322,45944,45944,1795141407847407681,2024-05-27,NEG,not ironic,
22938323,45945,45945,1795141407629250639,2024-05-27,POS,not ironic,
22938324,45946,45946,1795141407457362291,2024-05-27,NEG,not ironic,
22938325,45947,45947,1795141407427953041,2024-05-27,NEG,ironic,
22938326,45948,45948,1795141407121842319,2024-05-27,NEG,not ironic,
22938327,45949,45949,1795141405041479896,2024-05-27,NEU,not ironic,
22938328,45950,45950,1795141404458438785,2024-05-27,NEU,not ironic,
22938329,45951,45951,1795141403971858832,2024-05-27,POS,not ironic,
22938330,45952,45952,1795141402633859448,2024-05-27,NEG,ironic,
22938331,45953,45953,1795141402344485308,2024-05-27,NEG,not ironic,
22938332,45954,45954,1795141401694314996,2024-05-27,NEU,not ironic,
22938333,45955,45955,1795141400356352493,2024-05-27,POS,not ironic,
22938334,45956,45956,1795141399723069484,2024-05-27,POS,ironic,
22938335,45957,45957,1795141399509340428,2024-05-27,NEG,not ironic,
22938336,45958,45958,1795141398704030065,2024-05-27,NEU,not ironic,
22938337,45959,45959,1795141397734891942,2024-05-27,NEG,not ironic,
22938338,45960,45960,1795141396438892797,2024-05-27,NEU,not ironic,
22938339,45961,45961,1795141395327471706,2024-05-27,NEG,ironic,
22938340,45962,45962,1795141394513719452,2024-05-27,NEU,not ironic,
22938341,45963,45963,1795141393435725927,2024-05-27,NEU,ironic,
22938342,45964,45964,1795141392420770097,2024-05-27,NEG,not ironic,
22938343,45965,45965,1795141392320041018,2024-05-27,NEG,not ironic,
22938344,45966,45966,1795141391334449573,2024-05-27,NEG,ironic,
22938345,45967,45967,1795141389488918887,2024-05-27,NEG,not ironic,
22938346,45968,45968,1795141389316964433,2024-05-27,NEG,not ironic,
22938347,45969,45969,1795141387937005933,2024-05-27,NEU,not ironic,
22938348,45970,45970,1795141387693756610,2024-05-27,POS,not ironic,
22938349,45971,45971,1795141385583993064,2024-05-27,NEG,not ironic,
22938350,45972,45972,1795141385290461499,2024-05-27,NEU,not ironic,
22938351,45973,45973,1795141384254427271,2024-05-27,POS,not ironic,
22938352,45974,45974,1795141383784673339,2024-05-27,POS,not ironic,
22938353,45975,45975,1795141381628772679,2024-05-27,NEG,ironic,
22938354,45976,45976,1795141381024841901,2024-05-27,NEU,not ironic,
22938355,45977,45977,1795141380815126762,2024-05-27,NEU,not ironic,
22938356,45978,45978,1795141380349526291,2024-05-27,NEU,ironic,
22938357,45979,45979,1795141380303360467,2024-05-27,NEG,ironic,
22938358,45980,45980,1795141379653345583,2024-05-27,NEG,not ironic,
22938359,45981,45981,1795141376809550236,2024-05-27,NEU,ironic,
22938360,45982,45982,1795141376327205007,2024-05-27,POS,ironic,
22938361,45983,45983,1795141374523675103,2024-05-27,NEG,ironic,
22938362,45984,45984,1795141370903962028,2024-05-27,NEU,not ironic,
22938363,45985,45985,1795141370279039210,2024-05-27,NEG,not ironic,
22938364,45986,45986,1795141368911642636,2024-05-27,NEU,not ironic,
22938365,45987,45987,1795141368043511924,2024-05-27,NEU,not ironic,
22938366,45988,45988,1795141368043450548,2024-05-27,NEG,ironic,
22938367,45989,45989,1795141367632367901,2024-05-27,NEU,not ironic,
22938368,45990,45990,1795141367548489904,2024-05-27,NEG,not ironic,
22938369,45991,45991,1795141366835450131,2024-05-27,NEG,not ironic,
22938370,45992,45992,1795141365929529785,2024-05-27,NEU,not ironic,
22938371,45993,45993,1795141365321634168,2024-05-27,NEU,not ironic,
22938372,45994,45994,1795141364880933268,2024-05-27,NEU,not ironic,
22938373,45995,45995,1795141360925733033,2024-05-27,NEU,not ironic,
22938374,45996,45996,1795141359881326597,2024-05-27,NEU,not ironic,
22938375,45997,45997,1795141359587693038,2024-05-27,NEG,not ironic,
22938376,45998,45998,1795141358618902901,2024-05-27,POS,ironic,
22938377,45999,45999,1795141358576910769,2024-05-27,NEG,not ironic,
22938378,46000,46000,1795141357889056843,2024-05-27,NEG,ironic,
22938379,46001,46001,1795141357595472201,2024-05-27,NEU,ironic,
22938380,46002,46002,1795141355930255605,2024-05-27,NEU,not ironic,
22938381,46003,46003,1795141355888353697,2024-05-27,NEG,not ironic,
22938382,46004,46004,1795141354818777474,2024-05-27,NEG,not ironic,
22938383,46005,46005,1795141354302935195,2024-05-27,NEU,not ironic,
22938384,46006,46006,1795141354185515260,2024-05-27,NEG,ironic,
22938385,46007,46007,1795141353900294474,2024-05-27,POS,not ironic,
22938386,46008,46008,1795141353766056339,2024-05-27,NEG,ironic,
22938387,46009,46009,1795141353166250168,2024-05-27,NEG,not ironic,
22938388,46010,46010,1795141352994361358,2024-05-27,NEG,ironic,
22938389,46011,46011,1795141352470012413,2024-05-27,NEG,ironic,
22938390,46012,46012,1795141352235106508,2024-05-27,NEU,not ironic,
22938391,46013,46013,1795141350918156715,2024-05-27,NEG,not ironic,
22938392,46014,46014,1795141350259818742,2024-05-27,NEU,not ironic,
22938393,46015,46015,1795141347730444623,2024-05-27,NEG,ironic,
22938394,46016,46016,1795141346421821637,2024-05-27,NEG,not ironic,
22938395,46017,46017,1795141345893314732,2024-05-27,NEG,not ironic,
22938396,46018,46018,1795141345624957196,2024-05-27,NEG,not ironic,
22938397,46019,46019,1795141345184489565,2024-05-27,POS,ironic,
22938398,46020,46020,1795141345109037497,2024-05-27,NEU,ironic,
22938399,46021,46021,1795141344203034809,2024-05-27,NEU,ironic,
22938400,46022,46022,1795141343951323462,2024-05-27,NEG,not ironic,
22938401,46023,46023,1795141343808758151,2024-05-27,NEU,ironic,
22938402,46024,46024,1795141343720681538,2024-05-27,NEG,not ironic,
22938403,46025,46025,1795141342512681331,2024-05-27,NEG,ironic,
22938404,46026,46026,1795141342508535969,2024-05-27,NEG,ironic,
22938405,46027,46027,1795141341183127976,2024-05-27,POS,ironic,
22938406,46028,46028,1795141341107683788,2024-05-27,NEG,not ironic,
22938407,46029,46029,1795141340793053313,2024-05-27,NEU,not ironic,
22938408,46030,46030,1795141339924861383,2024-05-27,NEG,not ironic,
22938409,46031,46031,1795141338553278537,2024-05-27,NEG,not ironic,
22938410,46032,46032,1795141338003874278,2024-05-27,NEG,ironic,
22938411,46033,46033,1795141336590336192,2024-05-27,NEU,ironic,
22938412,46034,46034,1795141336368087276,2024-05-27,NEG,not ironic,
22938413,46035,46035,1795141335491461307,2024-05-27,NEG,not ironic,
22938414,46036,46036,1795141335298560239,2024-05-27,POS,not ironic,
22938415,46037,46037,1795141335176863971,2024-05-27,NEG,not ironic,
22938416,46038,46038,1795141333486567531,2024-05-27,NEU,not ironic,
22938417,46039,46039,1795141332438065233,2024-05-27,NEU,ironic,
22938418,46040,46040,1795141332131828068,2024-05-27,POS,ironic,
22938419,46041,46041,1795141329921446339,2024-05-27,NEG,not ironic,
22938420,46042,46042,1795141328206020782,2024-05-27,NEG,not ironic,
22938421,46043,46043,1795141327367082045,2024-05-27,POS,not ironic,
22938422,46044,46044,1795141327174221921,2024-05-27,NEG,not ironic,
22938423,46045,46045,1795141325462933698,2024-05-27,NEU,ironic,
22938424,46046,46046,1795141322417869277,2024-05-27,NEG,not ironic,
22938425,46047,46047,1795141319548911898,2024-05-27,POS,ironic,
22938426,46048,46048,1795141319087575175,2024-05-27,NEU,not ironic,
22938427,46049,46049,1795141318835909105,2024-05-27,NEG,not ironic,
22938428,46050,46050,1795141317086863392,2024-05-27,NEG,ironic,
22938429,46051,46051,1795141316872929784,2024-05-27,NEU,not ironic,
22938430,46052,46052,1795141316008972478,2024-05-27,POS,not ironic,
22938431,46053,46053,1795141315870511278,2024-05-27,NEU,ironic,
22938432,46054,46054,1795141315585302577,2024-05-27,NEG,ironic,
22938433,46055,46055,1795141314859749812,2024-05-27,NEU,ironic,
22938434,46056,46056,1795141314775777468,2024-05-27,NEU,ironic,
22938435,46057,46057,1795141311814578193,2024-05-27,NEG,not ironic,
22938436,46058,46058,1795141311785324609,2024-05-27,NEG,not ironic,
22938437,46059,46059,1795141311151886658,2024-05-27,NEG,ironic,
22938438,46060,46060,1795141309805506931,2024-05-27,NEG,ironic,
22938439,46061,46061,1795141309683965962,2024-05-27,NEG,not ironic,
22938440,46062,46062,1795141308522045562,2024-05-27,NEG,not ironic,
22938441,46063,46063,1795141308341686754,2024-05-27,NEG,ironic,
22938442,46064,46064,1795141307670688101,2024-05-27,NEG,not ironic,
22938443,46065,46065,1795141306794049541,2024-05-27,POS,ironic,
22938444,46066,46066,1795141306609488149,2024-05-27,NEG,not ironic,
22938445,46067,46067,1795141305279840292,2024-05-27,POS,ironic,
22938446,46068,46068,1795141304923414826,2024-05-27,NEG,ironic,
22938447,46069,46069,1795141304843645034,2024-05-27,NEG,not ironic,
22938448,46070,46070,1795141303912501655,2024-05-27,NEU,not ironic,
22938449,46071,46071,1795141303371526482,2024-05-27,NEU,not ironic,
22938450,46072,46072,1795141303337882093,2024-05-27,POS,not ironic,
22938451,46073,46073,1795141302742286506,2024-05-27,NEG,not ironic,
22938452,46074,46074,1795141301622460698,2024-05-27,NEG,not ironic,
22938453,46075,46075,1795141301471531222,2024-05-27,NEG,not ironic,
22938454,46076,46076,1795141298573246929,2024-05-27,POS,not ironic,
22938455,46077,46077,1795141298547990639,2024-05-27,NEG,not ironic,
22938456,46078,46078,1795141298522878039,2024-05-27,NEG,ironic,
22938457,46079,46079,1795141296895463828,2024-05-27,NEU,not ironic,
22938458,46080,46080,1795141295700312538,2024-05-27,NEG,not ironic,
22938459,46081,46081,1795141294706020581,2024-05-27,NEG,ironic,
22938460,46082,46082,1795141294228111600,2024-05-27,NEG,ironic,
22938461,46083,46083,1795141294223684043,2024-05-27,NEU,not ironic,
22938462,46084,46084,1795141291392512266,2024-05-27,NEU,not ironic,
22938463,46085,46085,1795141290947989973,2024-05-27,NEG,not ironic,
22938464,46086,46086,1795141290402680974,2024-05-27,NEU,not ironic,
22938465,46087,46087,1795141290385920157,2024-05-27,NEG,ironic,
22938466,46088,46088,1795141290255962488,2024-05-27,NEG,ironic,
22938467,46089,46089,1795141290151104816,2024-05-27,NEG,not ironic,
22938468,46090,46090,1795141290142707834,2024-05-27,NEG,not ironic,
22938469,46091,46091,1795141290029613382,2024-05-27,NEG,ironic,
22938470,46092,46092,1795141289912025542,2024-05-27,POS,ironic,
22938471,46093,46093,1795141289379307687,2024-05-27,POS,not ironic,
22938472,46094,46094,1795141289018614141,2024-05-27,NEG,not ironic,
22938473,46095,46095,1795141289014440305,2024-05-27,POS,not ironic,
22938474,46096,46096,1795141287768719489,2024-05-27,NEG,not ironic,
22938475,46097,46097,1795141287705788831,2024-05-27,NEG,ironic,
22938476,46098,46098,1795141287630471348,2024-05-27,NEU,not ironic,
22938477,46099,46099,1795141286577553767,2024-05-27,NEU,not ironic,
22938478,46100,46100,1795141286413934653,2024-05-27,NEU,ironic,
22938479,46101,46101,1795141284195152242,2024-05-27,NEG,not ironic,
22938480,46102,46102,1795141282982994162,2024-05-27,NEG,not ironic,
22938481,46103,46103,1795141282831925293,2024-05-27,NEG,not ironic,
22938482,46104,46104,1795141282815258782,2024-05-27,NEG,not ironic,
22938483,46105,46105,1795141282605461709,2024-05-27,NEG,ironic,
22938484,46106,46106,1795141281221370242,2024-05-27,POS,not ironic,
22938485,46107,46107,1795141280374141236,2024-05-27,NEU,not ironic,
22938486,46108,46108,1795141280298827929,2024-05-27,NEG,not ironic,
22938487,46109,46109,1795141279967334661,2024-05-27,POS,not ironic,
22938488,46110,46110,1795141278482530659,2024-05-27,NEG,ironic,
22938489,46111,46111,1795141277861708035,2024-05-27,NEG,ironic,
22938490,46112,46112,1795141277496811879,2024-05-27,NEU,not ironic,
22938491,46113,46113,1795141276855095339,2024-05-27,NEG,not ironic,
22938492,46114,46114,1795141276725059682,2024-05-27,NEU,not ironic,
22938493,46115,46115,1795141271457022128,2024-05-27,NEG,not ironic,
22938494,46116,46116,1795141271385784714,2024-05-27,NEG,not ironic,
22938495,46117,46117,1795141271360598490,2024-05-27,NEG,not ironic,
22938496,46118,46118,1795141268823060692,2024-05-27,NEU,not ironic,
22938497,46119,46119,1795141268445511897,2024-05-27,NEG,not ironic,
22938498,46120,46120,1795141268265107635,2024-05-27,NEG,ironic,
22938499,46121,46121,1795141267208155138,2024-05-27,NEG,not ironic,
22938500,46122,46122,1795141266851713149,2024-05-27,NEU,not ironic,
22938501,46123,46123,1795141266528764341,2024-05-27,NEU,not ironic,
22938502,46124,46124,1795141266293891521,2024-05-27,NEG,not ironic,
22938503,46125,46125,1795141266126114936,2024-05-27,NEG,ironic,
22938504,46126,46126,1795141265534661076,2024-05-27,POS,not ironic,
22938505,46127,46127,1795141265513676868,2024-05-27,NEG,not ironic,
22938506,46128,46128,1795141264968503480,2024-05-27,NEU,not ironic,
22938507,46129,46129,1795141264033161521,2024-05-27,NEG,not ironic,
22938508,46130,46130,1795141263663964269,2024-05-27,NEG,not ironic,
22938509,46131,46131,1795141263517196307,2024-05-27,NEU,not ironic,
22938510,46132,46132,1795141263403950411,2024-05-27,NEG,not ironic,
22938511,46133,46133,1795141262984593497,2024-05-27,NEG,not ironic,
22938512,46134,46134,1795141262321893764,2024-05-27,NEG,ironic,
22938513,46135,46135,1795141262003028077,2024-05-27,NEU,not ironic,
22938514,46136,46136,1795141260975419660,2024-05-27,NEU,not ironic,
22938515,46137,46137,1795141260182782185,2024-05-27,NEG,not ironic,
22938516,46138,46138,1795141259583009255,2024-05-27,NEU,not ironic,
22938517,46139,46139,1795141259499274614,2024-05-27,NEG,ironic,
22938518,46140,46140,1795141259209888241,2024-05-27,NEG,not ironic,
22938519,46141,46141,1795141259100643668,2024-05-27,NEG,ironic,
22938520,46142,46142,1795141258551140736,2024-05-27,NEG,not ironic,
22938521,46143,46143,1795141256764362847,2024-05-27,NEU,ironic,
22938522,46144,46144,1795141256403628346,2024-05-27,NEG,not ironic,
22938523,46145,46145,1795141255745142957,2024-05-27,NEU,ironic,
22938524,46146,46146,1795141255720001995,2024-05-27,NEG,ironic,
22938525,46147,46147,1795141254407209025,2024-05-27,NEU,not ironic,
22938526,46148,46148,1795141253949989141,2024-05-27,NEG,ironic,
22938527,46149,46149,1795141253660549226,2024-05-27,NEG,not ironic,
22938528,46150,46150,1795141252888789230,2024-05-27,POS,not ironic,
22938529,46151,46151,1795141252620378444,2024-05-27,NEU,not ironic,
22938530,46152,46152,1795141252016484624,2024-05-27,POS,not ironic,
22938531,46153,46153,1795141250502275390,2024-05-27,NEG,ironic,
22938532,46154,46154,1795141250250596735,2024-05-27,NEU,not ironic,
22938533,46155,46155,1795141249000734872,2024-05-27,POS,not ironic,
22938534,46156,46156,1795141248350564767,2024-05-27,NEU,not ironic,
22938535,46157,46157,1795141248170217639,2024-05-27,NEU,not ironic,
22938536,46158,46158,1795141247956578553,2024-05-27,NEG,not ironic,
22938537,46159,46159,1795141247469748734,2024-05-27,NEU,not ironic,
22938538,46160,46160,1795141247344029709,2024-05-27,NEG,not ironic,
22938539,46161,46161,1795141246073094339,2024-05-27,NEU,not ironic,
22938540,46162,46162,1795141245993447787,2024-05-27,NEU,not ironic,
22938541,46163,46163,1795141245318173090,2024-05-27,NEG,not ironic,
22938542,46164,46164,1795141244886057062,2024-05-27,NEG,ironic,
22938543,46165,46165,1795141244550533322,2024-05-27,NEG,not ironic,
22938544,46166,46166,1795141244139524314,2024-05-27,NEG,not ironic,
22938545,46167,46167,1795141241509712110,2024-05-27,NEG,ironic,
22938546,46168,46168,1795141240406585602,2024-05-27,NEG,not ironic,
22938547,46169,46169,1795141239844557198,2024-05-27,NEG,ironic,
22938548,46170,46170,1795141239764914659,2024-05-27,POS,ironic,
22938549,46171,46171,1795141238993170462,2024-05-27,NEU,not ironic,
22938550,46172,46172,1795141237806133360,2024-05-27,NEG,ironic,
22938551,46173,46173,1795141237793538206,2024-05-27,NEG,not ironic,
22938552,46174,46174,1795141235864125527,2024-05-27,NEU,not ironic,
22938553,46175,46175,1795141233087586800,2024-05-27,POS,not ironic,
22938554,46176,46176,1795141230222811137,2024-05-27,NEG,ironic,
22938555,46177,46177,1795141230004707368,2024-05-27,POS,not ironic,
22938556,46178,46178,1795141229807550542,2024-05-27,NEG,not ironic,
22938557,46179,46179,1795141229342065005,2024-05-27,NEG,not ironic,
22938558,46180,46180,1795141228687655411,2024-05-27,NEG,not ironic,
22938559,46181,46181,1795141228029194618,2024-05-27,NEU,ironic,
22938560,46182,46182,1795141227383259626,2024-05-27,NEG,ironic,
22938561,46183,46183,1795141224749244847,2024-05-27,NEG,not ironic,
22938562,46184,46184,1795141224673812981,2024-05-27,NEG,not ironic,
22938563,46185,46185,1795141224581464216,2024-05-27,NEG,ironic,
22938564,46186,46186,1795141224292286587,2024-05-27,NEU,not ironic,
22938565,46187,46187,1795141222140359095,2024-05-27,NEG,ironic,
22938566,46188,46188,1795141222006177892,2024-05-27,NEU,not ironic,
22938567,46189,46189,1795141221934891312,2024-05-27,POS,ironic,
22938568,46190,46190,1795141217933480288,2024-05-27,NEG,not ironic,
22938569,46191,46191,1795141216700424251,2024-05-27,NEU,not ironic,
22938570,46192,46192,1795141216385802739,2024-05-27,NEU,not ironic,
22938571,46193,46193,1795141216331354571,2024-05-27,NEU,ironic,
22938572,46194,46194,1795141215978930686,2024-05-27,NEG,not ironic,
22938573,46195,46195,1795141215534408039,2024-05-27,NEG,not ironic,
22938574,46196,46196,1795141215345610908,2024-05-27,NEG,not ironic,
22938575,46197,46197,1795141214850703586,2024-05-27,NEG,not ironic,
22938576,46198,46198,1795141214691357092,2024-05-27,NEG,not ironic,
22938577,46199,46199,1795141214527779001,2024-05-27,NEU,not ironic,
22938578,46200,46200,1795141213818933503,2024-05-27,POS,not ironic,
22938579,46201,46201,1795141213470802338,2024-05-27,NEU,not ironic,
22938580,46202,46202,1795141213001220208,2024-05-27,NEU,not ironic,
22938581,46203,46203,1795141212506112467,2024-05-27,POS,not ironic,
22938582,46204,46204,1795141212447351244,2024-05-27,NEU,not ironic,
22938583,46205,46205,1795141212342800818,2024-05-27,NEG,not ironic,
22938584,46206,46206,1795141212204073157,2024-05-27,NEG,not ironic,
22938585,46207,46207,1795141212044664892,2024-05-27,NEU,not ironic,
22938586,46208,46208,1795141210996122052,2024-05-27,NEU,not ironic,
22938587,46209,46209,1795141209624633428,2024-05-27,NEG,ironic,
22938588,46210,46210,1795141209595445515,2024-05-27,NEG,ironic,
22938589,46211,46211,1795141207842054259,2024-05-27,NEU,ironic,
22938590,46212,46212,1795141207804281315,2024-05-27,NEG,not ironic,
22938591,46213,46213,1795141207724568926,2024-05-27,NEU,ironic,
22938592,46214,46214,1795141206655013146,2024-05-27,NEG,ironic,
22938593,46215,46215,1795141206239785104,2024-05-27,NEG,not ironic,
22938594,46216,46216,1795141205245952347,2024-05-27,NEG,not ironic,
22938595,46217,46217,1795141203538719116,2024-05-27,NEG,ironic,
22938596,46218,46218,1795141202162897340,2024-05-27,NEU,not ironic,
22938597,46219,46219,1795141201269547378,2024-05-27,NEG,ironic,
22938598,46220,46220,1795141200799744089,2024-05-27,NEU,ironic,
22938599,46221,46221,1795141197054320867,2024-05-27,NEU,not ironic,
22938600,46222,46222,1795141196861292703,2024-05-27,NEG,not ironic,
22938601,46223,46223,1795141196638998921,2024-05-27,NEU,not ironic,
22938602,46224,46224,1795141195175195121,2024-05-27,NEU,ironic,
22938603,46225,46225,1795141194814546142,2024-05-27,POS,not ironic,
22938604,46226,46226,1795141194692837599,2024-05-27,NEU,not ironic,
22938605,46227,46227,1795141194546135353,2024-05-27,NEU,not ironic,
22938606,46228,46228,1795141194327949370,2024-05-27,NEU,not ironic,
22938607,46229,46229,1795141193988235327,2024-05-27,NEU,not ironic,
22938608,46230,46230,1795141192931319860,2024-05-27,NEU,not ironic,
22938609,46231,46231,1795141192486658193,2024-05-27,NEG,not ironic,
22938610,46232,46232,1795141192138752392,2024-05-27,NEU,not ironic,
22938611,46233,46233,1795141190158823640,2024-05-27,NEG,ironic,
22938612,46234,46234,1795141189038932303,2024-05-27,NEG,not ironic,
22938613,46235,46235,1795141188762169439,2024-05-27,NEG,not ironic,
22938614,46236,46236,1795141186685898829,2024-05-27,NEU,not ironic,
22938615,46237,46237,1795141186216206668,2024-05-27,NEG,not ironic,
22938616,46238,46238,1795141185247293518,2024-05-27,NEG,not ironic,
22938617,46239,46239,1795141184890827001,2024-05-27,NEG,not ironic,
22938618,46240,46240,1795141183791866186,2024-05-27,NEG,not ironic,
22938619,46241,46241,1795141183523463609,2024-05-27,NEU,not ironic,
22938620,46242,46242,1795141183456375174,2024-05-27,NEG,not ironic,
22938621,46243,46243,1795141183397613860,2024-05-27,POS,not ironic,
22938622,46244,46244,1795141182873284771,2024-05-27,NEG,ironic,
22938623,46245,46245,1795141181635981607,2024-05-27,NEG,not ironic,
22938624,46246,46246,1795141181245919639,2024-05-27,NEG,not ironic,
22938625,46247,46247,1795141177949208715,2024-05-27,POS,ironic,
22938626,46248,46248,1795141177689129094,2024-05-27,POS,ironic,
22938627,46249,46249,1795141177508774231,2024-05-27,POS,ironic,
22938628,46250,46250,1795141177504575881,2024-05-27,NEU,not ironic,
22938629,46251,46251,1795141177160683682,2024-05-27,NEG,not ironic,
22938630,46252,46252,1795141176829284716,2024-05-27,NEG,not ironic,
22938631,46253,46253,1795141176674115899,2024-05-27,NEG,not ironic,
22938632,46254,46254,1795141174627279075,2024-05-27,NEG,not ironic,
22938633,46255,46255,1795141173721563634,2024-05-27,NEU,ironic,
22938634,46256,46256,1795141173352292672,2024-05-27,NEG,not ironic,
22938635,46257,46257,1795141172442149366,2024-05-27,NEG,ironic,
22938636,46258,46258,1795141172412715072,2024-05-27,NEG,ironic,
22938637,46259,46259,1795141171041165314,2024-05-27,POS,not ironic,
22938638,46260,46260,1795141169862623520,2024-05-27,NEG,not ironic,
22938639,46261,46261,1795141167916412995,2024-05-27,NEG,not ironic,
22938640,46262,46262,1795141167228530696,2024-05-27,NEG,not ironic,
22938641,46263,46263,1795141165655662799,2024-05-27,NEG,not ironic,
22938642,46264,46264,1795141164946841686,2024-05-27,NEG,ironic,
22938643,46265,46265,1795141164565242005,2024-05-27,NEG,ironic,
22938644,46266,46266,1795141164493902045,2024-05-27,NEG,not ironic,
22938645,46267,46267,1795141163923419298,2024-05-27,NEU,ironic,
22938646,46268,46268,1795141163915034710,2024-05-27,NEU,ironic,
22938647,46269,46269,1795141163856371734,2024-05-27,NEU,ironic,
22938648,46270,46270,1795141163835445562,2024-05-27,NEU,not ironic,
22938649,46271,46271,1795141163734753788,2024-05-27,NEU,ironic,
22938650,46272,46272,1795141163709509711,2024-05-27,NEU,ironic,
22938651,46273,46273,1795141163394965906,2024-05-27,NEG,ironic,
22938652,46274,46274,1795141161599807785,2024-05-27,NEU,not ironic,
22938653,46275,46275,1795141160618394045,2024-05-27,NEU,not ironic,
22938654,46276,46276,1795141160362553590,2024-05-27,NEG,not ironic,
22938655,46277,46277,1795141160219861078,2024-05-27,NEU,not ironic,
22938656,46278,46278,1795141159573967056,2024-05-27,POS,not ironic,
22938657,46279,46279,1795141156579250282,2024-05-27,NEG,not ironic,
22938658,46280,46280,1795141156520477121,2024-05-27,NEG,not ironic,
22938659,46281,46281,1795141154196869466,2024-05-27,NEU,not ironic,
22938660,46282,46282,1795141153571910031,2024-05-27,NEG,not ironic,
22938661,46283,46283,1795141152003240317,2024-05-27,POS,not ironic,
22938662,46284,46284,1795141151353123003,2024-05-27,NEU,ironic,
22938663,46285,46285,1795141151164416304,2024-05-27,NEG,not ironic,
22938664,46286,46286,1795141150501687675,2024-05-27,POS,ironic,
22938665,46287,46287,1795141150451356088,2024-05-27,NEU,not ironic,
22938666,46288,46288,1795141150447145138,2024-05-27,NEU,not ironic,
22938667,46289,46289,1795141149465674065,2024-05-27,NEU,not ironic,
22938668,46290,46290,1795141149390229596,2024-05-27,NEG,not ironic,
22938669,46291,46291,1795141148555591811,2024-05-27,NEG,ironic,
22938670,46292,46292,1795141147678883967,2024-05-27,NEG,not ironic,
22938671,46293,46293,1795141146844262728,2024-05-27,POS,not ironic,
22938672,46294,46294,1795141145988653518,2024-05-27,NEG,not ironic,
22938673,46295,46295,1795141145095225456,2024-05-27,NEG,not ironic,
22938674,46296,46296,1795141144193495262,2024-05-27,NEG,not ironic,
22938675,46297,46297,1795141143371321461,2024-05-27,NEG,not ironic,
22938676,46298,46298,1795141143337800132,2024-05-27,NEG,not ironic,
22938677,46299,46299,1795141143048470907,2024-05-27,NEG,not ironic,
22938678,46300,46300,1795141140250779722,2024-05-27,NEG,not ironic,
22938679,46301,46301,1795141139776892947,2024-05-27,NEG,not ironic,
22938680,46302,46302,1795141137469968404,2024-05-27,NEG,ironic,
22938681,46303,46303,1795141136882815037,2024-05-27,NEG,ironic,
22938682,46304,46304,1795141136463392968,2024-05-27,NEG,not ironic,
22938683,46305,46305,1795141136241021101,2024-05-27,NEU,ironic,
22938684,46306,46306,1795141136010334423,2024-05-27,POS,not ironic,
22938685,46307,46307,1795141135846809788,2024-05-27,NEG,ironic,
22938686,46308,46308,1795141135519674471,2024-05-27,NEG,ironic,
22938687,46309,46309,1795141134328480004,2024-05-27,NEG,ironic,
22938688,46310,46310,1795141134299390088,2024-05-27,NEU,ironic,
22938689,46311,46311,1795141133837725980,2024-05-27,NEG,not ironic,
22938690,46312,46312,1795141133363765494,2024-05-27,NEU,not ironic,
22938691,46313,46313,1795141133128933492,2024-05-27,NEU,not ironic,
22938692,46314,46314,1795141132919226733,2024-05-27,NEU,not ironic,
22938693,46315,46315,1795141132369658033,2024-05-27,NEG,not ironic,
22938694,46316,46316,1795141131514065348,2024-05-27,POS,not ironic,
22938695,46317,46317,1795141131237245223,2024-05-27,POS,ironic,
22938696,46318,46318,1795141131098788102,2024-05-27,NEU,not ironic,
22938697,46319,46319,1795141130637463666,2024-05-27,NEU,not ironic,
22938698,46320,46320,1795141130285166609,2024-05-27,NEG,ironic,
22938699,46321,46321,1795141129911820662,2024-05-27,NEU,ironic,
22938700,46322,46322,1795141129211383923,2024-05-27,NEG,ironic,
22938701,46323,46323,1795141128414453762,2024-05-27,NEG,not ironic,
22938702,46324,46324,1795141128032866689,2024-05-27,NEG,not ironic,
22938703,46325,46325,1795141127877677072,2024-05-27,POS,not ironic,
22938704,46326,46326,1795141127797936369,2024-05-27,NEU,ironic,
22938705,46327,46327,1795141127743439155,2024-05-27,NEU,not ironic,
22938706,46328,46328,1795141126904504617,2024-05-27,NEU,not ironic,
22938707,46329,46329,1795141126787133549,2024-05-27,NEG,ironic,
22938708,46330,46330,1795141126283747575,2024-05-27,NEG,not ironic,
22938709,46331,46331,1795141125151297727,2024-05-27,NEG,not ironic,
22938710,46332,46332,1795141122273980859,2024-05-27,NEG,not ironic,
22938711,46333,46333,1795141121653313941,2024-05-27,NEG,ironic,
22938712,46334,46334,1795141121531646344,2024-05-27,NEG,not ironic,
22938713,46335,46335,1795141120030101873,2024-05-27,NEU,not ironic,
22938714,46336,46336,1795141119820562491,2024-05-27,NEG,ironic,
22938715,46337,46337,1795141119518322958,2024-05-27,NEG,ironic,
22938716,46338,46338,1795141117903552825,2024-05-27,NEU,not ironic,
22938717,46339,46339,1795141117765189995,2024-05-27,NEG,not ironic,
22938718,46340,46340,1795141117656059967,2024-05-27,NEG,not ironic,
22938719,46341,46341,1795141117559648726,2024-05-27,POS,ironic,
22938720,46342,46342,1795141117555433804,2024-05-27,NEG,ironic,
22938721,46343,46343,1795141117475684364,2024-05-27,NEG,ironic,
22938722,46344,46344,1795141114359390423,2024-05-27,NEG,not ironic,
22938723,46345,46345,1795141112891400491,2024-05-27,NEG,ironic,
22938724,46346,46346,1795141112786555262,2024-05-27,NEG,not ironic,
22938725,46347,46347,1795141111327096960,2024-05-27,NEG,ironic,
22938726,46348,46348,1795141111171670077,2024-05-27,NEU,not ironic,
22938727,46349,46349,1795141109410058630,2024-05-27,NEG,ironic,
22938728,46350,46350,1795141107862602135,2024-05-27,NEG,not ironic,
22938729,46351,46351,1795141107480699066,2024-05-27,NEG,not ironic,
22938730,46352,46352,1795141107329691906,2024-05-27,NEU,ironic,
22938731,46353,46353,1795141106612547596,2024-05-27,NEG,not ironic,
22938732,46354,46354,1795141105010253932,2024-05-27,NEG,ironic,
22938733,46355,46355,1795141104674766942,2024-05-27,NEG,not ironic,
22938734,46356,46356,1795141103454179692,2024-05-27,NEG,ironic,
22938735,46357,46357,1795141102506299691,2024-05-27,NEU,not ironic,
22938736,46358,46358,1795141101059219616,2024-05-27,NEG,ironic,
22938737,46359,46359,1795141100937605254,2024-05-27,POS,not ironic,
22938738,46360,46360,1795141099436032149,2024-05-27,NEU,not ironic,
22938739,46361,46361,1795141099385721048,2024-05-27,POS,not ironic,
22938740,46362,46362,1795141098966335792,2024-05-27,POS,not ironic,
22938741,46363,46363,1795141098928513098,2024-05-27,NEG,ironic,
22938742,46364,46364,1795141098601578803,2024-05-27,POS,not ironic,
22938743,46365,46365,1795141097825378676,2024-05-27,NEG,not ironic,
22938744,46366,46366,1795141096776855709,2024-05-27,NEG,not ironic,
22938745,46367,46367,1795141095543767356,2024-05-27,NEU,not ironic,
22938746,46368,46368,1795141094897774797,2024-05-27,NEU,not ironic,
22938747,46369,46369,1795141094398885907,2024-05-27,NEG,ironic,
22938748,46370,46370,1795141093253632154,2024-05-27,NEG,not ironic,
22938749,46371,46371,1795141093190734179,2024-05-27,POS,not ironic,
22938750,46372,46372,1795141092985164228,2024-05-27,NEG,not ironic,
22938751,46373,46373,1795141092892901589,2024-05-27,NEG,ironic,
22938752,46374,46374,1795141092007870635,2024-05-27,NEU,ironic,
22938753,46375,46375,1795141091433513092,2024-05-27,NEG,not ironic,
22938754,46376,46376,1795141091357761895,2024-05-27,NEU,not ironic,
22938755,46377,46377,1795141089852113403,2024-05-27,NEG,not ironic,
22938756,46378,46378,1795141089839513714,2024-05-27,NEG,ironic,
22938757,46379,46379,1795141088824451088,2024-05-27,NEG,ironic,
22938758,46380,46380,1795141088107217312,2024-05-27,NEG,not ironic,
22938759,46381,46381,1795141087452967038,2024-05-27,POS,not ironic,
22938760,46382,46382,1795141087348015393,2024-05-27,NEU,not ironic,
22938761,46383,46383,1795141085259280857,2024-05-27,NEU,not ironic,
22938762,46384,46384,1795141083866792319,2024-05-27,NEG,not ironic,
22938763,46385,46385,1795141082138746892,2024-05-27,NEG,not ironic,
22938764,46386,46386,1795141081513820668,2024-05-27,NEG,not ironic,
22938765,46387,46387,1795141079513043451,2024-05-27,NEG,not ironic,
22938766,46388,46388,1795141077499875527,2024-05-27,POS,not ironic,
22938767,46389,46389,1795141077059461241,2024-05-27,NEU,ironic,
22938768,46390,46390,1795141076556099731,2024-05-27,NEG,not ironic,
22938769,46391,46391,1795141075981553959,2024-05-27,NEG,not ironic,
22938770,46392,46392,1795141075444658401,2024-05-27,NEG,ironic,
22938771,46393,46393,1795141075071377445,2024-05-27,POS,not ironic,
22938772,46394,46394,1795141074400256096,2024-05-27,POS,not ironic,
22938773,46395,46395,1795141073896907135,2024-05-27,NEU,not ironic,
22938774,46396,46396,1795141073750163900,2024-05-27,NEG,ironic,
22938775,46397,46397,1795141073540612369,2024-05-27,NEU,ironic,
22938776,46398,46398,1795141072475017361,2024-05-27,NEU,not ironic,
22938777,46399,46399,1795141072286253365,2024-05-27,POS,not ironic,
22938778,46400,46400,1795141071837512043,2024-05-27,NEG,not ironic,
22938779,46401,46401,1795141071133082005,2024-05-27,NEG,not ironic,
22938780,46402,46402,1795141070965104863,2024-05-27,NEU,not ironic,
22938781,46403,46403,1795141070486929872,2024-05-27,NEG,not ironic,
22938782,46404,46404,1795141069492932672,2024-05-27,NEG,not ironic,
22938783,46405,46405,1795141068419105262,2024-05-27,NEG,not ironic,
22938784,46406,46406,1795141067949367304,2024-05-27,NEG,ironic,
22938785,46407,46407,1795141067915874664,2024-05-27,NEG,ironic,
22938786,46408,46408,1795141066980462643,2024-05-27,NEG,ironic,
22938787,46409,46409,1795141066733076768,2024-05-27,NEG,ironic,
22938788,46410,46410,1795141065642516580,2024-05-27,NEU,not ironic,
22938789,46411,46411,1795141065172721948,2024-05-27,NEG,not ironic,
22938790,46412,46412,1795141063880917441,2024-05-27,NEG,ironic,
22938791,46413,46413,1795141062547198005,2024-05-27,POS,not ironic,
22938792,46414,46414,1795141062438097104,2024-05-27,NEU,not ironic,
22938793,46415,46415,1795141059766366624,2024-05-27,POS,ironic,
22938794,46416,46416,1795141059707568573,2024-05-27,NEG,ironic,
22938795,46417,46417,1795141059699208700,2024-05-27,NEU,not ironic,
22938796,46418,46418,1795141059678204379,2024-05-27,NEG,ironic,
22938797,46419,46419,1795141059577585910,2024-05-27,NEU,ironic,
22938798,46420,46420,1795141059539837249,2024-05-27,NEG,not ironic,
22938799,46421,46421,1795141059007156451,2024-05-27,NEU,not ironic,
22938800,46422,46422,1795141058247954512,2024-05-27,NEG,not ironic,
22938801,46423,46423,1795141058008904131,2024-05-27,NEG,ironic,
22938802,46424,46424,1795141057593610378,2024-05-27,POS,not ironic,
22938803,46425,46425,1795141056805179618,2024-05-27,NEG,ironic,
22938804,46426,46426,1795141056377319491,2024-05-27,NEU,not ironic,
22938805,46427,46427,1795141055987212695,2024-05-27,NEG,not ironic,
22938806,46428,46428,1795141055748112713,2024-05-27,NEG,ironic,
22938807,46429,46429,1795141055370707088,2024-05-27,NEU,not ironic,
22938808,46430,46430,1795141055316201793,2024-05-27,NEU,not ironic,
22938809,46431,46431,1795141050438214136,2024-05-27,NEG,not ironic,
22938810,46432,46432,1795141048525582775,2024-05-27,NEG,ironic,
22938811,46433,46433,1795141048374534316,2024-05-27,NEU,not ironic,
22938812,46434,46434,1795141048353665216,2024-05-27,POS,not ironic,
22938813,46435,46435,1795141046180962544,2024-05-27,NEU,not ironic,
22938814,46436,46436,1795141044033425685,2024-05-27,NEG,ironic,
22938815,46437,46437,1795141043983094157,2024-05-27,NEG,not ironic,
22938816,46438,46438,1795141042703909324,2024-05-27,NEG,not ironic,
22938817,46439,46439,1795141042057933225,2024-05-27,NEU,not ironic,
22938818,46440,46440,1795141042016051639,2024-05-27,NEG,ironic,
22938819,46441,46441,1795141041928167522,2024-05-27,POS,ironic,
22938820,46442,46442,1795141041672081917,2024-05-27,NEU,not ironic,
22938821,46443,46443,1795141041307189742,2024-05-27,NEG,ironic,
22938822,46444,46444,1795141040116027893,2024-05-27,NEU,not ironic,
22938823,46445,46445,1795141038295720372,2024-05-27,NEG,not ironic,
22938824,46446,46446,1795141037842702476,2024-05-27,NEG,ironic,
22938825,46447,46447,1795141036685094936,2024-05-27,NEU,not ironic,
22938826,46448,46448,1795141036248883211,2024-05-27,NEU,not ironic,
22938827,46449,46449,1795141035359658251,2024-05-27,NEU,not ironic,
22938828,46450,46450,1795141035133153399,2024-05-27,NEU,not ironic,
22938829,46451,46451,1795141033690333490,2024-05-27,NEU,not ironic,
22938830,46452,46452,1795141033254171047,2024-05-27,NEG,ironic,
22938831,46453,46453,1795141033019228236,2024-05-27,NEG,not ironic,
22938832,46454,46454,1795141030410437075,2024-05-27,NEU,ironic,
22938833,46455,46455,1795141029865136507,2024-05-27,NEU,ironic,
22938834,46456,46456,1795141029714170111,2024-05-27,NEG,not ironic,
22938835,46457,46457,1795141029659619686,2024-05-27,NEU,ironic,
22938836,46458,46458,1795141028955009527,2024-05-27,NEU,not ironic,
22938837,46459,46459,1795141028808216605,2024-05-27,NEU,not ironic,
22938838,46460,46460,1795141028044800164,2024-05-27,NEU,not ironic,
22938839,46461,46461,1795141027759554861,2024-05-27,POS,not ironic,
22938840,46462,46462,1795141025838649535,2024-05-27,NEG,ironic,
22938841,46463,46463,1795141025695977788,2024-05-27,NEG,ironic,
22938842,46464,46464,1795141024685175145,2024-05-27,NEG,not ironic,
22938843,46465,46465,1795141024681021937,2024-05-27,NEU,ironic,
22938844,46466,46466,1795141024324436417,2024-05-27,NEU,not ironic,
22938845,46467,46467,1795141023946928223,2024-05-27,POS,not ironic,
22938846,46468,46468,1795141023305253371,2024-05-27,NEG,not ironic,
22938847,46469,46469,1795141021623365774,2024-05-27,NEU,not ironic,
22938848,46470,46470,1795141017273864430,2024-05-27,NEU,not ironic,
22938849,46471,46471,1795141014056816997,2024-05-27,NEU,not ironic,
22938850,46472,46472,1795141012236402903,2024-05-27,NEU,ironic,
22938851,46473,46473,1795141012135817301,2024-05-27,POS,ironic,
22938852,46474,46474,1795141010386813412,2024-05-27,NEU,not ironic,
22938853,46475,46475,1795141010357432576,2024-05-27,NEG,ironic,
22938854,46476,46476,1795141008335806696,2024-05-27,NEU,ironic,
22938855,46477,46477,1795141007803044221,2024-05-27,NEG,ironic,
22938856,46478,46478,1795141006968390103,2024-05-27,NEU,not ironic,
22938857,46479,46479,1795141006918103269,2024-05-27,NEG,ironic,
22938858,46480,46480,1795141006142165141,2024-05-27,NEG,not ironic,
22938859,46481,46481,1795141003059319265,2024-05-27,NEG,ironic,
22938860,46482,46482,1795141001775808904,2024-05-27,NEG,ironic,
22938861,46483,46483,1795141000932757916,2024-05-27,NEG,ironic,
22938862,46484,46484,1795141000832127160,2024-05-27,POS,not ironic,
22938863,46485,46485,1795141000735719708,2024-05-27,NEG,not ironic,
22938864,46486,46486,1795141000589082881,2024-05-27,NEG,not ironic,
22938865,46487,46487,1795141000542794169,2024-05-27,NEG,not ironic,
22938866,46488,46488,1795141000534319292,2024-05-27,NEG,not ironic,
22938867,46489,46489,1795141000249180387,2024-05-27,NEG,not ironic,
22938868,46490,46490,1795140999179641019,2024-05-27,NEG,ironic,
22938869,46491,46491,1795140998785364337,2024-05-27,NEG,ironic,
22938870,46492,46492,1795140998143803428,2024-05-27,NEU,ironic,
22938871,46493,46493,1795140997732516298,2024-05-27,NEG,ironic,
22938872,46494,46494,1795140996306502080,2024-05-27,NEG,not ironic,
22938873,46495,46495,1795140995589247264,2024-05-27,NEU,ironic,
22938874,46496,46496,1795140995211821228,2024-05-27,NEG,not ironic,
22938875,46497,46497,1795140995140448753,2024-05-27,NEG,ironic,
22938876,46498,46498,1795140994372911105,2024-05-27,NEU,ironic,
22938877,46499,46499,1795140993915752852,2024-05-27,NEG,not ironic,
22938878,46500,46500,1795140993458520491,2024-05-27,NEG,not ironic,
22938879,46501,46501,1795140993395695641,2024-05-27,NEG,not ironic,
22938880,46502,46502,1795140992812638434,2024-05-27,NEU,ironic,
22938881,46503,46503,1795140989008347542,2024-05-27,NEU,not ironic,
22938882,46504,46504,1795140988991635543,2024-05-27,NEU,not ironic,
22938883,46505,46505,1795140988278628412,2024-05-27,NEU,not ironic,
22938884,46506,46506,1795140986517033098,2024-05-27,NEU,not ironic,
22938885,46507,46507,1795140986374369284,2024-05-27,NEU,not ironic,
22938886,46508,46508,1795140985996914720,2024-05-27,NEU,not ironic,
22938887,46509,46509,1795140985959170326,2024-05-27,NEG,not ironic,
22938888,46510,46510,1795140985577488852,2024-05-27,NEG,not ironic,
22938889,46511,46511,1795140983186751648,2024-05-27,NEU,not ironic,
22938890,46512,46512,1795140983136375003,2024-05-27,NEU,not ironic,
22938891,46513,46513,1795140982012248386,2024-05-27,NEU,not ironic,
22938892,46514,46514,1795140981802570093,2024-05-27,NEG,not ironic,
22938893,46515,46515,1795140980150014067,2024-05-27,NEG,ironic,
22938894,46516,46516,1795140979709694231,2024-05-27,NEU,ironic,
22938895,46517,46517,1795140979403411931,2024-05-27,POS,not ironic,
22938896,46518,46518,1795140978577199375,2024-05-27,NEG,ironic,
22938897,46519,46519,1795140978195472509,2024-05-27,NEU,ironic,
22938898,46520,46520,1795140977406902435,2024-05-27,NEU,not ironic,
22938899,46521,46521,1795140976727429407,2024-05-27,NEG,not ironic,
22938900,46522,46522,1795140976056345076,2024-05-27,NEG,not ironic,
22938901,46523,46523,1795140975959933241,2024-05-27,NEG,not ironic,
22938902,46524,46524,1795140974353711523,2024-05-27,NEG,ironic,
22938903,46525,46525,1795140973938270654,2024-05-27,NEG,not ironic,
22938904,46526,46526,1795140973078450641,2024-05-27,NEG,not ironic,
22938905,46527,46527,1795140973036449804,2024-05-27,NEU,not ironic,
22938906,46528,46528,1795140971715252728,2024-05-27,POS,ironic,
22938907,46529,46529,1795140971509813448,2024-05-27,NEG,not ironic,
22938908,46530,46530,1795140971165876252,2024-05-27,NEU,not ironic,
22938909,46531,46531,1795140970079543679,2024-05-27,NEG,not ironic,
22938910,46532,46532,1795140970033340841,2024-05-27,NEG,not ironic,
22938911,46533,46533,1795140969848865024,2024-05-27,NEU,not ironic,
22938912,46534,46534,1795140967948857713,2024-05-27,NEG,not ironic,
22938913,46535,46535,1795140964421427685,2024-05-27,NEU,not ironic,
22938914,46536,46536,1795140964224291138,2024-05-27,NEG,not ironic,
22938915,46537,46537,1795140963901329462,2024-05-27,NEU,not ironic,
22938916,46538,46538,1795140963901251755,2024-05-27,NEU,ironic,
22938917,46539,46539,1795140961875468533,2024-05-27,NEG,not ironic,
22938918,46540,46540,1795140961640550879,2024-05-27,POS,ironic,
22938919,46541,46541,1795140960654962762,2024-05-27,NEG,not ironic,
22938920,46542,46542,1795140959807623344,2024-05-27,NEG,not ironic,
22938921,46543,46543,1795140959342084394,2024-05-27,NEU,not ironic,
22938922,46544,46544,1795140958192902459,2024-05-27,NEG,not ironic,
22938923,46545,46545,1795140956594839775,2024-05-27,NEU,ironic,
22938924,46546,46546,1795140956024390019,2024-05-27,NEG,ironic,
22938925,46547,46547,1795140956020162586,2024-05-27,NEG,not ironic,
22938926,46548,46548,1795140955235864884,2024-05-27,NEU,not ironic,
22938927,46549,46549,1795140954694852925,2024-05-27,POS,not ironic,
22938928,46550,46550,1795140954598551886,2024-05-27,NEG,not ironic,
22938929,46551,46551,1795140953981788590,2024-05-27,NEU,not ironic,
22938930,46552,46552,1795140953730077151,2024-05-27,NEU,ironic,
22938931,46553,46553,1795140951393862125,2024-05-27,NEG,ironic,
22938932,46554,46554,1795140950664065278,2024-05-27,POS,not ironic,
22938933,46555,46555,1795140948399165470,2024-05-27,NEU,ironic,
22938934,46556,46556,1795140948072058890,2024-05-27,NEU,not ironic,
22938935,46557,46557,1795140947774214490,2024-05-27,NEU,not ironic,
22938936,46558,46558,1795140944204873830,2024-05-27,POS,not ironic,
22938937,46559,46559,1795140944037118045,2024-05-27,NEU,not ironic,
22938938,46560,46560,1795140942745268571,2024-05-27,NEU,ironic,
22938939,46561,46561,1795140942665515084,2024-05-27,NEU,not ironic,
22938940,46562,46562,1795140942250320088,2024-05-27,NEU,not ironic,
22938941,46563,46563,1795140941906321453,2024-05-27,NEU,ironic,
22938942,46564,46564,1795140938961928554,2024-05-27,NEG,ironic,
22938943,46565,46565,1795140938404090076,2024-05-27,NEG,ironic,
22938944,46566,46566,1795140937955328382,2024-05-27,NEG,ironic,
22938945,46567,46567,1795140937200361783,2024-05-27,NEU,ironic,
22938946,46568,46568,1795140937162662166,2024-05-27,NEG,not ironic,
22938947,46569,46569,1795140935002550736,2024-05-27,NEU,not ironic,
22938948,46570,46570,1795140933442310451,2024-05-27,NEG,not ironic,
22938949,46571,46571,1795140933438075380,2024-05-27,NEG,not ironic,
22938950,46572,46572,1795140933362602300,2024-05-27,NEU,not ironic,
22938951,46573,46573,1795140933245173914,2024-05-27,NEU,ironic,
22938952,46574,46574,1795140932792094893,2024-05-27,NEG,not ironic,
22938953,46575,46575,1795140932083351718,2024-05-27,NEU,not ironic,
22938954,46576,46576,1795140931601014932,2024-05-27,NEG,ironic,
22938955,46577,46577,1795140930783035740,2024-05-27,NEU,ironic,
22938956,46578,46578,1795140930766299609,2024-05-27,NEG,ironic,
22938957,46579,46579,1795140930200121811,2024-05-27,NEG,ironic,
22938958,46580,46580,1795140930019701034,2024-05-27,POS,not ironic,
22938959,46581,46581,1795140928245518576,2024-05-27,NEG,not ironic,
22938960,46582,46582,1795140926764945648,2024-05-27,NEU,not ironic,
22938961,46583,46583,1795140926521696584,2024-05-27,NEG,ironic,
22938962,46584,46584,1795140926110609719,2024-05-27,NEG,ironic,
22938963,46585,46585,1795140925674369137,2024-05-27,NEG,ironic,
22938964,46586,46586,1795140925624127874,2024-05-27,NEG,not ironic,
22938965,46587,46587,1795140925238182038,2024-05-27,NEG,not ironic,
22938966,46588,46588,1795140925129097513,2024-05-27,POS,not ironic,
22938967,46589,46589,1795140924785221880,2024-05-27,NEG,not ironic,
22938968,46590,46590,1795140924135121326,2024-05-27,NEG,ironic,
22938969,46591,46591,1795140922901955026,2024-05-27,NEG,not ironic,
22938970,46592,46592,1795140921513632112,2024-05-27,NEU,not ironic,
22938971,46593,46593,1795140921152995396,2024-05-27,POS,not ironic,
22938972,46594,46594,1795140920557416654,2024-05-27,NEU,ironic,
22938973,46595,46595,1795140919131246641,2024-05-27,NEG,not ironic,
22938974,46596,46596,1795140918879694919,2024-05-27,POS,ironic,
22938975,46597,46597,1795140918145585603,2024-05-27,NEG,not ironic,
22938976,46598,46598,1795140917407449580,2024-05-27,NEU,not ironic,
22938977,46599,46599,1795140916778500396,2024-05-27,POS,not ironic,
22938978,46600,46600,1795140916446982456,2024-05-27,NEG,not ironic,
22938979,46601,46601,1795140914660114618,2024-05-27,NEG,not ironic,
22938980,46602,46602,1795140914374942738,2024-05-27,NEU,ironic,
22938981,46603,46603,1795140914085528006,2024-05-27,NEG,not ironic,
22938982,46604,46604,1795140913800401367,2024-05-27,NEG,ironic,
22938983,46605,46605,1795140912407814568,2024-05-27,NEU,not ironic,
22938984,46606,46606,1795140912051327316,2024-05-27,NEG,ironic,
22938985,46607,46607,1795140911640285654,2024-05-27,NEG,ironic,
22938986,46608,46608,1795140911581614366,2024-05-27,NEG,not ironic,
22938987,46609,46609,1795140911531245788,2024-05-27,NEU,ironic,
22938988,46610,46610,1795140911262834726,2024-05-27,NEG,not ironic,
22938989,46611,46611,1795140910155460925,2024-05-27,NEG,ironic,
22938990,46612,46612,1795140909908070526,2024-05-27,NEG,ironic,
22938991,46613,46613,1795140906133192943,2024-05-27,NEG,ironic,
22938992,46614,46614,1795140905629876351,2024-05-27,NEU,not ironic,
22938993,46615,46615,1795140905197842778,2024-05-27,NEU,not ironic,
22938994,46616,46616,1795140904488956059,2024-05-27,NEG,ironic,
22938995,46617,46617,1795140903994036647,2024-05-27,NEG,ironic,
22938996,46618,46618,1795140901427200314,2024-05-27,NEG,not ironic,
22938997,46619,46619,1795140901238390806,2024-05-27,NEU,not ironic,
22938998,46620,46620,1795140901141881107,2024-05-27,NEU,not ironic,
22938999,46621,46621,1795140899204194359,2024-05-27,NEU,not ironic,
22939000,46622,46622,1795140899153887379,2024-05-27,NEG,not ironic,
22939001,46623,46623,1795140898860278117,2024-05-27,POS,ironic,
22939002,46624,46624,1795140898743070894,2024-05-27,NEG,not ironic,
22939003,46625,46625,1795140897463533902,2024-05-27,POS,ironic,
22939004,46626,46626,1795140895668396330,2024-05-27,NEG,not ironic,
22939005,46627,46627,1795140895601246421,2024-05-27,NEG,not ironic,
22939006,46628,46628,1795140895550947832,2024-05-27,NEG,ironic,
22939007,46629,46629,1795140894565220863,2024-05-27,NEG,not ironic,
22939008,46630,46630,1795140894397518229,2024-05-27,NEU,not ironic,
22939009,46631,46631,1795140894322012434,2024-05-27,POS,not ironic,
22939010,46632,46632,1795140894233907379,2024-05-27,NEG,not ironic,
22939011,46633,46633,1795140893441130824,2024-05-27,NEG,not ironic,
22939012,46634,46634,1795140892208107668,2024-05-27,NEG,ironic,
22939013,46635,46635,1795140892078068160,2024-05-27,NEG,not ironic,
22939014,46636,46636,1795140891826377051,2024-05-27,NEG,not ironic,
22939015,46637,46637,1795140890597437706,2024-05-27,POS,ironic,
22939016,46638,46638,1795140888470987023,2024-05-27,NEU,not ironic,
22939017,46639,46639,1795140888206700691,2024-05-27,POS,not ironic,
22939018,46640,46640,1795140888080879655,2024-05-27,NEG,ironic,
22939019,46641,46641,1795140887820820973,2024-05-27,NEG,not ironic,
22939020,46642,46642,1795140886537355451,2024-05-27,NEG,not ironic,
22939021,46643,46643,1795140886164013060,2024-05-27,NEG,not ironic,
22939022,46644,46644,1795140885816258846,2024-05-27,NEG,ironic,
22939023,46645,46645,1795140883358089457,2024-05-27,NEG,not ironic,
22939024,46646,46646,1795140883043479603,2024-05-27,NEU,not ironic,
22939025,46647,46647,1795140882838024353,2024-05-27,POS,not ironic,
22939026,46648,46648,1795140882284298731,2024-05-27,NEU,ironic,
22939027,46649,46649,1795140881344758146,2024-05-27,NEU,not ironic,
22939028,46650,46650,1795140880694735176,2024-05-27,NEG,not ironic,
22939029,46651,46651,1795140880136798254,2024-05-27,NEG,not ironic,
22939030,46652,46652,1795140878677217321,2024-05-27,NEU,not ironic,
22939031,46653,46653,1795140878291386485,2024-05-27,POS,not ironic,
22939032,46654,46654,1795140877712523774,2024-05-27,NEG,not ironic,
22939033,46655,46655,1795140877024677925,2024-05-27,NEU,ironic,
22939034,46656,46656,1795140876672381221,2024-05-27,NEU,ironic,
22939035,46657,46657,1795140874805838329,2024-05-27,NEG,not ironic,
22939036,46658,46658,1795140874566816081,2024-05-27,NEU,not ironic,
22939037,46659,46659,1795140872536731990,2024-05-27,POS,not ironic,
22939038,46660,46660,1795140871060337026,2024-05-27,NEG,not ironic,
22939039,46661,46661,1795140870917836810,2024-05-27,NEG,not ironic,
22939040,46662,46662,1795140870867460342,2024-05-27,NEG,ironic,
22939041,46663,46663,1795140870565454005,2024-05-27,NEG,ironic,
22939042,46664,46664,1795140869353251203,2024-05-27,NEG,not ironic,
22939043,46665,46665,1795140867549745425,2024-05-27,NEG,not ironic,
22939044,46666,46666,1795140867281330332,2024-05-27,NEG,not ironic,
22939045,46667,46667,1795140866706649388,2024-05-27,NEU,not ironic,
22939046,46668,46668,1795140865821704497,2024-05-27,POS,ironic,
22939047,46669,46669,1795140865331015893,2024-05-27,NEG,not ironic,
22939048,46670,46670,1795140863187644743,2024-05-27,NEU,ironic,
22939049,46671,46671,1795140862764105994,2024-05-27,NEG,ironic,
22939050,46672,46672,1795140862319489139,2024-05-27,NEU,ironic,
22939051,46673,46673,1795140862281687193,2024-05-27,NEU,ironic,
22939052,46674,46674,1795140861073784902,2024-05-27,NEG,not ironic,
22939053,46675,46675,1795140860763570555,2024-05-27,NEU,ironic,
22939054,46676,46676,1795140859572207830,2024-05-27,NEG,ironic,
22939055,46677,46677,1795140855088451682,2024-05-27,POS,not ironic,
22939056,46678,46678,1795140854975275432,2024-05-27,NEU,not ironic,
22939057,46679,46679,1795140854975238302,2024-05-27,NEG,ironic,
22939058,46680,46680,1795140854677635493,2024-05-27,NEG,ironic,
22939059,46681,46681,1795140854413189169,2024-05-27,POS,not ironic,
22939060,46682,46682,1795140853733712307,2024-05-27,NEG,ironic,
22939061,46683,46683,1795140853075173387,2024-05-27,NEU,ironic,
22939062,46684,46684,1795140851938549842,2024-05-27,NEU,not ironic,
22939063,46685,46685,1795140850277654532,2024-05-27,NEU,not ironic,
22939064,46686,46686,1795140850126815323,2024-05-27,NEU,ironic,
22939065,46687,46687,1795140849157775744,2024-05-27,NEU,not ironic,
22939066,46688,46688,1795140848516006041,2024-05-27,NEU,not ironic,
22939067,46689,46689,1795140848079737222,2024-05-27,NEU,not ironic,
22939068,46690,46690,1795140847530356905,2024-05-27,NEG,not ironic,
22939069,46691,46691,1795140845290537084,2024-05-27,NEG,ironic,
22939070,46692,46692,1795140844959277475,2024-05-27,NEG,not ironic,
22939071,46693,46693,1795140844107780228,2024-05-27,NEG,not ironic,
22939072,46694,46694,1795140843533226342,2024-05-27,NEG,not ironic,
22939073,46695,46695,1795140843466113180,2024-05-27,NEG,ironic,
22939074,46696,46696,1795140842987893147,2024-05-27,POS,ironic,
22939075,46697,46697,1795140842975297829,2024-05-27,NEG,not ironic,
22939076,46698,46698,1795140842774053319,2024-05-27,NEG,ironic,
22939077,46699,46699,1795140842711052709,2024-05-27,POS,not ironic,
22939078,46700,46700,1795140842031562805,2024-05-27,NEU,not ironic,
22939079,46701,46701,1795140840756588659,2024-05-27,NEG,ironic,
22939080,46702,46702,1795140840693571759,2024-05-27,NEU,not ironic,
22939081,46703,46703,1795140840685269262,2024-05-27,NEG,ironic,
22939082,46704,46704,1795140839842382023,2024-05-27,NEU,not ironic,
22939083,46705,46705,1795140839670198506,2024-05-27,POS,ironic,
22939084,46706,46706,1795140837782720951,2024-05-27,NEG,not ironic,
22939085,46707,46707,1795140836797092182,2024-05-27,NEG,ironic,
22939086,46708,46708,1795140836310585784,2024-05-27,NEG,ironic,
22939087,46709,46709,1795140834196680820,2024-05-27,NEG,ironic,
22939088,46710,46710,1795140833852666076,2024-05-27,NEU,not ironic,
22939089,46711,46711,1795140833512988715,2024-05-27,NEG,ironic,
22939090,46712,46712,1795140832816693325,2024-05-27,NEU,not ironic,
22939091,46713,46713,1795140832112017776,2024-05-27,NEU,not ironic,
22939092,46714,46714,1795140831310987708,2024-05-27,NEG,ironic,
22939093,46715,46715,1795140831055057402,2024-05-27,NEG,not ironic,
22939094,46716,46716,1795140830895763573,2024-05-27,NEU,ironic,
22939095,46717,46717,1795140830723748328,2024-05-27,NEG,ironic,
22939096,46718,46718,1795140830593761670,2024-05-27,NEG,ironic,
22939097,46719,46719,1795140830283313557,2024-05-27,NEU,not ironic,
22939098,46720,46720,1795140829524226092,2024-05-27,NEG,not ironic,
22939099,46721,46721,1795140829373198639,2024-05-27,NEU,not ironic,
22939100,46722,46722,1795140828362424411,2024-05-27,NEG,ironic,
22939101,46723,46723,1795140826751799388,2024-05-27,NEU,ironic,
22939102,46724,46724,1795140824914620508,2024-05-27,NEG,ironic,
22939103,46725,46725,1795140824910418375,2024-05-27,NEG,not ironic,
22939104,46726,46726,1795140824411537438,2024-05-27,NEU,not ironic,
22939105,46727,46727,1795140823929028689,2024-05-27,NEU,not ironic,
22939106,46728,46728,1795140823845150889,2024-05-27,NEG,not ironic,
22939107,46729,46729,1795140823618609528,2024-05-27,NEG,not ironic,
22939108,46730,46730,1795140823316680963,2024-05-27,NEG,not ironic,
22939109,46731,46731,1795140823161393199,2024-05-27,NEG,not ironic,
22939110,46732,46732,1795140822301565256,2024-05-27,NEU,not ironic,
22939111,46733,46733,1795140821550850426,2024-05-27,POS,ironic,
22939112,46734,46734,1795140821487874133,2024-05-27,NEU,not ironic,
22939113,46735,46735,1795140821072707666,2024-05-27,NEU,not ironic,
22939114,46736,46736,1795140819038417246,2024-05-27,NEG,not ironic,
22939115,46737,46737,1795140818614816865,2024-05-27,NEG,ironic,
22939116,46738,46738,1795140818241495498,2024-05-27,NEU,ironic,
22939117,46739,46739,1795140817322922100,2024-05-27,NEG,ironic,
22939118,46740,46740,1795140817092268251,2024-05-27,NEG,not ironic,
22939119,46741,46741,1795140816731525264,2024-05-27,NEG,not ironic,
22939120,46742,46742,1795140815854940418,2024-05-27,POS,ironic,
22939121,46743,46743,1795140815246791162,2024-05-27,NEG,ironic,
22939122,46744,46744,1795140814693089478,2024-05-27,NEU,not ironic,
22939123,46745,46745,1795140813720109530,2024-05-27,NEG,not ironic,
22939124,46746,46746,1795140813678125204,2024-05-27,NEG,not ironic,
22939125,46747,46747,1795140813141209514,2024-05-27,NEG,ironic,
22939126,46748,46748,1795140812197519484,2024-05-27,NEG,not ironic,
22939127,46749,46749,1795140811455127990,2024-05-27,POS,ironic,
22939128,46750,46750,1795140811308343462,2024-05-27,NEG,not ironic,
22939129,46751,46751,1795140811203441089,2024-05-27,NEU,not ironic,
22939130,46752,46752,1795140811098599516,2024-05-27,NEG,not ironic,
22939131,46753,46753,1795140811060883617,2024-05-27,NEG,not ironic,
22939132,46754,46754,1795140810230436235,2024-05-27,NEG,not ironic,
22939133,46755,46755,1795140809085391326,2024-05-27,NEG,not ironic,
22939134,46756,46756,1795140809035001960,2024-05-27,NEU,not ironic,
22939135,46757,46757,1795140808519319830,2024-05-27,NEU,not ironic,
22939136,46758,46758,1795140808368148578,2024-05-27,NEG,ironic,
22939137,46759,46759,1795140805650252264,2024-05-27,NEU,not ironic,
22939138,46760,46760,1795140805545382296,2024-05-27,NEU,not ironic,
22939139,46761,46761,1795140804970787179,2024-05-27,NEU,ironic,
22939140,46762,46762,1795140804064797122,2024-05-27,NEG,not ironic,
22939141,46763,46763,1795140803804729576,2024-05-27,NEU,not ironic,
22939142,46764,46764,1795140803699859595,2024-05-27,NEG,not ironic,
22939143,46765,46765,1795140803691487358,2024-05-27,NEG,not ironic,
22939144,46766,46766,1795140803473346574,2024-05-27,NEG,ironic,
22939145,46767,46767,1795140803142078628,2024-05-27,NEG,ironic,
22939146,46768,46768,1795140802991006007,2024-05-27,NEG,not ironic,
22939147,46769,46769,1795140801271370150,2024-05-27,NEG,not ironic,
22939148,46770,46770,1795140800705163482,2024-05-27,NEG,ironic,
22939149,46771,46771,1795140799921074467,2024-05-27,NEG,not ironic,
22939150,46772,46772,1795140796653633862,2024-05-27,POS,not ironic,
22939151,46773,46773,1795140796213059741,2024-05-27,NEG,ironic,
22939152,46774,46774,1795140796074643598,2024-05-27,NEU,ironic,
22939153,46775,46775,1795140792849228014,2024-05-27,NEG,not ironic,
22939154,46776,46776,1795140792601702422,2024-05-27,NEU,ironic,
22939155,46777,46777,1795140792538829269,2024-05-27,NEG,ironic,
22939156,46778,46778,1795140788856279337,2024-05-27,NEG,not ironic,
22939157,46779,46779,1795140788843655560,2024-05-27,NEU,not ironic,
22939158,46780,46780,1795140787518231013,2024-05-27,NEU,not ironic,
22939159,46781,46781,1795140786519994518,2024-05-27,NEU,not ironic,
22939160,46782,46782,1795140784024416343,2024-05-27,NEG,ironic,
22939161,46783,46783,1795140783986577858,2024-05-27,NEG,not ironic,
22939162,46784,46784,1795140783579812128,2024-05-27,NEU,not ironic,
22939163,46785,46785,1795140782493458832,2024-05-27,NEU,not ironic,
22939164,46786,46786,1795140781407125818,2024-05-27,NEU,not ironic,
22939165,46787,46787,1795140780819931500,2024-05-27,NEG,ironic,
22939166,46788,46788,1795140780127895981,2024-05-27,NEU,not ironic,
22939167,46789,46789,1795140779377148265,2024-05-27,NEG,ironic,
22939168,46790,46790,1795140778487943539,2024-05-27,NEG,ironic,
22939169,46791,46791,1795140777103831306,2024-05-27,NEG,not ironic,
22939170,46792,46792,1795140776562696367,2024-05-27,NEG,not ironic,
22939171,46793,46793,1795140773362512142,2024-05-27,NEG,not ironic,
22939172,46794,46794,1795140772670456278,2024-05-27,NEU,not ironic,
22939173,46795,46795,1795140772536123695,2024-05-27,NEU,ironic,
22939174,46796,46796,1795140772267790795,2024-05-27,POS,not ironic,
22939175,46797,46797,1795140771743432827,2024-05-27,NEU,not ironic,
22939176,46798,46798,1795140771474985389,2024-05-27,NEG,ironic,
22939177,46799,46799,1795140771403661649,2024-05-27,NEG,ironic,
22939178,46800,46800,1795140771240116698,2024-05-27,NEG,not ironic,
22939179,46801,46801,1795140770665496894,2024-05-27,NEG,ironic,
22939180,46802,46802,1795140769734660286,2024-05-27,NEG,not ironic,
22939181,46803,46803,1795140767981203676,2024-05-27,NEU,not ironic,
22939182,46804,46804,1795140767700181430,2024-05-27,NEU,not ironic,
22939183,46805,46805,1795140766177583451,2024-05-27,NEG,not ironic,
22939184,46806,46806,1795140765183771054,2024-05-27,NEG,ironic,
22939185,46807,46807,1795140765145850214,2024-05-27,POS,not ironic,
22939186,46808,46808,1795140764181070093,2024-05-27,NEU,not ironic,
22939187,46809,46809,1795140762486833406,2024-05-27,NEG,not ironic,
22939188,46810,46810,1795140762398507274,2024-05-27,NEU,ironic,
22939189,46811,46811,1795140761727451298,2024-05-27,NEG,ironic,
22939190,46812,46812,1795140761379303518,2024-05-27,NEG,ironic,
22939191,46813,46813,1795140761320620484,2024-05-27,NEU,not ironic,
22939192,46814,46814,1795140761039569205,2024-05-27,NEG,ironic,
22939193,46815,46815,1795140760636973469,2024-05-27,NEU,not ironic,
22939194,46816,46816,1795140760251117709,2024-05-27,NEG,not ironic,
22939195,46817,46817,1795140759106023495,2024-05-27,NEU,not ironic,
22939196,46818,46818,1795140758548381802,2024-05-27,NEU,not ironic,
22939197,46819,46819,1795140758548132124,2024-05-27,NEU,ironic,
22939198,46820,46820,1795140757818409107,2024-05-27,NEU,not ironic,
22939199,46821,46821,1795140757193376192,2024-05-27,NEU,ironic,
22939200,46822,46822,1795140756958515376,2024-05-27,NEG,not ironic,
22939201,46823,46823,1795140756295786818,2024-05-27,NEU,ironic,
22939202,46824,46824,1795140755813552397,2024-05-27,NEU,not ironic,
22939203,46825,46825,1795140753808556455,2024-05-27,NEG,ironic,
22939204,46826,46826,1795140752428650560,2024-05-27,NEU,not ironic,
22939205,46827,46827,1795140751162212382,2024-05-27,NEG,not ironic,
22939206,46828,46828,1795140749991829620,2024-05-27,NEG,ironic,
22939207,46829,46829,1795140749236871219,2024-05-27,NEG,not ironic,
22939208,46830,46830,1795140748834127883,2024-05-27,NEG,ironic,
22939209,46831,46831,1795140747949138220,2024-05-27,POS,ironic,
22939210,46832,46832,1795140747366408569,2024-05-27,NEU,ironic,
22939211,46833,46833,1795140746191765515,2024-05-27,NEG,ironic,
22939212,46834,46834,1795140745994592341,2024-05-27,NEU,ironic,
22939213,46835,46835,1795140744564392119,2024-05-27,NEU,not ironic,
22939214,46836,46836,1795140743897473429,2024-05-27,NEU,not ironic,
22939215,46837,46837,1795140743276720360,2024-05-27,NEU,not ironic,
22939216,46838,46838,1795140742903468491,2024-05-27,NEU,ironic,
22939217,46839,46839,1795140742765011107,2024-05-27,NEU,not ironic,
22939218,46840,46840,1795140742534332781,2024-05-27,NEG,ironic,
22939219,46841,46841,1795140740705812725,2024-05-27,NEU,not ironic,
22939220,46842,46842,1795140738440667356,2024-05-27,POS,not ironic,
22939221,46843,46843,1795140737786392836,2024-05-27,NEG,ironic,
22939222,46844,46844,1795140737211715890,2024-05-27,NEG,ironic,
22939223,46845,46845,1795140735479472599,2024-05-27,NEU,not ironic,
22939224,46846,46846,1795140734544138431,2024-05-27,NEG,ironic,
22939225,46847,46847,1795140733273264236,2024-05-27,NEG,not ironic,
22939226,46848,46848,1795140732262502401,2024-05-27,NEU,not ironic,
22939227,46849,46849,1795140732233129992,2024-05-27,NEU,not ironic,
22939228,46850,46850,1795140728978333892,2024-05-27,NEG,not ironic,
22939229,46851,46851,1795140728680501626,2024-05-27,POS,ironic,
22939230,46852,46852,1795140727833264349,2024-05-27,NEG,not ironic,
22939231,46853,46853,1795140725606150489,2024-05-27,NEU,ironic,
22939232,46854,46854,1795140725534814476,2024-05-27,NEG,not ironic,
22939233,46855,46855,1795140723072774350,2024-05-27,NEG,not ironic,
22939234,46856,46856,1795140722745659583,2024-05-27,NEG,ironic,
22939235,46857,46857,1795140722347344217,2024-05-27,NEG,ironic,
22939236,46858,46858,1795140722280018100,2024-05-27,NEG,not ironic,
22939237,46859,46859,1795140722070364344,2024-05-27,NEU,ironic,
22939238,46860,46860,1795140721243996193,2024-05-27,NEU,not ironic,
22939239,46861,46861,1795140720925266348,2024-05-27,NEG,ironic,
22939240,46862,46862,1795140719591469422,2024-05-27,POS,ironic,
22939241,46863,46863,1795140718400348506,2024-05-27,NEG,not ironic,
22939242,46864,46864,1795140718387748943,2024-05-27,NEU,not ironic,
22939243,46865,46865,1795140717896974571,2024-05-27,POS,not ironic,
22939244,46866,46866,1795140713786515778,2024-05-27,NEG,not ironic,
22939245,46867,46867,1795140713606152673,2024-05-27,NEG,ironic,
22939246,46868,46868,1795140713392300189,2024-05-27,NEG,not ironic,
22939247,46869,46869,1795140713379774594,2024-05-27,NEG,not ironic,
22939248,46870,46870,1795140711374786906,2024-05-27,NEU,not ironic,
22939249,46871,46871,1795140709785162172,2024-05-27,NEG,ironic,
22939250,46872,46872,1795140709764206655,2024-05-27,NEU,not ironic,
22939251,46873,46873,1795140709026234414,2024-05-27,NEG,not ironic,
22939252,46874,46874,1795140708489146438,2024-05-27,NEG,not ironic,
22939253,46875,46875,1795140707868402157,2024-05-27,NEG,not ironic,
22939254,46876,46876,1795140707839033790,2024-05-27,POS,ironic,
22939255,46877,46877,1795140707432198372,2024-05-27,NEU,not ironic,
22939256,46878,46878,1795140706748493878,2024-05-27,NEG,not ironic,
22939257,46879,46879,1795140706413183488,2024-05-27,NEU,not ironic,
22939258,46880,46880,1795140705561592203,2024-05-27,NEG,not ironic,
22939259,46881,46881,1795140704160661669,2024-05-27,NEU,not ironic,
22939260,46882,46882,1795140703728685332,2024-05-27,NEU,not ironic,
22939261,46883,46883,1795140701719515640,2024-05-27,NEG,ironic,
22939262,46884,46884,1795140700851392543,2024-05-27,NEG,not ironic,
22939263,46885,46885,1795140698942955830,2024-05-27,NEG,not ironic,
22939264,46886,46886,1795140696002666544,2024-05-27,NEU,not ironic,
22939265,46887,46887,1795140694278869320,2024-05-27,NEU,not ironic,
22939266,46888,46888,1795140693519688052,2024-05-27,NEG,not ironic,
22939267,46889,46889,1795140691405738383,2024-05-27,NEU,ironic,
22939268,46890,46890,1795140690961137781,2024-05-27,NEG,ironic,
22939269,46891,46891,1795140690420084960,2024-05-27,NEU,ironic,
22939270,46892,46892,1795140690038382633,2024-05-27,NEU,not ironic,
22939271,46893,46893,1795140689254085111,2024-05-27,NEG,ironic,
22939272,46894,46894,1795140688725631239,2024-05-27,NEG,not ironic,
22939273,46895,46895,1795140688473907664,2024-05-27,NEG,not ironic,
22939274,46896,46896,1795140688104857985,2024-05-27,NEG,not ironic,
22939275,46897,46897,1795140686242525628,2024-05-27,NEU,ironic,
22939276,46898,46898,1795140684917187042,2024-05-27,NEG,ironic,
22939277,46899,46899,1795140684153774183,2024-05-27,NEG,not ironic,
22939278,46900,46900,1795140683717644574,2024-05-27,NEG,not ironic,
22939279,46901,46901,1795140682920722866,2024-05-27,NEG,ironic,
22939280,46902,46902,1795140682396426438,2024-05-27,NEU,not ironic,
22939281,46903,46903,1795140681108721767,2024-05-27,NEG,not ironic,
22939282,46904,46904,1795140679246422108,2024-05-27,NEG,not ironic,
22939283,46905,46905,1795140678072062096,2024-05-27,NEG,not ironic,
22939284,46906,46906,1795140676398490086,2024-05-27,NEG,ironic,
22939285,46907,46907,1795140675391939050,2024-05-27,POS,not ironic,
22939286,46908,46908,1795140674515279968,2024-05-27,NEG,ironic,
22939287,46909,46909,1795140674301395327,2024-05-27,NEU,ironic,
22939288,46910,46910,1795140672934014990,2024-05-27,POS,not ironic,
22939289,46911,46911,1795140672615317649,2024-05-27,NEG,ironic,
22939290,46912,46912,1795140671222710536,2024-05-27,NEG,ironic,
22939291,46913,46913,1795140670190960981,2024-05-27,NEG,ironic,
22939292,46914,46914,1795140667384946939,2024-05-27,NEG,not ironic,
22939293,46915,46915,1795140666340581845,2024-05-27,NEG,ironic,
22939294,46916,46916,1795140665807880472,2024-05-27,NEG,ironic,
22939295,46917,46917,1795140664360841616,2024-05-27,NEG,ironic,
22939296,46918,46918,1795140664180535646,2024-05-27,POS,ironic,
22939297,46919,46919,1795140664167924083,2024-05-27,NEU,not ironic,
22939298,46920,46920,1795140663970836921,2024-05-27,NEU,not ironic,
22939299,46921,46921,1795140662553186543,2024-05-27,NEG,ironic,
22939300,46922,46922,1795140661055812052,2024-05-27,NEG,ironic,
22939301,46923,46923,1795140660883775816,2024-05-27,NEG,not ironic,
22939302,46924,46924,1795140660560822315,2024-05-27,NEG,ironic,
22939303,46925,46925,1795140660514697348,2024-05-27,NEG,ironic,
22939304,46926,46926,1795140660489572408,2024-05-27,NEG,ironic,
22939305,46927,46927,1795140660485337134,2024-05-27,NEG,ironic,
22939306,46928,46928,1795140660468826248,2024-05-27,NEG,ironic,
22939307,46929,46929,1795140660464583097,2024-05-27,NEG,ironic,
22939308,46930,46930,1795140660464370072,2024-05-27,NEG,ironic,
22939309,46931,46931,1795140659726180453,2024-05-27,NEU,ironic,
22939310,46932,46932,1795140657570341088,2024-05-27,NEU,ironic,
22939311,46933,46933,1795140657389904065,2024-05-27,NEU,not ironic,
22939312,46934,46934,1795140656869912757,2024-05-27,NEG,ironic,
22939313,46935,46935,1795140656471420985,2024-05-27,NEG,not ironic,
22939314,46936,46936,1795140656202944794,2024-05-27,NEG,not ironic,
22939315,46937,46937,1795140655246868901,2024-05-27,NEG,not ironic,
22939316,46938,46938,1795140654877561182,2024-05-27,NEG,not ironic,
22939317,46939,46939,1795140653136974157,2024-05-27,NEG,ironic,
22939318,46940,46940,1795140652868464802,2024-05-27,NEG,not ironic,
22939319,46941,46941,1795140651522097204,2024-05-27,NEU,ironic,
22939320,46942,46942,1795140650406404103,2024-05-27,NEG,not ironic,
22939321,46943,46943,1795140646879039529,2024-05-27,NEG,not ironic,
22939322,46944,46944,1795140646598050244,2024-05-27,NEG,not ironic,
22939323,46945,46945,1795140646170222794,2024-05-27,NEG,not ironic,
22939324,46946,46946,1795140645331362293,2024-05-27,NEG,ironic,
22939325,46947,46947,1795140642814709845,2024-05-27,NEG,ironic,
22939326,46948,46948,1795140642286469519,2024-05-27,NEG,ironic,
22939327,46949,46949,1795140641002860709,2024-05-27,NEG,ironic,
22939328,46950,46950,1795140640617206217,2024-05-27,NEU,not ironic,
22939329,46951,46951,1795140636603003003,2024-05-27,NEG,not ironic,
22939330,46952,46952,1795140636552671421,2024-05-27,NEG,not ironic,
22939331,46953,46953,1795140636531675642,2024-05-27,NEG,not ironic,
22939332,46954,46954,1795140634644242479,2024-05-27,NEU,ironic,
22939333,46955,46955,1795140634635813052,2024-05-27,NEU,ironic,
22939334,46956,46956,1795140632467444051,2024-05-27,NEU,not ironic,
22939335,46957,46957,1795140630131224673,2024-05-27,NEU,not ironic,
22939336,46958,46958,1795140629632028680,2024-05-27,NEU,not ironic,
22939337,46959,46959,1795140629439054323,2024-05-27,POS,not ironic,
22939338,46960,46960,1795140629405540706,2024-05-27,NEG,not ironic,
22939339,46961,46961,1795140629388820916,2024-05-27,NEG,ironic,
22939340,46962,46962,1795140628809945485,2024-05-27,NEU,not ironic,
22939341,46963,46963,1795140628466012452,2024-05-27,NEG,ironic,
22939342,46964,46964,1795140627992031343,2024-05-27,NEG,ironic,
22939343,46965,46965,1795140627576799734,2024-05-27,NEG,not ironic,
22939344,46966,46966,1795140626981310750,2024-05-27,NEG,not ironic,
22939345,46967,46967,1795140625668444427,2024-05-27,NEU,not ironic,
22939346,46968,46968,1795140625278419135,2024-05-27,NEU,not ironic,
22939347,46969,46969,1795140624938643546,2024-05-27,NEG,ironic,
22939348,46970,46970,1795140624787624154,2024-05-27,NEG,ironic,
22939349,46971,46971,1795140624305336379,2024-05-27,NEG,not ironic,
22939350,46972,46972,1795140623122485438,2024-05-27,NEU,not ironic,
22939351,46973,46973,1795140622237479000,2024-05-27,NEG,not ironic,
22939352,46974,46974,1795140622182907950,2024-05-27,NEU,ironic,
22939353,46975,46975,1795140621209870574,2024-05-27,NEU,not ironic,
22939354,46976,46976,1795140619528015886,2024-05-27,NEG,not ironic,
22939355,46977,46977,1795140618584265069,2024-05-27,NEG,not ironic,
22939356,46978,46978,1795140618458472821,2024-05-27,POS,not ironic,
22939357,46979,46979,1795140618273861649,2024-05-27,NEU,not ironic,
22939358,46980,46980,1795140617942520306,2024-05-27,NEG,not ironic,
22939359,46981,46981,1795140617023914159,2024-05-27,NEG,ironic,
22939360,46982,46982,1795140616776470739,2024-05-27,NEG,not ironic,
22939361,46983,46983,1795140616130572367,2024-05-27,NEG,not ironic,
22939362,46984,46984,1795140615765651655,2024-05-27,NEG,ironic,
22939363,46985,46985,1795140615035900179,2024-05-27,NEU,ironic,
22939364,46986,46986,1795140614750679412,2024-05-27,POS,ironic,
22939365,46987,46987,1795140614712868872,2024-05-27,POS,not ironic,
22939366,46988,46988,1795140614440259669,2024-05-27,NEG,not ironic,
22939367,46989,46989,1795140613848895731,2024-05-27,NEG,ironic,
22939368,46990,46990,1795140613035147281,2024-05-27,NEG,not ironic,
22939369,46991,46991,1795140612074709313,2024-05-27,NEU,not ironic,
22939370,46992,46992,1795140611156185590,2024-05-27,NEG,not ironic,
22939371,46993,46993,1795140610942222827,2024-05-27,NEG,not ironic,
22939372,46994,46994,1795140610338251157,2024-05-27,NEG,not ironic,
22939373,46995,46995,1795140608933126544,2024-05-27,POS,not ironic,
22939374,46996,46996,1795140608790606023,2024-05-27,POS,not ironic,
22939375,46997,46997,1795140607502884951,2024-05-27,NEG,ironic,
22939376,46998,46998,1795140605657383259,2024-05-27,POS,ironic,
22939377,46999,46999,1795140605405765833,2024-05-27,NEG,ironic,
22939378,47000,47000,1795140605313483043,2024-05-27,NEG,not ironic,
22939379,47001,47001,1795140604822790470,2024-05-27,NEG,ironic,
22939380,47002,47002,1795140603686043853,2024-05-27,NEG,not ironic,
22939381,47003,47003,1795140602264166578,2024-05-27,NEG,not ironic,
22939382,47004,47004,1795140601190416809,2024-05-27,NEG,ironic,
22939383,47005,47005,1795140601140346894,2024-05-27,NEG,ironic,
22939384,47006,47006,1795140600045379929,2024-05-27,NEG,not ironic,
22939385,47007,47007,1795140599810507157,2024-05-27,POS,ironic,
22939386,47008,47008,1795140599441396010,2024-05-27,NEU,ironic,
22939387,47009,47009,1795140596383817749,2024-05-27,NEG,not ironic,
22939388,47010,47010,1795140595578699870,2024-05-27,POS,not ironic,
22939389,47011,47011,1795140593770709038,2024-05-27,NEU,not ironic,
22939390,47012,47012,1795140593451962387,2024-05-27,NEG,not ironic,
22939391,47013,47013,1795140593007350003,2024-05-27,NEG,not ironic,
22939392,47014,47014,1795140592348897579,2024-05-27,NEU,ironic,
22939393,47015,47015,1795140591866573053,2024-05-27,NEG,not ironic,
22939394,47016,47016,1795140591723888776,2024-05-27,NEU,not ironic,
22939395,47017,47017,1795140591661031837,2024-05-27,NEG,not ironic,
22939396,47018,47018,1795140591455482265,2024-05-27,NEU,ironic,
22939397,47019,47019,1795140590465642576,2024-05-27,NEG,ironic,
22939398,47020,47020,1795140590373568970,2024-05-27,NEG,not ironic,
22939399,47021,47021,1795140590113276329,2024-05-27,NEG,not ironic,
22939400,47022,47022,1795140589744161054,2024-05-27,NEU,ironic,
22939401,47023,47023,1795140587303096502,2024-05-27,NEG,not ironic,
22939402,47024,47024,1795140587110244489,2024-05-27,NEG,not ironic,
22939403,47025,47025,1795140585843499240,2024-05-27,POS,not ironic,
22939404,47026,47026,1795140585440829545,2024-05-27,NEG,ironic,
22939405,47027,47027,1795140585193443642,2024-05-27,NEU,not ironic,
22939406,47028,47028,1795140584446754850,2024-05-27,NEG,ironic,
22939407,47029,47029,1795140584178381182,2024-05-27,NEG,not ironic,
22939408,47030,47030,1795140583989575700,2024-05-27,NEU,ironic,
22939409,47031,47031,1795140583150796888,2024-05-27,NEG,ironic,
22939410,47032,47032,1795140581083185638,2024-05-27,NEU,not ironic,
22939411,47033,47033,1795140580885840370,2024-05-27,NEG,not ironic,
22939412,47034,47034,1795140580126642232,2024-05-27,NEG,ironic,
22939413,47035,47035,1795140579661066357,2024-05-27,POS,not ironic,
22939414,47036,47036,1795140579648524696,2024-05-27,POS,not ironic,
22939415,47037,47037,1795140577996030354,2024-05-27,POS,ironic,
22939416,47038,47038,1795140577899565221,2024-05-27,POS,not ironic,
22939417,47039,47039,1795140576393699736,2024-05-27,POS,not ironic,
22939418,47040,47040,1795140576280715314,2024-05-27,POS,not ironic,
22939419,47041,47041,1795140576272105700,2024-05-27,NEU,not ironic,
22939420,47042,47042,1795140575416516980,2024-05-27,NEU,ironic,
22939421,47043,47043,1795140575219368353,2024-05-27,NEG,not ironic,
22939422,47044,47044,1795140574212767997,2024-05-27,NEG,not ironic,
22939423,47045,47045,1795140574204342763,2024-05-27,POS,not ironic,
22939424,47046,47046,1795140573638033715,2024-05-27,NEU,not ironic,
22939425,47047,47047,1795140570505007363,2024-05-27,NEU,not ironic,
22939426,47048,47048,1795140569347293450,2024-05-27,NEU,not ironic,
22939427,47049,47049,1795140568802050236,2024-05-27,NEU,not ironic,
22939428,47050,47050,1795140568135217171,2024-05-27,NEU,not ironic,
22939429,47051,47051,1795140567795400932,2024-05-27,NEG,not ironic,
22939430,47052,47052,1795140567438901610,2024-05-27,POS,ironic,
22939431,47053,47053,1795140567224979745,2024-05-27,NEG,not ironic,
22939432,47054,47054,1795140567069843512,2024-05-27,NEG,ironic,
22939433,47055,47055,1795140566457458727,2024-05-27,NEU,not ironic,
22939434,47056,47056,1795140565132005581,2024-05-27,POS,ironic,
22939435,47057,47057,1795140563638919331,2024-05-27,NEG,not ironic,
22939436,47058,47058,1795140563383054680,2024-05-27,NEU,not ironic,
22939437,47059,47059,1795140561449422878,2024-05-27,NEU,not ironic,
22939438,47060,47060,1795140560354783464,2024-05-27,NEU,not ironic,
22939439,47061,47061,1795140559310307838,2024-05-27,NEG,not ironic,
22939440,47062,47062,1795140556957348137,2024-05-27,NEU,not ironic,
22939441,47063,47063,1795140556953436400,2024-05-27,NEU,not ironic,
22939442,47064,47064,1795140556433055750,2024-05-27,NEG,ironic,
22939443,47065,47065,1795140556257100275,2024-05-27,NEG,not ironic,
22939444,47066,47066,1795140554810171454,2024-05-27,NEG,not ironic,
22939445,47067,47067,1795140554436579457,2024-05-27,NEG,not ironic,
22939446,47068,47068,1795140554272936170,2024-05-27,NEG,not ironic,
22939447,47069,47069,1795140552142487777,2024-05-27,NEG,ironic,
22939448,47070,47070,1795140549487313112,2024-05-27,NEG,ironic,
22939449,47071,47071,1795140548803661973,2024-05-27,NEG,not ironic,
22939450,47072,47072,1795140548644270117,2024-05-27,NEU,ironic,
22939451,47073,47073,1795140548103192592,2024-05-27,NEG,ironic,
22939452,47074,47074,1795140548086444385,2024-05-27,NEG,ironic,
22939453,47075,47075,1795140546366742553,2024-05-27,NEG,not ironic,
22939454,47076,47076,1795140545750126794,2024-05-27,POS,not ironic,
22939455,47077,47077,1795140545657942421,2024-05-27,NEG,not ironic,
22939456,47078,47078,1795140545112576498,2024-05-27,NEG,ironic,
22939457,47079,47079,1795140544709935591,2024-05-27,NEG,not ironic,
22939458,47080,47080,1795140543233606000,2024-05-27,NEG,ironic,
22939459,47081,47081,1795140542277333231,2024-05-27,POS,ironic,
22939460,47082,47082,1795140542004699526,2024-05-27,NEG,not ironic,
22939461,47083,47083,1795140541945958521,2024-05-27,NEG,not ironic,
22939462,47084,47084,1795140541924909135,2024-05-27,NEU,ironic,
22939463,47085,47085,1795140541698433324,2024-05-27,NEG,not ironic,
22939464,47086,47086,1795140541409096041,2024-05-27,NEG,not ironic,
22939465,47087,47087,1795140538594623764,2024-05-27,NEU,not ironic,
22939466,47088,47088,1795140537764216958,2024-05-27,NEG,not ironic,
22939467,47089,47089,1795140536170418661,2024-05-27,NEG,ironic,
22939468,47090,47090,1795140535864213964,2024-05-27,NEU,not ironic,
22939469,47091,47091,1795140534903718085,2024-05-27,NEU,ironic,
22939470,47092,47092,1795140533825786229,2024-05-27,NEG,ironic,
22939471,47093,47093,1795140533716689305,2024-05-27,NEG,ironic,
22939472,47094,47094,1795140532785578049,2024-05-27,NEU,ironic,
22939473,47095,47095,1795140531992793227,2024-05-27,NEU,not ironic,
22939474,47096,47096,1795140531892224469,2024-05-27,NEG,ironic,
22939475,47097,47097,1795140530466078852,2024-05-27,NEU,not ironic,
22939476,47098,47098,1795140529165836714,2024-05-27,NEG,not ironic,
22939477,47099,47099,1795140528658395501,2024-05-27,NEG,ironic,
22939478,47100,47100,1795140527723049378,2024-05-27,NEG,not ironic,
22939479,47101,47101,1795140527660179951,2024-05-27,NEG,not ironic,
22939480,47102,47102,1795140527395876961,2024-05-27,NEG,ironic,
22939481,47103,47103,1795140525533618288,2024-05-27,NEG,not ironic,
22939482,47104,47104,1795140525516877887,2024-05-27,POS,not ironic,
22939483,47105,47105,1795140525198077973,2024-05-27,NEU,not ironic,
22939484,47106,47106,1795140524392972305,2024-05-27,NEU,ironic,
22939485,47107,47107,1795140522136285579,2024-05-27,NEG,ironic,
22939486,47108,47108,1795140522048131199,2024-05-27,NEU,not ironic,
22939487,47109,47109,1795140521217741096,2024-05-27,NEG,ironic,
22939488,47110,47110,1795140519342805198,2024-05-27,NEU,not ironic,
22939489,47111,47111,1795140518877311396,2024-05-27,NEG,not ironic,
22939490,47112,47112,1795140518520758474,2024-05-27,NEG,not ironic,
22939491,47113,47113,1795140518260900197,2024-05-27,NEU,not ironic,
22939492,47114,47114,1795140517061124550,2024-05-27,NEG,ironic,
22939493,47115,47115,1795140516645941652,2024-05-27,NEG,not ironic,
22939494,47116,47116,1795140513483366853,2024-05-27,NEG,not ironic,
22939495,47117,47117,1795140513143669215,2024-05-27,NEU,not ironic,
22939496,47118,47118,1795140510224367730,2024-05-27,POS,not ironic,
22939497,47119,47119,1795140510178218293,2024-05-27,POS,not ironic,
22939498,47120,47120,1795140509058339048,2024-05-27,NEU,not ironic,
22939499,47121,47121,1795140505652662750,2024-05-27,NEU,not ironic,
22939500,47122,47122,1795140504469868583,2024-05-27,NEU,ironic,
22939501,47123,47123,1795140504377496038,2024-05-27,POS,ironic,
22939502,47124,47124,1795140503911952711,2024-05-27,NEG,not ironic,
22939503,47125,47125,1795140503580668364,2024-05-27,POS,not ironic,
22939504,47126,47126,1795140503337402626,2024-05-27,NEU,not ironic,
22939505,47127,47127,1795140501542142085,2024-05-27,NEU,not ironic,
22939506,47128,47128,1795140501458276645,2024-05-27,NEU,not ironic,
22939507,47129,47129,1795140501290566078,2024-05-27,NEG,not ironic,
22939508,47130,47130,1795140499386355928,2024-05-27,NEG,not ironic,
22939509,47131,47131,1795140499151651243,2024-05-27,POS,not ironic,
22939510,47132,47132,1795140498971128281,2024-05-27,NEG,not ironic,
22939511,47133,47133,1795140498912432582,2024-05-27,NEG,not ironic,
22939512,47134,47134,1795140498505531578,2024-05-27,NEU,not ironic,
22939513,47135,47135,1795140496634892378,2024-05-27,NEG,ironic,
22939514,47136,47136,1795140496404119846,2024-05-27,NEG,ironic,
22939515,47137,47137,1795140496156770441,2024-05-27,NEG,not ironic,
22939516,47138,47138,1795140496098197724,2024-05-27,NEU,not ironic,
22939517,47139,47139,1795140495787565163,2024-05-27,NEU,ironic,
22939518,47140,47140,1795140492138549694,2024-05-27,NEG,not ironic,
22939519,47141,47141,1795140490163028039,2024-05-27,NEG,not ironic,
22939520,47142,47142,1795140488984502627,2024-05-27,NEU,ironic,
22939521,47143,47143,1795140488858599515,2024-05-27,NEG,not ironic,
22939522,47144,47144,1795140488799924609,2024-05-27,NEU,not ironic,
22939523,47145,47145,1795140488405582316,2024-05-27,NEU,ironic,
22939524,47146,47146,1795140487147336189,2024-05-27,NEG,not ironic,
22939525,47147,47147,1795140485691932796,2024-05-27,NEG,not ironic,
22939526,47148,47148,1795140485331210490,2024-05-27,NEG,ironic,
22939527,47149,47149,1795140484324581816,2024-05-27,NEU,not ironic,
22939528,47150,47150,1795140484186153405,2024-05-27,NEG,ironic,
22939529,47151,47151,1795140484123242563,2024-05-27,NEU,not ironic,
22939530,47152,47152,1795140483842285573,2024-05-27,NEU,ironic,
22939531,47153,47153,1795140482047049750,2024-05-27,NEG,not ironic,
22939532,47154,47154,1795140481896112327,2024-05-27,NEU,not ironic,
22939533,47155,47155,1795140481795620957,2024-05-27,NEU,ironic,
22939534,47156,47156,1795140481405395321,2024-05-27,NEG,not ironic,
22939535,47157,47157,1795140481170428194,2024-05-27,NEU,not ironic,
22939536,47158,47158,1795140480453218809,2024-05-27,NEG,ironic,
22939537,47159,47159,1795140478142124404,2024-05-27,NEG,ironic,
22939538,47160,47160,1795140477202612273,2024-05-27,NEU,not ironic,
22939539,47161,47161,1795140476762468510,2024-05-27,NEG,ironic,
22939540,47162,47162,1795140476472856669,2024-05-27,NEG,not ironic,
22939541,47163,47163,1795140476376580530,2024-05-27,NEU,ironic,
22939542,47164,47164,1795140476162453580,2024-05-27,NEU,not ironic,
22939543,47165,47165,1795140475709542527,2024-05-27,NEG,ironic,
22939544,47166,47166,1795140475579437343,2024-05-27,NEG,not ironic,
22939545,47167,47167,1795140472941285406,2024-05-27,NEG,not ironic,
22939546,47168,47168,1795140472869896514,2024-05-27,NEG,not ironic,
22939547,47169,47169,1795140468944056333,2024-05-27,NEG,ironic,
22939548,47170,47170,1795140468918931942,2024-05-27,NEU,not ironic,
22939549,47171,47171,1795140467341861133,2024-05-27,NEG,ironic,
22939550,47172,47172,1795140465991278666,2024-05-27,NEG,ironic,
22939551,47173,47173,1795140465571823646,2024-05-27,NEG,ironic,
22939552,47174,47174,1795140464670048714,2024-05-27,NEG,ironic,
22939553,47175,47175,1795140463491453292,2024-05-27,POS,not ironic,
22939554,47176,47176,1795140463214637347,2024-05-27,NEG,ironic,
22939555,47177,47177,1795140461549506750,2024-05-27,NEG,ironic,
22939556,47178,47178,1795140461411057965,2024-05-27,NEG,not ironic,
22939557,47179,47179,1795140461297848688,2024-05-27,NEG,not ironic,
22939558,47180,47180,1795140461251756402,2024-05-27,NEG,not ironic,
22939559,47181,47181,1795140461146849345,2024-05-27,NEG,ironic,
22939560,47182,47182,1795140459590820005,2024-05-27,POS,ironic,
22939561,47183,47183,1795140458886332890,2024-05-27,POS,not ironic,
22939562,47184,47184,1795140457388712011,2024-05-27,NEG,not ironic,
22939563,47185,47185,1795140456818360393,2024-05-27,NEG,ironic,
22939564,47186,47186,1795140454360457490,2024-05-27,NEG,ironic,
22939565,47187,47187,1795140453353804025,2024-05-27,NEG,not ironic,
22939566,47188,47188,1795140452955586970,2024-05-27,NEG,not ironic,
22939567,47189,47189,1795140452535984397,2024-05-27,NEU,not ironic,
22939568,47190,47190,1795140450862465165,2024-05-27,NEG,ironic,
22939569,47191,47191,1795140447163085069,2024-05-27,NEG,not ironic,
22939570,47192,47192,1795140446718427279,2024-05-27,NEG,not ironic,
22939571,47193,47193,1795140446676545662,2024-05-27,NEG,ironic,
22939572,47194,47194,1795140444805898560,2024-05-27,NEU,not ironic,
22939573,47195,47195,1795140442499031131,2024-05-27,NEG,not ironic,
22939574,47196,47196,1795140442268254435,2024-05-27,NEG,ironic,
22939575,47197,47197,1795140441685282935,2024-05-27,NEU,ironic,
22939576,47198,47198,1795140440833810895,2024-05-27,POS,not ironic,
22939577,47199,47199,1795140440796111074,2024-05-27,NEG,ironic,
22939578,47200,47200,1795140439760122352,2024-05-27,NEG,not ironic,
22939579,47201,47201,1795140438560510169,2024-05-27,NEU,not ironic,
22939580,47202,47202,1795140437151277307,2024-05-27,NEG,not ironic,
22939581,47203,47203,1795140436530508264,2024-05-27,NEU,ironic,
22939582,47204,47204,1795140433971974594,2024-05-27,NEG,ironic,
22939583,47205,47205,1795140431870566698,2024-05-27,POS,ironic,
22939584,47206,47206,1795140431413485932,2024-05-27,NEG,ironic,
22939585,47207,47207,1795140431182701032,2024-05-27,NEU,not ironic,
22939586,47208,47208,1795140429739897179,2024-05-27,NEG,ironic,
22939587,47209,47209,1795140429068796026,2024-05-27,NEG,ironic,
22939588,47210,47210,1795140428271956289,2024-05-27,NEU,not ironic,
22939589,47211,47211,1795140427902787788,2024-05-27,POS,not ironic,
22939590,47212,47212,1795140427332325593,2024-05-27,NEU,not ironic,
22939591,47213,47213,1795140427252642298,2024-05-27,NEU,not ironic,
22939592,47214,47214,1795140426942361895,2024-05-27,POS,not ironic,
22939593,47215,47215,1795140426548248897,2024-05-27,POS,not ironic,
22939594,47216,47216,1795140424492851215,2024-05-27,NEG,not ironic,
22939595,47217,47217,1795140424195096905,2024-05-27,NEG,not ironic,
22939596,47218,47218,1795140423796629886,2024-05-27,NEG,ironic,
22939597,47219,47219,1795140423624643050,2024-05-27,NEG,ironic,
22939598,47220,47220,1795140421661651000,2024-05-27,NEG,not ironic,
22939599,47221,47221,1795140419711287604,2024-05-27,NEG,not ironic,
22939600,47222,47222,1795140417257660512,2024-05-27,POS,not ironic,
22939601,47223,47223,1795140417068953813,2024-05-27,NEG,not ironic,
22939602,47224,47224,1795140416980890076,2024-05-27,NEU,not ironic,
22939603,47225,47225,1795140416850829406,2024-05-27,NEG,ironic,
22939604,47226,47226,1795140415760298492,2024-05-27,NEU,not ironic,
22939605,47227,47227,1795140414443339939,2024-05-27,NEG,not ironic,
22939606,47228,47228,1795140414409703520,2024-05-27,NEU,not ironic,
22939607,47229,47229,1795140413780787631,2024-05-27,NEG,ironic,
22939608,47230,47230,1795140412518088753,2024-05-27,NEG,not ironic,
22939609,47231,47231,1795140412488790054,2024-05-27,NEG,not ironic,
22939610,47232,47232,1795140411213873437,2024-05-27,NEG,not ironic,
22939611,47233,47233,1795140410769015119,2024-05-27,NEG,not ironic,
22939612,47234,47234,1795140409129148443,2024-05-27,NEG,ironic,
22939613,47235,47235,1795140406927098052,2024-05-27,POS,not ironic,
22939614,47236,47236,1795140405622677745,2024-05-27,POS,ironic,
22939615,47237,47237,1795140404272054753,2024-05-27,POS,ironic,
22939616,47238,47238,1795140403412324393,2024-05-27,NEG,not ironic,
22939617,47239,47239,1795140402162397684,2024-05-27,NEU,not ironic,
22939618,47240,47240,1795140401210278167,2024-05-27,NEG,not ironic,
22939619,47241,47241,1795140400618918187,2024-05-27,NEG,ironic,
22939620,47242,47242,1795140400493011068,2024-05-27,NEG,not ironic,
22939621,47243,47243,1795140399641633014,2024-05-27,NEG,not ironic,
22939622,47244,47244,1795140399020781984,2024-05-27,NEG,ironic,
22939623,47245,47245,1795140398538465352,2024-05-27,NEG,not ironic,
22939624,47246,47246,1795140397502513221,2024-05-27,NEU,ironic,
22939625,47247,47247,1795140397359837581,2024-05-27,NEG,ironic,
22939626,47248,47248,1795140396659417246,2024-05-27,NEU,not ironic,
22939627,47249,47249,1795140396479123808,2024-05-27,NEG,ironic,
22939628,47250,47250,1795140395136913589,2024-05-27,POS,not ironic,
22939629,47251,47251,1795140394935558333,2024-05-27,POS,not ironic,
22939630,47252,47252,1795140394797162633,2024-05-27,NEG,not ironic,
22939631,47253,47253,1795140394390266118,2024-05-27,POS,ironic,
22939632,47254,47254,1795140392381219325,2024-05-27,NEG,ironic,
22939633,47255,47255,1795140392028958774,2024-05-27,NEG,ironic,
22939634,47256,47256,1795140391043211717,2024-05-27,NEG,ironic,
22939635,47257,47257,1795140390623777071,2024-05-27,NEG,not ironic,
22939636,47258,47258,1795140389004886191,2024-05-27,NEG,not ironic,
22939637,47259,47259,1795140388002385983,2024-05-27,NEU,ironic,
22939638,47260,47260,1795140387863953446,2024-05-27,NEG,not ironic,
22939639,47261,47261,1795140387822002393,2024-05-27,POS,not ironic,
22939640,47262,47262,1795140387352293859,2024-05-27,NEU,ironic,
22939641,47263,47263,1795140382931530044,2024-05-27,NEG,ironic,
22939642,47264,47264,1795140382231015647,2024-05-27,POS,not ironic,
22939643,47265,47265,1795140381962801278,2024-05-27,NEG,not ironic,
22939644,47266,47266,1795140380607787475,2024-05-27,POS,ironic,
22939645,47267,47267,1795140380557533336,2024-05-27,NEG,ironic,
22939646,47268,47268,1795140380247064925,2024-05-27,POS,not ironic,
22939647,47269,47269,1795140376799367405,2024-05-27,NEG,ironic,
22939648,47270,47270,1795140376417751259,2024-05-27,NEG,not ironic,
22939649,47271,47271,1795140375327248730,2024-05-27,NEU,not ironic,
22939650,47272,47272,1795140375281119273,2024-05-27,NEU,ironic,
22939651,47273,47273,1795140374131789925,2024-05-27,NEU,not ironic,
22939652,47274,47274,1795140373645336633,2024-05-27,NEU,ironic,
22939653,47275,47275,1795140373477466234,2024-05-27,NEG,not ironic,
22939654,47276,47276,1795140372886147290,2024-05-27,NEU,not ironic,
22939655,47277,47277,1795140371988504763,2024-05-27,NEG,not ironic,
22939656,47278,47278,1795140370801512925,2024-05-27,NEU,not ironic,
22939657,47279,47279,1795140370088493413,2024-05-27,NEU,not ironic,
22939658,47280,47280,1795140369279221793,2024-05-27,POS,not ironic,
22939659,47281,47281,1795140369161605164,2024-05-27,NEU,not ironic,
22939660,47282,47282,1795140368616337789,2024-05-27,NEG,not ironic,
22939661,47283,47283,1795140367890702450,2024-05-27,NEU,not ironic,
22939662,47284,47284,1795140367202799982,2024-05-27,NEU,not ironic,
22939663,47285,47285,1795140364761756081,2024-05-27,NEG,not ironic,
22939664,47286,47286,1795140361469194574,2024-05-27,NEU,not ironic,
22939665,47287,47287,1795140361435627584,2024-05-27,NEG,not ironic,
22939666,47288,47288,1795140360764600528,2024-05-27,NEG,not ironic,
22939667,47289,47289,1795140360345354663,2024-05-27,POS,not ironic,
22939668,47290,47290,1795140359950889239,2024-05-27,NEG,not ironic,
22939669,47291,47291,1795140359296577780,2024-05-27,NEU,ironic,
22939670,47292,47292,1795140358986227879,2024-05-27,POS,ironic,
22939671,47293,47293,1795140358751375540,2024-05-27,POS,not ironic,
22939672,47294,47294,1795140357455233157,2024-05-27,NEU,not ironic,
22939673,47295,47295,1795140357228798255,2024-05-27,NEG,ironic,
22939674,47296,47296,1795140356511596654,2024-05-27,NEU,not ironic,
22939675,47297,47297,1795140355328778532,2024-05-27,NEU,ironic,
22939676,47298,47298,1795140354909380940,2024-05-27,NEG,not ironic,
22939677,47299,47299,1795140354422825145,2024-05-27,NEG,ironic,
22939678,47300,47300,1795140353244246065,2024-05-27,NEU,not ironic,
22939679,47301,47301,1795140352921272367,2024-05-27,NEU,not ironic,
22939680,47302,47302,1795140352384422361,2024-05-27,NEU,not ironic,
22939681,47303,47303,1795140351050518878,2024-05-27,NEU,not ironic,
22939682,47304,47304,1795140350710812799,2024-05-27,NEG,not ironic,
22939683,47305,47305,1795140350660555202,2024-05-27,NEU,not ironic,
22939684,47306,47306,1795140350656360486,2024-05-27,NEU,ironic,
22939685,47307,47307,1795140350534877597,2024-05-27,NEG,ironic,
22939686,47308,47308,1795140349335052608,2024-05-27,NEG,not ironic,
22939687,47309,47309,1795140348890525802,2024-05-27,NEG,not ironic,
22939688,47310,47310,1795140347753836940,2024-05-27,NEG,not ironic,
22939689,47311,47311,1795140345979674670,2024-05-27,NEG,ironic,
22939690,47312,47312,1795140345380184252,2024-05-27,NEG,ironic,
22939691,47313,47313,1795140345287622962,2024-05-27,NEG,not ironic,
22939692,47314,47314,1795140344524214384,2024-05-27,NEU,not ironic,
22939693,47315,47315,1795140344335519820,2024-05-27,NEG,not ironic,
22939694,47316,47316,1795140344310362354,2024-05-27,POS,not ironic,
22939695,47317,47317,1795140340413804574,2024-05-27,NEU,not ironic,
22939696,47318,47318,1795140340401225749,2024-05-27,NEG,not ironic,
22939697,47319,47319,1795140340053094826,2024-05-27,NEU,not ironic,
22939698,47320,47320,1795140339960873341,2024-05-27,POS,not ironic,
22939699,47321,47321,1795140339784720507,2024-05-27,NEU,not ironic,
22939700,47322,47322,1795140339205919234,2024-05-27,NEG,not ironic,
22939701,47323,47323,1795140338023088442,2024-05-27,NEG,not ironic,
22939702,47324,47324,1795140335594520789,2024-05-27,NEU,ironic,
22939703,47325,47325,1795140334529241549,2024-05-27,NEG,ironic,
22939704,47326,47326,1795140333124075950,2024-05-27,NEU,not ironic,
22939705,47327,47327,1795140333103120754,2024-05-27,NEG,not ironic,
22939706,47328,47328,1795140332767612933,2024-05-27,NEG,not ironic,
22939707,47329,47329,1795140331073159217,2024-05-27,NEU,ironic,
22939708,47330,47330,1795140329428918720,2024-05-27,POS,ironic,
22939709,47331,47331,1795140328120287499,2024-05-27,NEG,not ironic,
22939710,47332,47332,1795140325943468154,2024-05-27,NEG,not ironic,
22939711,47333,47333,1795140325641535606,2024-05-27,NEG,not ironic,
22939712,47334,47334,1795140325113016652,2024-05-27,NEG,ironic,
22939713,47335,47335,1795140325092229334,2024-05-27,NEG,not ironic,
22939714,47336,47336,1795140324701987052,2024-05-27,NEG,not ironic,
22939715,47337,47337,1795140323623961086,2024-05-27,NEU,not ironic,
22939716,47338,47338,1795140323355603446,2024-05-27,NEG,not ironic,
22939717,47339,47339,1795140322244153538,2024-05-27,NEU,ironic,
22939718,47340,47340,1795140322072129724,2024-05-27,NEG,not ironic,
22939719,47341,47341,1795140321971466467,2024-05-27,NEG,ironic,
22939720,47342,47342,1795140321807835180,2024-05-27,NEG,ironic,
22939721,47343,47343,1795140321556279650,2024-05-27,NEG,not ironic,
22939722,47344,47344,1795140321208074473,2024-05-27,POS,ironic,
22939723,47345,47345,1795140321157820476,2024-05-27,NEU,not ironic,
22939724,47346,47346,1795140320885158217,2024-05-27,NEU,ironic,
22939725,47347,47347,1795140320847364593,2024-05-27,NEG,ironic,
22939726,47348,47348,1795140320566333592,2024-05-27,NEU,not ironic,
22939727,47349,47349,1795140320272761157,2024-05-27,POS,not ironic,
22939728,47350,47350,1795140319857803701,2024-05-27,NEG,not ironic,
22939729,47351,47351,1795140319467471039,2024-05-27,NEU,not ironic,
22939730,47352,47352,1795140318230167835,2024-05-27,NEG,ironic,
22939731,47353,47353,1795140318100095152,2024-05-27,NEG,not ironic,
22939732,47354,47354,1795140317903048718,2024-05-27,NEG,ironic,
22939733,47355,47355,1795140316602765532,2024-05-27,POS,not ironic,
22939734,47356,47356,1795140316237906330,2024-05-27,NEU,not ironic,
22939735,47357,47357,1795140314933383413,2024-05-27,NEG,not ironic,
22939736,47358,47358,1795140313880662340,2024-05-27,POS,not ironic,
22939737,47359,47359,1795140313641554296,2024-05-27,NEG,not ironic,
22939738,47360,47360,1795140312026820631,2024-05-27,NEU,not ironic,
22939739,47361,47361,1795140310743372223,2024-05-27,NEG,not ironic,
22939740,47362,47362,1795140309879238672,2024-05-27,NEU,not ironic,
22939741,47363,47363,1795140309443133728,2024-05-27,NEU,not ironic,
22939742,47364,47364,1795140305215422755,2024-05-27,NEG,not ironic,
22939743,47365,47365,1795140304917471287,2024-05-27,NEU,not ironic,
22939744,47366,47366,1795140304703504863,2024-05-27,NEU,not ironic,
22939745,47367,47367,1795140304506442161,2024-05-27,NEG,not ironic,
22939746,47368,47368,1795140304183362002,2024-05-27,NEU,not ironic,
22939747,47369,47369,1795140303914971350,2024-05-27,NEG,not ironic,
22939748,47370,47370,1795140302530904319,2024-05-27,NEU,not ironic,
22939749,47371,47371,1795140302354907635,2024-05-27,NEU,not ironic,
22939750,47372,47372,1795140301444567169,2024-05-27,NEG,ironic,
22939751,47373,47373,1795140299926179979,2024-05-27,NEG,ironic,
22939752,47374,47374,1795140299850760398,2024-05-27,NEG,not ironic,
22939753,47375,47375,1795140298605007299,2024-05-27,NEG,not ironic,
22939754,47376,47376,1795140298139451669,2024-05-27,NEU,not ironic,
22939755,47377,47377,1795140297292177459,2024-05-27,POS,not ironic,
22939756,47378,47378,1795140297078288600,2024-05-27,NEG,not ironic,
22939757,47379,47379,1795140295492780080,2024-05-27,NEG,not ironic,
22939758,47380,47380,1795140295333478541,2024-05-27,NEG,ironic,
22939759,47381,47381,1795140294578475255,2024-05-27,NEG,ironic,
22939760,47382,47382,1795140294045990982,2024-05-27,NEG,ironic,
22939761,47383,47383,1795140293458624866,2024-05-27,POS,not ironic,
22939762,47384,47384,1795140293425049650,2024-05-27,POS,not ironic,
22939763,47385,47385,1795140292980449666,2024-05-27,NEU,not ironic,
22939764,47386,47386,1795140288492499176,2024-05-27,NEG,ironic,
22939765,47387,47387,1795140288442216955,2024-05-27,NEU,not ironic,
22939766,47388,47388,1795140286709932521,2024-05-27,NEG,ironic,
22939767,47389,47389,1795140286500262034,2024-05-27,NEG,not ironic,
22939768,47390,47390,1795140286445666473,2024-05-27,NEG,ironic,
22939769,47391,47391,1795140285900464576,2024-05-27,NEG,not ironic,
22939770,47392,47392,1795140284591886398,2024-05-27,NEG,ironic,
22939771,47393,47393,1795140283513917627,2024-05-27,NEU,ironic,
22939772,47394,47394,1795140282347897165,2024-05-27,NEG,not ironic,
22939773,47395,47395,1795140281077006734,2024-05-27,NEG,not ironic,
22939774,47396,47396,1795140280934367621,2024-05-27,NEU,ironic,
22939775,47397,47397,1795140280108130438,2024-05-27,NEG,ironic,
22939776,47398,47398,1795140279772631544,2024-05-27,NEU,not ironic,
22939777,47399,47399,1795140279172833677,2024-05-27,NEU,not ironic,
22939778,47400,47400,1795140278753317219,2024-05-27,NEG,ironic,
22939779,47401,47401,1795140278015160444,2024-05-27,NEU,ironic,
22939780,47402,47402,1795140277520171170,2024-05-27,NEG,not ironic,
22939781,47403,47403,1795140276660367647,2024-05-27,POS,ironic,
22939782,47404,47404,1795140276568064245,2024-05-27,NEG,not ironic,
22939783,47405,47405,1795140275376914919,2024-05-27,NEU,not ironic,
22939784,47406,47406,1795140275020447845,2024-05-27,NEG,not ironic,
22939785,47407,47407,1795140274861089023,2024-05-27,NEU,not ironic,
22939786,47408,47408,1795140274789781899,2024-05-27,NEG,not ironic,
22939787,47409,47409,1795140273887940935,2024-05-27,NEG,ironic,
22939788,47410,47410,1795140273627926865,2024-05-27,NEG,ironic,
22939789,47411,47411,1795140273439224151,2024-05-27,NEG,ironic,
22939790,47412,47412,1795140271249949129,2024-05-27,NEG,ironic,
22939791,47413,47413,1795140270331183542,2024-05-27,NEG,not ironic,
22939792,47414,47414,1795140267424567635,2024-05-27,NEG,not ironic,
22939793,47415,47415,1795140265574867264,2024-05-27,NEG,ironic,
22939794,47416,47416,1795140264811446590,2024-05-27,NEG,not ironic,
22939795,47417,47417,1795140264480116977,2024-05-27,NEG,ironic,
22939796,47418,47418,1795140264450723984,2024-05-27,NEU,not ironic,
22939797,47419,47419,1795140264220106931,2024-05-27,NEG,not ironic,
22939798,47420,47420,1795140262575919459,2024-05-27,NEG,not ironic,
22939799,47421,47421,1795140261430825337,2024-05-27,NEU,not ironic,
22939800,47422,47422,1795140261380604342,2024-05-27,NEU,ironic,
22939801,47423,47423,1795140261183443070,2024-05-27,NEU,ironic,
22939802,47424,47424,1795140260273242175,2024-05-27,POS,not ironic,
22939803,47425,47425,1795140260202004543,2024-05-27,NEG,not ironic,
22939804,47426,47426,1795140258897486069,2024-05-27,POS,not ironic,
22939805,47427,47427,1795140258826219709,2024-05-27,NEG,ironic,
22939806,47428,47428,1795140258318717145,2024-05-27,NEG,ironic,
22939807,47429,47429,1795140258050212157,2024-05-27,NEG,ironic,
22939808,47430,47430,1795140257601482760,2024-05-27,NEG,ironic,
22939809,47431,47431,1795140255747588443,2024-05-27,NEG,not ironic,
22939810,47432,47432,1795140254854234491,2024-05-27,NEU,not ironic,
22939811,47433,47433,1795140254518694140,2024-05-27,NEG,ironic,
22939812,47434,47434,1795140253725978961,2024-05-27,NEU,not ironic,
22939813,47435,47435,1795140253457449324,2024-05-27,NEG,not ironic,
22939814,47436,47436,1795140252815831357,2024-05-27,NEU,not ironic,
22939815,47437,47437,1795140251851125101,2024-05-27,POS,not ironic,
22939816,47438,47438,1795140251398058403,2024-05-27,NEU,ironic,
22939817,47439,47439,1795140251339362350,2024-05-27,NEG,not ironic,
22939818,47440,47440,1795140249544196238,2024-05-27,NEU,not ironic,
22939819,47441,47441,1795140248457957476,2024-05-27,NEG,not ironic,
22939820,47442,47442,1795140247879094450,2024-05-27,POS,not ironic,
22939821,47443,47443,1795140246771802507,2024-05-27,NEG,ironic,
22939822,47444,47444,1795140245958131849,2024-05-27,NEU,not ironic,
22939823,47445,47445,1795140245287034943,2024-05-27,NEU,not ironic,
22939824,47446,47446,1795140245219930438,2024-05-27,NEU,ironic,
22939825,47447,47447,1795140244964069420,2024-05-27,NEG,ironic,
22939826,47448,47448,1795140242443301342,2024-05-27,NEG,not ironic,
22939827,47449,47449,1795140241835065547,2024-05-27,NEG,not ironic,
22939828,47450,47450,1795140240383848734,2024-05-27,NEG,not ironic,
22939829,47451,47451,1795140240216293845,2024-05-27,POS,ironic,
22939830,47452,47452,1795140238592868847,2024-05-27,POS,ironic,
22939831,47453,47453,1795140237162631678,2024-05-27,NEG,ironic,
22939832,47454,47454,1795140236466368574,2024-05-27,NEG,ironic,
22939833,47455,47455,1795140236114096622,2024-05-27,NEG,ironic,
22939834,47456,47456,1795140235849875461,2024-05-27,NEU,not ironic,
22939835,47457,47457,1795140235833016692,2024-05-27,POS,not ironic,
22939836,47458,47458,1795140235539394576,2024-05-27,NEU,not ironic,
22939837,47459,47459,1795140235505901691,2024-05-27,NEG,not ironic,
22939838,47460,47460,1795140235375902861,2024-05-27,POS,not ironic,
22939839,47461,47461,1795140235304575474,2024-05-27,NEU,ironic,
22939840,47462,47462,1795140234587279800,2024-05-27,NEG,not ironic,
22939841,47463,47463,1795140234528620603,2024-05-27,NEU,not ironic,
22939842,47464,47464,1795140231148019991,2024-05-27,NEG,ironic,
22939843,47465,47465,1795140230422380708,2024-05-27,NEU,not ironic,
22939844,47466,47466,1795140228929208666,2024-05-27,NEU,ironic,
22939845,47467,47467,1795140228656541772,2024-05-27,POS,not ironic,
22939846,47468,47468,1795140228589490569,2024-05-27,NEG,not ironic,
22939847,47469,47469,1795140227733868599,2024-05-27,NEU,not ironic,
22939848,47470,47470,1795140227717058782,2024-05-27,NEG,not ironic,
22939849,47471,47471,1795140227176202488,2024-05-27,POS,ironic,
22939850,47472,47472,1795140226605601057,2024-05-27,NEG,ironic,
22939851,47473,47473,1795140223606624739,2024-05-27,NEG,not ironic,
22939852,47474,47474,1795140223455682776,2024-05-27,POS,ironic,
22939853,47475,47475,1795140222293844355,2024-05-27,NEU,ironic,
22939854,47476,47476,1795140221660475519,2024-05-27,NEG,not ironic,
22939855,47477,47477,1795140220758675509,2024-05-27,POS,not ironic,
22939856,47478,47478,1795140220536439143,2024-05-27,NEG,not ironic,
22939857,47479,47479,1795140219617861791,2024-05-27,NEG,ironic,
22939858,47480,47480,1795140218229592415,2024-05-27,NEG,ironic,
22939859,47481,47481,1795140217843618178,2024-05-27,NEU,not ironic,
22939860,47482,47482,1795140217172578413,2024-05-27,POS,ironic,
22939861,47483,47483,1795140216174281049,2024-05-27,NEU,not ironic,
22939862,47484,47484,1795140215071215976,2024-05-27,NEG,ironic,
22939863,47485,47485,1795140213246759400,2024-05-27,NEU,not ironic,
22939864,47486,47486,1795140213200781325,2024-05-27,NEG,not ironic,
22939865,47487,47487,1795140212504527243,2024-05-27,NEU,not ironic,
22939866,47488,47488,1795140208083521637,2024-05-27,POS,ironic,
22939867,47489,47489,1795140206334460346,2024-05-27,NEG,not ironic,
22939868,47490,47490,1795140205126746533,2024-05-27,NEG,ironic,
22939869,47491,47491,1795140204300247388,2024-05-27,NEU,ironic,
22939870,47492,47492,1795140203683672125,2024-05-27,NEG,ironic,
22939871,47493,47493,1795140203503350255,2024-05-27,NEG,not ironic,
22939872,47494,47494,1795140201464869241,2024-05-27,NEU,not ironic,
22939873,47495,47495,1795140200047231425,2024-05-27,NEG,ironic,
22939874,47496,47496,1795140199137026100,2024-05-27,NEU,not ironic,
22939875,47497,47497,1795140196700221525,2024-05-27,NEG,ironic,
22939876,47498,47498,1795140195597144334,2024-05-27,NEU,not ironic,
22939877,47499,47499,1795140193562882232,2024-05-27,NEG,ironic,
22939878,47500,47500,1795140192644333994,2024-05-27,POS,not ironic,
22939879,47501,47501,1795140191830618491,2024-05-27,NEG,not ironic,
22939880,47502,47502,1795140191822201067,2024-05-27,NEG,ironic,
22939881,47503,47503,1795140190501245234,2024-05-27,POS,ironic,
22939882,47504,47504,1795140188756218174,2024-05-27,NEG,not ironic,
22939883,47505,47505,1795140187611086916,2024-05-27,NEG,not ironic,
22939884,47506,47506,1795140187258859935,2024-05-27,NEU,ironic,
22939885,47507,47507,1795140185308442987,2024-05-27,NEG,ironic,
22939886,47508,47508,1795140185019101452,2024-05-27,NEU,not ironic,
22939887,47509,47509,1795140184171831441,2024-05-27,POS,not ironic,
22939888,47510,47510,1795140183827890471,2024-05-27,POS,ironic,
22939889,47511,47511,1795140183462965610,2024-05-27,NEU,not ironic,
22939890,47512,47512,1795140182250762417,2024-05-27,NEG,not ironic,
22939891,47513,47513,1795140182150086749,2024-05-27,NEG,not ironic,
22939892,47514,47514,1795140182129201241,2024-05-27,NEG,not ironic,
22939893,47515,47515,1795140181642625069,2024-05-27,NEG,ironic,
22939894,47516,47516,1795140181575512338,2024-05-27,NEG,not ironic,
22939895,47517,47517,1795140181500051679,2024-05-27,POS,not ironic,
22939896,47518,47518,1795140181353234687,2024-05-27,NEG,ironic,
22939897,47519,47519,1795140179843256470,2024-05-27,NEU,not ironic,
22939898,47520,47520,1795140179184828436,2024-05-27,NEU,not ironic,
22939899,47521,47521,1795140176689213566,2024-05-27,NEU,not ironic,
22939900,47522,47522,1795140175409954852,2024-05-27,NEU,ironic,
22939901,47523,47523,1795140174436790437,2024-05-27,NEU,ironic,
22939902,47524,47524,1795140172763312405,2024-05-27,NEU,not ironic,
22939903,47525,47525,1795140172717199584,2024-05-27,NEG,ironic,
22939904,47526,47526,1795140172482273589,2024-05-27,NEU,not ironic,
22939905,47527,47527,1795140170703897036,2024-05-27,NEU,not ironic,
22939906,47528,47528,1795140170616103372,2024-05-27,NEG,not ironic,
22939907,47529,47529,1795140170255122785,2024-05-27,NEU,ironic,
22939908,47530,47530,1795140168518631852,2024-05-27,NEG,not ironic,
22939909,47531,47531,1795140167348445356,2024-05-27,NEU,ironic,
22939910,47532,47532,1795140167172313303,2024-05-27,NEG,not ironic,
22939911,47533,47533,1795140166488617447,2024-05-27,NEU,not ironic,
22939912,47534,47534,1795140166241161450,2024-05-27,POS,not ironic,
22939913,47535,47535,1795140165721260285,2024-05-27,NEG,not ironic,
22939914,47536,47536,1795140165502894095,2024-05-27,NEG,ironic,
22939915,47537,47537,1795140165427499292,2024-05-27,NEG,ironic,
22939916,47538,47538,1795140164626354209,2024-05-27,NEG,ironic,
22939917,47539,47539,1795140161979797925,2024-05-27,NEG,not ironic,
22939918,47540,47540,1795140161136623664,2024-05-27,NEU,not ironic,
22939919,47541,47541,1795140160671117677,2024-05-27,NEG,ironic,
22939920,47542,47542,1795140159865749511,2024-05-27,NEU,not ironic,
22939921,47543,47543,1795140158532018407,2024-05-27,POS,not ironic,
22939922,47544,47544,1795140158401982550,2024-05-27,NEU,ironic,
22939923,47545,47545,1795140157370179968,2024-05-27,NEG,not ironic,
22939924,47546,47546,1795140157072417022,2024-05-27,NEU,not ironic,
22939925,47547,47547,1795140155835035649,2024-05-27,NEG,not ironic,
22939926,47548,47548,1795140155281449254,2024-05-27,POS,not ironic,
22939927,47549,47549,1795140152995557764,2024-05-27,NEU,not ironic,
22939928,47550,47550,1795140151649194449,2024-05-27,NEG,not ironic,
22939929,47551,47551,1795140150621536625,2024-05-27,NEU,not ironic,
22939930,47552,47552,1795140150420254776,2024-05-27,POS,ironic,
22939931,47553,47553,1795140149136732415,2024-05-27,NEG,not ironic,
22939932,47554,47554,1795140148050432199,2024-05-27,NEG,ironic,
22939933,47555,47555,1795140147182244020,2024-05-27,NEG,not ironic,
22939934,47556,47556,1795140146968371595,2024-05-27,NEU,not ironic,
22939935,47557,47557,1795140146599182542,2024-05-27,NEG,not ironic,
22939936,47558,47558,1795140146339229712,2024-05-27,NEU,ironic,
22939937,47559,47559,1795140145995256250,2024-05-27,NEU,not ironic,
22939938,47560,47560,1795140145953337811,2024-05-27,NEG,not ironic,
22939939,47561,47561,1795140145454174621,2024-05-27,NEU,not ironic,
22939940,47562,47562,1795140145445757135,2024-05-27,NEG,not ironic,
22939941,47563,47563,1795140144204267795,2024-05-27,NEU,not ironic,
22939942,47564,47564,1795140144132927739,2024-05-27,NEG,ironic,
22939943,47565,47565,1795140142417453176,2024-05-27,NEU,not ironic,
22939944,47566,47566,1795140142388347029,2024-05-27,NEG,not ironic,
22939945,47567,47567,1795140138600685831,2024-05-27,NEU,ironic,
22939946,47568,47568,1795140134137917913,2024-05-27,NEU,not ironic,
22939947,47569,47569,1795140133160673366,2024-05-27,NEU,ironic,
22939948,47570,47570,1795140132598599854,2024-05-27,NEG,not ironic,
22939949,47571,47571,1795140131608830188,2024-05-27,NEU,not ironic,
22939950,47572,47572,1795140130228867460,2024-05-27,NEG,not ironic,
22939951,47573,47573,1795140129625080074,2024-05-27,NEG,not ironic,
22939952,47574,47574,1795140128123355386,2024-05-27,NEU,ironic,
22939953,47575,47575,1795140127229915206,2024-05-27,NEG,not ironic,
22939954,47576,47576,1795140126802096317,2024-05-27,NEG,ironic,
22939955,47577,47577,1795140126537871550,2024-05-27,NEG,not ironic,
22939956,47578,47578,1795140124210082130,2024-05-27,NEG,not ironic,
22939957,47579,47579,1795140124117733825,2024-05-27,NEG,not ironic,
22939958,47580,47580,1795140123811520750,2024-05-27,NEU,not ironic,
22939959,47581,47581,1795140123622842687,2024-05-27,NEG,not ironic,
22939960,47582,47582,1795140123266339046,2024-05-27,POS,not ironic,
22939961,47583,47583,1795140122632998948,2024-05-27,NEG,not ironic,
22939962,47584,47584,1795140119545966822,2024-05-27,NEG,not ironic,
22939963,47585,47585,1795140118329651310,2024-05-27,NEU,not ironic,
22939964,47586,47586,1795140117780201626,2024-05-27,NEG,not ironic,
22939965,47587,47587,1795140116966519003,2024-05-27,POS,ironic,
22939966,47588,47588,1795140115708121590,2024-05-27,NEG,ironic,
22939967,47589,47589,1795140115645309087,2024-05-27,NEG,not ironic,
22939968,47590,47590,1795140111815840251,2024-05-27,NEG,not ironic,
22939969,47591,47591,1795140109349642589,2024-05-27,NEG,not ironic,
22939970,47592,47592,1795140109269905815,2024-05-27,NEU,not ironic,
22939971,47593,47593,1795140108519342551,2024-05-27,NEU,ironic,
22939972,47594,47594,1795140108351418563,2024-05-27,NEG,ironic,
22939973,47595,47595,1795140108191973864,2024-05-27,NEG,not ironic,
22939974,47596,47596,1795140107848094004,2024-05-27,NEU,not ironic,
22939975,47597,47597,1795140107705430384,2024-05-27,NEG,not ironic,
22939976,47598,47598,1795140106438967435,2024-05-27,NEG,not ironic,
22939977,47599,47599,1795140105990004830,2024-05-27,POS,ironic,
22939978,47600,47600,1795140102332559435,2024-05-27,NEU,not ironic,
22939979,47601,47601,1795140100088549886,2024-05-27,NEG,not ironic,
22939980,47602,47602,1795140098197184592,2024-05-27,NEG,ironic,
22939981,47603,47603,1795140098142372219,2024-05-27,POS,not ironic,
22939982,47604,47604,1795140097072894409,2024-05-27,NEG,ironic,
22939983,47605,47605,1795140096611455315,2024-05-27,NEU,not ironic,
22939984,47606,47606,1795140096389414933,2024-05-27,NEG,ironic,
22939985,47607,47607,1795140095743520964,2024-05-27,NEG,ironic,
22939986,47608,47608,1795140095088988638,2024-05-27,NEG,ironic,
22939987,47609,47609,1795140093063152095,2024-05-27,NEG,not ironic,
22939988,47610,47610,1795140092459184551,2024-05-27,NEG,not ironic,
22939989,47611,47611,1795140091783881132,2024-05-27,NEG,not ironic,
22939990,47612,47612,1795140091251167315,2024-05-27,POS,ironic,
22939991,47613,47613,1795140091167506694,2024-05-27,NEG,not ironic,
22939992,47614,47614,1795140089762210102,2024-05-27,NEG,ironic,
22939993,47615,47615,1795140089061798110,2024-05-27,NEU,not ironic,
22939994,47616,47616,1795140088298406284,2024-05-27,NEG,ironic,
22939995,47617,47617,1795140087845466501,2024-05-27,NEU,not ironic,
22939996,47618,47618,1795140087010799912,2024-05-27,NEG,ironic,
22939997,47619,47619,1795140086721286563,2024-05-27,NEU,ironic,
22939998,47620,47620,1795140084242452537,2024-05-27,NEG,ironic,
22939999,47621,47621,1795140084179796293,2024-05-27,NEG,not ironic,
22940000,47622,47622,1795140083575640382,2024-05-27,NEU,ironic,
22940001,47623,47623,1795140082925523182,2024-05-27,NEG,ironic,
22940002,47624,47624,1795140082023772208,2024-05-27,NEU,not ironic,
22940003,47625,47625,1795140081457467530,2024-05-27,NEG,not ironic,
22940004,47626,47626,1795140081260359841,2024-05-27,NEU,not ironic,
22940005,47627,47627,1795140080899633369,2024-05-27,POS,not ironic,
22940006,47628,47628,1795140079968514101,2024-05-27,NEU,not ironic,
22940007,47629,47629,1795140079888777550,2024-05-27,NEG,not ironic,
22940008,47630,47630,1795140079335158147,2024-05-27,NEG,not ironic,
22940009,47631,47631,1795140079167603116,2024-05-27,NEG,ironic,
22940010,47632,47632,1795140079020634440,2024-05-27,NEU,ironic,
22940011,47633,47633,1795140077774930124,2024-05-27,NEG,ironic,
22940012,47634,47634,1795140077732995206,2024-05-27,NEU,ironic,
22940013,47635,47635,1795140077590360346,2024-05-27,NEG,not ironic,
22940014,47636,47636,1795140077158309897,2024-05-27,NEG,ironic,
22940015,47637,47637,1795140075610837434,2024-05-27,NEG,ironic,
22940016,47638,47638,1795140075207983592,2024-05-27,NEU,not ironic,
22940017,47639,47639,1795140074616783357,2024-05-27,NEU,not ironic,
22940018,47640,47640,1795140073828037122,2024-05-27,POS,not ironic,
22940019,47641,47641,1795140073765179833,2024-05-27,NEG,ironic,
22940020,47642,47642,1795140071667994641,2024-05-27,NEU,ironic,
22940021,47643,47643,1795140071609299232,2024-05-27,NEU,not ironic,
22940022,47644,47644,1795140071412105582,2024-05-27,NEU,ironic,
22940023,47645,47645,1795140071206617121,2024-05-27,NEG,ironic,
22940024,47646,47646,1795140071047430472,2024-05-27,NEU,not ironic,
22940025,47647,47647,1795140070887797157,2024-05-27,NEG,ironic,
22940026,47648,47648,1795140068979441751,2024-05-27,NEU,not ironic,
22940027,47649,47649,1795140068669059322,2024-05-27,NEG,not ironic,
22940028,47650,47650,1795140068350267402,2024-05-27,NEU,not ironic,
22940029,47651,47651,1795140067784024551,2024-05-27,NEG,ironic,
22940030,47652,47652,1795140067742142632,2024-05-27,NEG,ironic,
22940031,47653,47653,1795140067394191856,2024-05-27,NEU,not ironic,
22940032,47654,47654,1795140067389850052,2024-05-27,NEG,not ironic,
22940033,47655,47655,1795140066114703682,2024-05-27,NEU,not ironic,
22940034,47656,47656,1795140065728798850,2024-05-27,NEG,ironic,
22940035,47657,47657,1795140063585570925,2024-05-27,NEG,not ironic,
22940036,47658,47658,1795140063409340841,2024-05-27,NEG,not ironic,
22940037,47659,47659,1795140063279386797,2024-05-27,NEG,ironic,
22940038,47660,47660,1795140061597499525,2024-05-27,NEU,not ironic,
22940039,47661,47661,1795140060792193397,2024-05-27,NEG,ironic,
22940040,47662,47662,1795140060263686629,2024-05-27,NEG,ironic,
22940041,47663,47663,1795140059085123644,2024-05-27,NEU,ironic,
22940042,47664,47664,1795140058057421305,2024-05-27,NEG,not ironic,
22940043,47665,47665,1795140057503842704,2024-05-27,NEU,not ironic,
22940044,47666,47666,1795140055717089508,2024-05-27,POS,ironic,
22940045,47667,47667,1795140053326323923,2024-05-27,NEG,ironic,
22940046,47668,47668,1795140052336480633,2024-05-27,NEG,not ironic,
22940047,47669,47669,1795140051606679867,2024-05-27,NEG,not ironic,
22940048,47670,47670,1795140049505300703,2024-05-27,NEG,ironic,
22940049,47671,47671,1795140047886315831,2024-05-27,NEG,ironic,
22940050,47672,47672,1795140046888026522,2024-05-27,NEG,not ironic,
22940051,47673,47673,1795140045751415280,2024-05-27,NEG,not ironic,
22940052,47674,47674,1795140043079811143,2024-05-27,NEU,not ironic,
22940053,47675,47675,1795140042270060655,2024-05-27,NEU,not ironic,
22940054,47676,47676,1795140039753523657,2024-05-27,NEG,ironic,
22940055,47677,47677,1795140039640223923,2024-05-27,NEG,not ironic,
22940056,47678,47678,1795140038591648038,2024-05-27,NEG,not ironic,
22940057,47679,47679,1795140035563458619,2024-05-27,NEU,not ironic,
22940058,47680,47680,1795140035504644508,2024-05-27,NEG,not ironic,
22940059,47681,47681,1795140032480633153,2024-05-27,NEU,not ironic,
22940060,47682,47682,1795140032166060079,2024-05-27,NEG,ironic,
22940061,47683,47683,1795140026126209266,2024-05-27,NEU,not ironic,
22940062,47684,47684,1795140024087761400,2024-05-27,NEG,not ironic,
22940063,47685,47685,1795140023748116968,2024-05-27,NEU,not ironic,
22940064,47686,47686,1795140023450259716,2024-05-27,NEG,not ironic,
22940065,47687,47687,1795140023014027534,2024-05-27,NEG,not ironic,
22940066,47688,47688,1795140022099685412,2024-05-27,NEU,ironic,
22940067,47689,47689,1795140021718057264,2024-05-27,NEG,ironic,
22940068,47690,47690,1795140020979830979,2024-05-27,NEU,ironic,
22940069,47691,47691,1795140020870734179,2024-05-27,NEG,not ironic,
22940070,47692,47692,1795140020564598983,2024-05-27,NEG,ironic,
22940071,47693,47693,1795140019302113390,2024-05-27,NEG,not ironic,
22940072,47694,47694,1795140018706538833,2024-05-27,NEG,not ironic,
22940073,47695,47695,1795140018471653614,2024-05-27,NEG,ironic,
22940074,47696,47696,1795140017527926821,2024-05-27,NEG,not ironic,
22940075,47697,47697,1795140016634462679,2024-05-27,NEU,not ironic,
22940076,47698,47698,1795140016076623968,2024-05-27,NEU,ironic,
22940077,47699,47699,1795140015237869582,2024-05-27,NEU,not ironic,
22940078,47700,47700,1795140015149940913,2024-05-27,NEU,not ironic,
22940079,47701,47701,1795140014965178390,2024-05-27,NEG,ironic,
22940080,47702,47702,1795140014965178389,2024-05-27,NEG,ironic,
22940081,47703,47703,1795140014155714768,2024-05-27,NEG,not ironic,
22940082,47704,47704,1795140013891506213,2024-05-27,NEG,not ironic,
22940083,47705,47705,1795140013329387891,2024-05-27,NEU,ironic,
22940084,47706,47706,1795140013140717727,2024-05-27,POS,ironic,
22940085,47707,47707,1795140012318531585,2024-05-27,NEG,not ironic,
22940086,47708,47708,1795140011970658768,2024-05-27,NEU,not ironic,
22940087,47709,47709,1795140010041053274,2024-05-27,NEG,not ironic,
22940088,47710,47710,1795140009927807200,2024-05-27,NEU,ironic,
22940089,47711,47711,1795140009680355444,2024-05-27,NEG,not ironic,
22940090,47712,47712,1795140009579712653,2024-05-27,NEG,not ironic,
22940091,47713,47713,1795140008875028553,2024-05-27,NEG,not ironic,
22940092,47714,47714,1795140008422072700,2024-05-27,NEG,ironic,
22940093,47715,47715,1795140008380190794,2024-05-27,NEG,not ironic,
22940094,47716,47716,1795140006643687653,2024-05-27,NEG,not ironic,
22940095,47717,47717,1795140006102654991,2024-05-27,NEG,not ironic,
22940096,47718,47718,1795140005205061756,2024-05-27,POS,ironic,
22940097,47719,47719,1795140005108527594,2024-05-27,POS,not ironic,
22940098,47720,47720,1795140004508774713,2024-05-27,NEU,ironic,
22940099,47721,47721,1795140004164857982,2024-05-27,NEG,not ironic,
22940100,47722,47722,1795140003841945688,2024-05-27,NEU,ironic,
22940101,47723,47723,1795140000524214319,2024-05-27,NEG,ironic,
22940102,47724,47724,1795139999165243745,2024-05-27,NEG,ironic,
22940103,47725,47725,1795139998955810837,2024-05-27,NEU,not ironic,
22940104,47726,47726,1795139998779318713,2024-05-27,NEU,not ironic,
22940105,47727,47727,1795139998762635742,2024-05-27,NEG,not ironic,
22940106,47728,47728,1795139997185573165,2024-05-27,NEG,not ironic,
22940107,47729,47729,1795139996300497006,2024-05-27,NEU,not ironic,
22940108,47730,47730,1795139995822375187,2024-05-27,NEG,not ironic,
22940109,47731,47731,1795139995465810049,2024-05-27,NEG,ironic,
22940110,47732,47732,1795139995059032459,2024-05-27,NEG,ironic,
22940111,47733,47733,1795139993712595408,2024-05-27,NEG,not ironic,
22940112,47734,47734,1795139993070952882,2024-05-27,NEU,not ironic,
22940113,47735,47735,1795139990323708166,2024-05-27,NEG,not ironic,
22940114,47736,47736,1795139989748994540,2024-05-27,POS,not ironic,
22940115,47737,47737,1795139989296021691,2024-05-27,NEG,ironic,
22940116,47738,47738,1795139988981526889,2024-05-27,NEG,not ironic,
22940117,47739,47739,1795139987739996647,2024-05-27,NEU,ironic,
22940118,47740,47740,1795139987479945280,2024-05-27,NEG,ironic,
22940119,47741,47741,1795139987463114925,2024-05-27,POS,ironic,
22940120,47742,47742,1795139986796232912,2024-05-27,NEG,not ironic,
22940121,47743,47743,1795139985466642627,2024-05-27,POS,ironic,
22940122,47744,47744,1795139984774557837,2024-05-27,NEG,ironic,
22940123,47745,47745,1795139983801459004,2024-05-27,NEG,ironic,
22940124,47746,47746,1795139983457562682,2024-05-27,NEU,not ironic,
22940125,47747,47747,1795139983193280693,2024-05-27,NEU,not ironic,
22940126,47748,47748,1795139982652326396,2024-05-27,NEU,not ironic,
22940127,47749,47749,1795139982035648713,2024-05-27,NEG,ironic,
22940128,47750,47750,1795139981490405679,2024-05-27,NEG,ironic,
22940129,47751,47751,1795139981171720486,2024-05-27,NEG,ironic,
22940130,47752,47752,1795139980823613774,2024-05-27,NEG,not ironic,
22940131,47753,47753,1795139977803665659,2024-05-27,NEG,not ironic,
22940132,47754,47754,1795139976318914617,2024-05-27,NEG,ironic,
22940133,47755,47755,1795139976071422217,2024-05-27,NEU,not ironic,
22940134,47756,47756,1795139976016846904,2024-05-27,NEU,not ironic,
22940135,47757,47757,1795139975496990890,2024-05-27,POS,not ironic,
22940136,47758,47758,1795139974351765875,2024-05-27,NEG,ironic,
22940137,47759,47759,1795139973529698590,2024-05-27,NEU,not ironic,
22940138,47760,47760,1795139973366091920,2024-05-27,POS,not ironic,
22940139,47761,47761,1795139973168930921,2024-05-27,NEU,not ironic,
22940140,47762,47762,1795139972669845553,2024-05-27,NEU,ironic,
22940141,47763,47763,1795139972481040572,2024-05-27,NEG,not ironic,
22940142,47764,47764,1795139971822633305,2024-05-27,NEG,not ironic,
22940143,47765,47765,1795139967808676296,2024-05-27,NEG,ironic,
22940144,47766,47766,1795139966646812971,2024-05-27,NEG,ironic,
22940145,47767,47767,1795139965963149711,2024-05-27,NEG,not ironic,
22940146,47768,47768,1795139965916942640,2024-05-27,NEG,not ironic,
22940147,47769,47769,1795139965778587869,2024-05-27,NEU,not ironic,
22940148,47770,47770,1795139964990099725,2024-05-27,NEG,ironic,
22940149,47771,47771,1795139963769716912,2024-05-27,NEU,ironic,
22940150,47772,47772,1795139963018776951,2024-05-27,NEG,ironic,
22940151,47773,47773,1795139961500360816,2024-05-27,POS,not ironic,
22940152,47774,47774,1795139961336873326,2024-05-27,NEU,not ironic,
22940153,47775,47775,1795139960560902526,2024-05-27,NEU,not ironic,
22940154,47776,47776,1795139958644056082,2024-05-27,POS,not ironic,
22940155,47777,47777,1795139957893275841,2024-05-27,NEU,not ironic,
22940156,47778,47778,1795139957830328778,2024-05-27,NEG,not ironic,
22940157,47779,47779,1795139955032735980,2024-05-27,NEG,ironic,
22940158,47780,47780,1795139953514389758,2024-05-27,NEG,ironic,
22940159,47781,47781,1795139953195667751,2024-05-27,NEG,not ironic,
22940160,47782,47782,1795139950549041607,2024-05-27,NEG,ironic,
22940161,47783,47783,1795139949852811437,2024-05-27,POS,ironic,
22940162,47784,47784,1795139949798306245,2024-05-27,NEU,ironic,
22940163,47785,47785,1795139948951073078,2024-05-27,NEG,not ironic,
22940164,47786,47786,1795139948850380880,2024-05-27,NEG,ironic,
22940165,47787,47787,1795139948292587572,2024-05-27,NEU,not ironic,
22940166,47788,47788,1795139948011536433,2024-05-27,NEU,not ironic,
22940167,47789,47789,1795139947235770555,2024-05-27,NEU,not ironic,
22940168,47790,47790,1795139946090508693,2024-05-27,NEU,not ironic,
22940169,47791,47791,1795139944979087834,2024-05-27,NEG,not ironic,
22940170,47792,47792,1795139943330726207,2024-05-27,NEU,not ironic,
22940171,47793,47793,1795139941195714932,2024-05-27,NEG,ironic,
22940172,47794,47794,1795139941065781336,2024-05-27,NEG,not ironic,
22940173,47795,47795,1795139940755398860,2024-05-27,NEG,ironic,
22940174,47796,47796,1795139939891286264,2024-05-27,NEU,ironic,
22940175,47797,47797,1795139939736117330,2024-05-27,NEG,not ironic,
22940176,47798,47798,1795139939346125299,2024-05-27,NEU,ironic,
22940177,47799,47799,1795139938146550001,2024-05-27,NEG,ironic,
22940178,47800,47800,1795139937890648171,2024-05-27,NEG,ironic,
22940179,47801,47801,1795139936863256827,2024-05-27,NEU,ironic,
22940180,47802,47802,1795139935646748957,2024-05-27,NEG,ironic,
22940181,47803,47803,1795139934585507889,2024-05-27,NEG,ironic,
22940182,47804,47804,1795139934174544377,2024-05-27,NEU,not ironic,
22940183,47805,47805,1795139934065463631,2024-05-27,NEG,not ironic,
22940184,47806,47806,1795139933281128579,2024-05-27,NEU,ironic,
22940185,47807,47807,1795139932777824329,2024-05-27,NEU,not ironic,
22940186,47808,47808,1795139932467400862,2024-05-27,NEG,ironic,
22940187,47809,47809,1795139932039643290,2024-05-27,NEG,not ironic,
22940188,47810,47810,1795139931565601023,2024-05-27,NEU,not ironic,
22940189,47811,47811,1795139930898694544,2024-05-27,POS,not ironic,
22940190,47812,47812,1795139930345160984,2024-05-27,POS,not ironic,
22940191,47813,47813,1795139929690775770,2024-05-27,NEG,ironic,
22940192,47814,47814,1795139929455948064,2024-05-27,NEU,not ironic,
22940193,47815,47815,1795139928617365902,2024-05-27,POS,not ironic,
22940194,47816,47816,1795139928084406630,2024-05-27,NEU,ironic,
22940195,47817,47817,1795139926821830826,2024-05-27,NEG,ironic,
22940196,47818,47818,1795139926368891138,2024-05-27,NEU,not ironic,
22940197,47819,47819,1795139926213759423,2024-05-27,NEG,ironic,
22940198,47820,47820,1795139925412573476,2024-05-27,NEU,not ironic,
22940199,47821,47821,1795139924284338453,2024-05-27,NEG,ironic,
22940200,47822,47822,1795139924070469962,2024-05-27,NEG,ironic,
22940201,47823,47823,1795139922975715732,2024-05-27,NEG,not ironic,
22940202,47824,47824,1795139921075667020,2024-05-27,NEG,not ironic,
22940203,47825,47825,1795139920949846041,2024-05-27,NEU,not ironic,
22940204,47826,47826,1795139920874369214,2024-05-27,NEG,ironic,
22940205,47827,47827,1795139920161374573,2024-05-27,POS,not ironic,
22940206,47828,47828,1795139919913861213,2024-05-27,NEU,ironic,
22940207,47829,47829,1795139917028192602,2024-05-27,NEG,not ironic,
22940208,47830,47830,1795139915681833219,2024-05-27,NEG,not ironic,
22940209,47831,47831,1795139914113110066,2024-05-27,NEU,not ironic,
22940210,47832,47832,1795139913727234417,2024-05-27,NEU,not ironic,
22940211,47833,47833,1795139911588122852,2024-05-27,NEU,not ironic,
22940212,47834,47834,1795139911185469522,2024-05-27,NEG,ironic,
22940213,47835,47835,1795139911118405975,2024-05-27,NEG,not ironic,
22940214,47836,47836,1795139909407129946,2024-05-27,NEG,not ironic,
22940215,47837,47837,1795139907947487736,2024-05-27,NEG,ironic,
22940216,47838,47838,1795139907536474153,2024-05-27,NEG,not ironic,
22940217,47839,47839,1795139906123030563,2024-05-27,NEG,not ironic,
22940218,47840,47840,1795139906026532902,2024-05-27,NEG,ironic,
22940219,47841,47841,1795139905577943523,2024-05-27,NEU,not ironic,
22940220,47842,47842,1795139905506447379,2024-05-27,NEU,not ironic,
22940221,47843,47843,1795139905464545442,2024-05-27,NEG,ironic,
22940222,47844,47844,1795139905456112054,2024-05-27,NEG,not ironic,
22940223,47845,47845,1795139904042664231,2024-05-27,NEG,ironic,
22940224,47846,47846,1795139903153422778,2024-05-27,NEG,not ironic,
22940225,47847,47847,1795139901727428831,2024-05-27,NEG,ironic,
22940226,47848,47848,1795139900322263341,2024-05-27,NEG,ironic,
22940227,47849,47849,1795139900230017426,2024-05-27,NEG,not ironic,
22940228,47850,47850,1795139900087357830,2024-05-27,NEU,not ironic,
22940229,47851,47851,1795139899554701427,2024-05-27,NEG,not ironic,
22940230,47852,47852,1795139899059732820,2024-05-27,NEU,ironic,
22940231,47853,47853,1795139898145378694,2024-05-27,NEU,not ironic,
22940232,47854,47854,1795139897637966295,2024-05-27,NEG,ironic,
22940233,47855,47855,1795139896820068453,2024-05-27,NEG,not ironic,
22940234,47856,47856,1795139896786682138,2024-05-27,NEG,not ironic,
22940235,47857,47857,1795139896757154182,2024-05-27,NEG,not ironic,
22940236,47858,47858,1795139896656429141,2024-05-27,NEG,not ironic,
22940237,47859,47859,1795139894563455024,2024-05-27,POS,ironic,
22940238,47860,47860,1795139892953088392,2024-05-27,NEG,ironic,
22940239,47861,47861,1795139892290236605,2024-05-27,POS,not ironic,
22940240,47862,47862,1795139891241582699,2024-05-27,NEG,ironic,
22940241,47863,47863,1795139890344030639,2024-05-27,NEU,ironic,
22940242,47864,47864,1795139889496744368,2024-05-27,NEG,not ironic,
22940243,47865,47865,1795139889467449554,2024-05-27,NEG,ironic,
22940244,47866,47866,1795139888662081574,2024-05-27,NEU,not ironic,
22940245,47867,47867,1795139888360104009,2024-05-27,NEG,ironic,
22940246,47868,47868,1795139887361868109,2024-05-27,NEG,not ironic,
22940247,47869,47869,1795139887294816422,2024-05-27,NEU,not ironic,
22940248,47870,47870,1795139886061629542,2024-05-27,NEU,not ironic,
22940249,47871,47871,1795139886019711201,2024-05-27,NEU,ironic,
22940250,47872,47872,1795139885361172799,2024-05-27,NEG,not ironic,
22940251,47873,47873,1795139885176848480,2024-05-27,NEG,not ironic,
22940252,47874,47874,1795139883910168710,2024-05-27,NEU,not ironic,
22940253,47875,47875,1795139883763184126,2024-05-27,NEU,not ironic,
22940254,47876,47876,1795139883087827020,2024-05-27,NEG,ironic,
22940255,47877,47877,1795139881909289320,2024-05-27,NEU,ironic,
22940256,47878,47878,1795139881565376689,2024-05-27,NEU,not ironic,
22940257,47879,47879,1795139878910325061,2024-05-27,NEU,not ironic,
22940258,47880,47880,1795139878025601365,2024-05-27,POS,not ironic,
22940259,47881,47881,1795139877979197669,2024-05-27,NEU,not ironic,
22940260,47882,47882,1795139877417181493,2024-05-27,NEG,not ironic,
22940261,47883,47883,1795139877094424831,2024-05-27,NEG,ironic,
22940262,47884,47884,1795139875504594998,2024-05-27,NEG,not ironic,
22940263,47885,47885,1795139874963456219,2024-05-27,POS,ironic,
22940264,47886,47886,1795139874917355588,2024-05-27,NEU,not ironic,
22940265,47887,47887,1795139874690892145,2024-05-27,NEU,ironic,
22940266,47888,47888,1795139874204287425,2024-05-27,NEG,not ironic,
22940267,47889,47889,1795139873591951542,2024-05-27,POS,not ironic,
22940268,47890,47890,1795139873579397447,2024-05-27,NEU,ironic,
22940269,47891,47891,1795139873185181750,2024-05-27,NEU,ironic,
22940270,47892,47892,1795139872459522557,2024-05-27,NEU,ironic,
22940271,47893,47893,1795139869443793076,2024-05-27,NEG,ironic,
22940272,47894,47894,1795139867292111103,2024-05-27,NEG,not ironic,
22940273,47895,47895,1795139864536514620,2024-05-27,NEG,ironic,
22940274,47896,47896,1795139864028913854,2024-05-27,NEG,not ironic,
22940275,47897,47897,1795139863886405781,2024-05-27,NEU,ironic,
22940276,47898,47898,1795139863311741211,2024-05-27,NEU,not ironic,
22940277,47899,47899,1795139863047483835,2024-05-27,NEG,not ironic,
22940278,47900,47900,1795139862623932893,2024-05-27,NEG,ironic,
22940279,47901,47901,1795139862573482017,2024-05-27,POS,not ironic,
22940280,47902,47902,1795139861680214139,2024-05-27,NEG,ironic,
22940281,47903,47903,1795139861118144643,2024-05-27,NEU,ironic,
22940282,47904,47904,1795139859163554217,2024-05-27,NEU,not ironic,
22940283,47905,47905,1795139858760962533,2024-05-27,NEG,ironic,
22940284,47906,47906,1795139857569698065,2024-05-27,NEG,not ironic,
22940285,47907,47907,1795139856688889921,2024-05-27,NEU,not ironic,
22940286,47908,47908,1795139855556776423,2024-05-27,NEU,not ironic,
22940287,47909,47909,1795139854856040582,2024-05-27,NEG,ironic,
22940288,47910,47910,1795139853643866299,2024-05-27,NEG,ironic,
22940289,47911,47911,1795139853203419614,2024-05-27,POS,ironic,
22940290,47912,47912,1795139852314263643,2024-05-27,NEG,not ironic,
22940291,47913,47913,1795139852226208025,2024-05-27,NEU,not ironic,
22940292,47914,47914,1795139851894845810,2024-05-27,NEG,not ironic,
22940293,47915,47915,1795139850137395348,2024-05-27,NEU,not ironic,
22940294,47916,47916,1795139849415950694,2024-05-27,NEG,ironic,
22940295,47917,47917,1795139848619139558,2024-05-27,NEU,ironic,
22940296,47918,47918,1795139847994130441,2024-05-27,NEU,not ironic,
22940297,47919,47919,1795139847738319170,2024-05-27,NEG,not ironic,
22940298,47920,47920,1795139846551249162,2024-05-27,NEG,not ironic,
22940299,47921,47921,1795139846442451316,2024-05-27,NEU,not ironic,
22940300,47922,47922,1795139846236758204,2024-05-27,NEG,not ironic,
22940301,47923,47923,1795139845657891326,2024-05-27,NEU,not ironic,
22940302,47924,47924,1795139843942646211,2024-05-27,NEG,not ironic,
22940303,47925,47925,1795139841820176688,2024-05-27,NEU,ironic,
22940304,47926,47926,1795139841446809933,2024-05-27,NEG,not ironic,
22940305,47927,47927,1795139841350312233,2024-05-27,NEG,ironic,
22940306,47928,47928,1795139841174261931,2024-05-27,NEG,ironic,
22940307,47929,47929,1795139840507298030,2024-05-27,NEU,ironic,
22940308,47930,47930,1795139838942831023,2024-05-27,NEG,not ironic,
22940309,47931,47931,1795139838280163523,2024-05-27,NEG,ironic,
22940310,47932,47932,1795139837655179673,2024-05-27,NEU,not ironic,
22940311,47933,47933,1795139835658727504,2024-05-27,NEU,ironic,
22940312,47934,47934,1795139835558072825,2024-05-27,NEU,not ironic,
22940313,47935,47935,1795139835390288200,2024-05-27,NEU,ironic,
22940314,47936,47936,1795139834748502246,2024-05-27,POS,not ironic,
22940315,47937,47937,1795139834094178478,2024-05-27,POS,ironic,
22940316,47938,47938,1795139833456681304,2024-05-27,NEU,not ironic,
22940317,47939,47939,1795139833087537426,2024-05-27,POS,not ironic,
22940318,47940,47940,1795139832479400308,2024-05-27,POS,not ironic,
22940319,47941,47941,1795139829505851824,2024-05-27,NEG,not ironic,
22940320,47942,47942,1795139828914311279,2024-05-27,NEG,not ironic,
22940321,47943,47943,1795139827471462533,2024-05-27,NEG,not ironic,
22940322,47944,47944,1795139827467223079,2024-05-27,NEG,not ironic,
22940323,47945,47945,1795139827303608678,2024-05-27,NEU,not ironic,
22940324,47946,47946,1795139827274301495,2024-05-27,NEG,ironic,
22940325,47947,47947,1795139827022594500,2024-05-27,POS,ironic,
22940326,47948,47948,1795139824233365656,2024-05-27,NEU,ironic,
22940327,47949,47949,1795139823948136884,2024-05-27,POS,ironic,
22940328,47950,47950,1795139823553987026,2024-05-27,NEG,not ironic,
22940329,47951,47951,1795139823000334829,2024-05-27,POS,not ironic,
22940330,47952,47952,1795139822681477608,2024-05-27,NEG,ironic,
22940331,47953,47953,1795139822354309438,2024-05-27,NEG,ironic,
22940332,47954,47954,1795139821964247273,2024-05-27,POS,not ironic,
22940333,47955,47955,1795139820882161782,2024-05-27,NEU,not ironic,
22940334,47956,47956,1795139817858027774,2024-05-27,NEG,not ironic,
22940335,47957,47957,1795139817828651358,2024-05-27,NEU,not ironic,
22940336,47958,47958,1795139816272613704,2024-05-27,POS,not ironic,
22940337,47959,47959,1795139815987609983,2024-05-27,NEG,ironic,
22940338,47960,47960,1795139815983198232,2024-05-27,NEG,not ironic,
22940339,47961,47961,1795139815349928142,2024-05-27,NEG,not ironic,
22940340,47962,47962,1795139814607516050,2024-05-27,NEG,ironic,
22940341,47963,47963,1795139814372614270,2024-05-27,NEG,not ironic,
22940342,47964,47964,1795139814280368168,2024-05-27,NEG,not ironic,
22940343,47965,47965,1795139814137688230,2024-05-27,NEG,ironic,
22940344,47966,47966,1795139813990883582,2024-05-27,NEG,not ironic,
22940345,47967,47967,1795139810371293578,2024-05-27,NEU,ironic,
22940346,47968,47968,1795139806495723618,2024-05-27,NEG,ironic,
22940347,47969,47969,1795139805237350898,2024-05-27,NEG,not ironic,
22940348,47970,47970,1795139804612415768,2024-05-27,NEU,ironic,
22940349,47971,47971,1795139804012626330,2024-05-27,POS,ironic,
22940350,47972,47972,1795139803941306760,2024-05-27,NEG,not ironic,
22940351,47973,47973,1795139802867638361,2024-05-27,NEU,not ironic,
22940352,47974,47974,1795139801957437876,2024-05-27,NEG,not ironic,
22940353,47975,47975,1795139800363585653,2024-05-27,NEG,not ironic,
22940354,47976,47976,1795139799013007602,2024-05-27,NEG,ironic,
22940355,47977,47977,1795139798182539555,2024-05-27,NEG,not ironic,
22940356,47978,47978,1795139797108887711,2024-05-27,NEU,not ironic,
22940357,47979,47979,1795139797003977062,2024-05-27,NEG,ironic,
22940358,47980,47980,1795139796483891684,2024-05-27,NEU,ironic,
22940359,47981,47981,1795139794244173910,2024-05-27,NEG,ironic,
22940360,47982,47982,1795139793933717750,2024-05-27,NEU,not ironic,
22940361,47983,47983,1795139792486760641,2024-05-27,NEG,ironic,
22940362,47984,47984,1795139790888657044,2024-05-27,POS,ironic,
22940363,47985,47985,1795139790284657094,2024-05-27,NEG,not ironic,
22940364,47986,47986,1795139790058262768,2024-05-27,NEG,not ironic,
22940365,47987,47987,1795139789546483786,2024-05-27,NEU,ironic,
22940366,47988,47988,1795139788309250179,2024-05-27,NEG,ironic,
22940367,47989,47989,1795139788242120766,2024-05-27,NEU,not ironic,
22940368,47990,47990,1795139787302547906,2024-05-27,NEG,ironic,
22940369,47991,47991,1795139786128101532,2024-05-27,NEG,ironic,
22940370,47992,47992,1795139785989693449,2024-05-27,POS,not ironic,
22940371,47993,47993,1795139780037988789,2024-05-27,NEG,ironic,
22940372,47994,47994,1795139779601781149,2024-05-27,NEU,ironic,
22940373,47995,47995,1795139778574221612,2024-05-27,NEG,not ironic,
22940374,47996,47996,1795139777810809084,2024-05-27,NEG,not ironic,
22940375,47997,47997,1795139775789211677,2024-05-27,NEU,not ironic,
22940376,47998,47998,1795139775646621885,2024-05-27,NEG,not ironic,
22940377,47999,47999,1795139775369707707,2024-05-27,NEG,not ironic,
22940378,48000,48000,1795139774358917320,2024-05-27,POS,not ironic,
22940379,48001,48001,1795139774312849628,2024-05-27,POS,ironic,
22940380,48002,48002,1795139773473960068,2024-05-27,NEG,ironic,
22940381,48003,48003,1795139773171925107,2024-05-27,NEU,not ironic,
22940382,48004,48004,1795139772299485553,2024-05-27,POS,not ironic,
22940383,48005,48005,1795139771917898139,2024-05-27,NEG,not ironic,
22940384,48006,48006,1795139770865107194,2024-05-27,NEG,not ironic,
22940385,48007,48007,1795139770756059436,2024-05-27,NEG,ironic,
22940386,48008,48008,1795139769661309106,2024-05-27,NEU,ironic,
22940387,48009,48009,1795139768428146714,2024-05-27,NEG,not ironic,
22940388,48010,48010,1795139767333458388,2024-05-27,NEU,not ironic,
22940389,48011,48011,1795139766976987609,2024-05-27,NEU,not ironic,
22940390,48012,48012,1795139764930117904,2024-05-27,POS,not ironic,
22940391,48013,48013,1795139764733055143,2024-05-27,NEU,not ironic,
22940392,48014,48014,1795139764225474938,2024-05-27,NEG,ironic,
22940393,48015,48015,1795139763667640391,2024-05-27,NEG,not ironic,
22940394,48016,48016,1795139762438775104,2024-05-27,NEU,not ironic,
22940395,48017,48017,1795139762371563611,2024-05-27,NEG,ironic,
22940396,48018,48018,1795139762312892452,2024-05-27,NEG,ironic,
22940397,48019,48019,1795139762266722638,2024-05-27,NEG,ironic,
22940398,48020,48020,1795139761931268596,2024-05-27,NEU,not ironic,
22940399,48021,48021,1795139760878424239,2024-05-27,NEG,ironic,
22940400,48022,48022,1795139760467382324,2024-05-27,NEG,ironic,
22940401,48023,48023,1795139760450625886,2024-05-27,NEG,ironic,
22940402,48024,48024,1795139758848405716,2024-05-27,NEU,not ironic,
22940403,48025,48025,1795139758533857529,2024-05-27,NEG,ironic,
22940404,48026,48026,1795139757078434276,2024-05-27,NEG,not ironic,
22940405,48027,48027,1795139756436623691,2024-05-27,NEG,not ironic,
22940406,48028,48028,1795139756155654234,2024-05-27,NEG,not ironic,
22940407,48029,48029,1795139755912380646,2024-05-27,NEG,ironic,
22940408,48030,48030,1795139755648147745,2024-05-27,POS,not ironic,
22940409,48031,48031,1795139755044180407,2024-05-27,NEG,ironic,
22940410,48032,48032,1795139754784084123,2024-05-27,NEU,not ironic,
22940411,48033,48033,1795139754540855429,2024-05-27,NEG,not ironic,
22940412,48034,48034,1795139754054291856,2024-05-27,NEU,ironic,
22940413,48035,48035,1795139750900154427,2024-05-27,NEU,ironic,
22940414,48036,48036,1795139750833054025,2024-05-27,NEU,not ironic,
22940415,48037,48037,1795139750807871498,2024-05-27,NEG,not ironic,
22940416,48038,48038,1795139750183174586,2024-05-27,NEU,not ironic,
22940417,48039,48039,1795139748903731382,2024-05-27,NEG,ironic,
22940418,48040,48040,1795139748815667669,2024-05-27,NEG,ironic,
22940419,48041,48041,1795139748652028089,2024-05-27,NEG,ironic,
22940420,48042,48042,1795139747305709926,2024-05-27,NEU,not ironic,
22940421,48043,48043,1795139743585378447,2024-05-27,NEG,not ironic,
22940422,48044,48044,1795139742658343313,2024-05-27,NEG,not ironic,
22940423,48045,48045,1795139741811179936,2024-05-27,NEG,ironic,
22940424,48046,48046,1795139741312049269,2024-05-27,NEG,ironic,
22940425,48047,48047,1795139741114863934,2024-05-27,NEG,ironic,
22940426,48048,48048,1795139739227476261,2024-05-27,NEU,not ironic,
22940427,48049,48049,1795139739059642638,2024-05-27,NEG,ironic,
22940428,48050,48050,1795139738321441247,2024-05-27,NEG,not ironic,
22940429,48051,48051,1795139737822363771,2024-05-27,NEG,ironic,
22940430,48052,48052,1795139737365197163,2024-05-27,NEG,not ironic,
22940431,48053,48053,1795139736954138896,2024-05-27,NEU,not ironic,
22940432,48054,48054,1795139736912240898,2024-05-27,NEG,not ironic,
22940433,48055,48055,1795139736358535675,2024-05-27,NEU,not ironic,
22940434,48056,48056,1795139735884554449,2024-05-27,NEU,not ironic,
22940435,48057,48057,1795139734697554217,2024-05-27,NEG,ironic,
22940436,48058,48058,1795139733770629616,2024-05-27,NEU,not ironic,
22940437,48059,48059,1795139733749702995,2024-05-27,NEG,ironic,
22940438,48060,48060,1795139733330223588,2024-05-27,NEG,not ironic,
22940439,48061,48061,1795139733040889897,2024-05-27,NEU,ironic,
22940440,48062,48062,1795139729270182283,2024-05-27,NEG,ironic,
22940441,48063,48063,1795139728909475877,2024-05-27,NEG,not ironic,
22940442,48064,48064,1795139728829767873,2024-05-27,NEG,not ironic,
22940443,48065,48065,1795139728284479983,2024-05-27,NEG,not ironic,
22940444,48066,48066,1795139727898616057,2024-05-27,POS,ironic,
22940445,48067,48067,1795139727835722136,2024-05-27,NEG,not ironic,
22940446,48068,48068,1795139727349141552,2024-05-27,POS,not ironic,
22940447,48069,48069,1795139726858502552,2024-05-27,NEG,not ironic,
22940448,48070,48070,1795139726044733503,2024-05-27,NEG,ironic,
22940449,48071,48071,1795139725352690072,2024-05-27,NEG,not ironic,
22940450,48072,48072,1795139724987805950,2024-05-27,NEG,not ironic,
22940451,48073,48073,1795139724954185765,2024-05-27,NEG,ironic,
22940452,48074,48074,1795139724169957876,2024-05-27,NEU,ironic,
22940453,48075,48075,1795139722580283572,2024-05-27,NEU,not ironic,
22940454,48076,48076,1795139719971361077,2024-05-27,NEU,not ironic,
22940455,48077,48077,1795139719438741656,2024-05-27,NEU,not ironic,
22940456,48078,48078,1795139718503371056,2024-05-27,NEU,not ironic,
22940457,48079,48079,1795139718281154656,2024-05-27,NEG,ironic,
22940458,48080,48080,1795139717840896466,2024-05-27,NEU,not ironic,
22940459,48081,48081,1795139717777793104,2024-05-27,NEU,not ironic,
22940460,48082,48082,1795139715873612011,2024-05-27,NEU,ironic,
22940461,48083,48083,1795139714082640300,2024-05-27,NEG,not ironic,
22940462,48084,48084,1795139712094511462,2024-05-27,NEU,not ironic,
22940463,48085,48085,1795139710030913779,2024-05-27,NEG,not ironic,
22940464,48086,48086,1795139709405946280,2024-05-27,NEG,not ironic,
22940465,48087,48087,1795139708705481200,2024-05-27,NEG,not ironic,
22940466,48088,48088,1795139706558033953,2024-05-27,NEG,not ironic,
22940467,48089,48089,1795139705505288437,2024-05-27,NEG,ironic,
22940468,48090,48090,1795139704586662103,2024-05-27,POS,not ironic,
22940469,48091,48091,1795139702409888100,2024-05-27,NEG,ironic,
22940470,48092,48092,1795139701583552523,2024-05-27,NEU,not ironic,
22940471,48093,48093,1795139700879130736,2024-05-27,NEU,ironic,
22940472,48094,48094,1795139700623065337,2024-05-27,NEU,not ironic,
22940473,48095,48095,1795139699603841507,2024-05-27,NEU,not ironic,
22940474,48096,48096,1795139698957889604,2024-05-27,NEG,ironic,
22940475,48097,48097,1795139696806461515,2024-05-27,NEU,ironic,
22940476,48098,48098,1795139696718172413,2024-05-27,NEG,not ironic,
22940477,48099,48099,1795139696269349133,2024-05-27,POS,ironic,
22940478,48100,48100,1795139696076489063,2024-05-27,NEG,ironic,
22940479,48101,48101,1795139695921225846,2024-05-27,NEG,not ironic,
22940480,48102,48102,1795139695346630796,2024-05-27,POS,not ironic,
22940481,48103,48103,1795139693282992361,2024-05-27,NEG,ironic,
22940482,48104,48104,1795139692549058848,2024-05-27,NEG,not ironic,
22940483,48105,48105,1795139691710144905,2024-05-27,NEG,ironic,
22940484,48106,48106,1795139691370430960,2024-05-27,NEU,not ironic,
22940485,48107,48107,1795139690867069293,2024-05-27,NEG,ironic,
22940486,48108,48108,1795139690737078417,2024-05-27,NEG,not ironic,
22940487,48109,48109,1795139690586075207,2024-05-27,NEG,ironic,
22940488,48110,48110,1795139690565132318,2024-05-27,POS,not ironic,
22940489,48111,48111,1795139689554248014,2024-05-27,NEG,ironic,
22940490,48112,48112,1795139689273282809,2024-05-27,NEG,not ironic,
22940491,48113,48113,1795139688082096369,2024-05-27,NEU,not ironic,
22940492,48114,48114,1795139687746605338,2024-05-27,NEG,not ironic,
22940493,48115,48115,1795139687650115977,2024-05-27,NEU,ironic,
22940494,48116,48116,1795139687532855458,2024-05-27,NEU,not ironic,
22940495,48117,48117,1795139686999916783,2024-05-27,NEU,ironic,
22940496,48118,48118,1795139686974853267,2024-05-27,NEG,not ironic,
22940497,48119,48119,1795139686710620393,2024-05-27,NEU,ironic,
22940498,48120,48120,1795139686328905850,2024-05-27,NEG,ironic,
22940499,48121,48121,1795139685972414512,2024-05-27,NEG,ironic,
22940500,48122,48122,1795139685385138407,2024-05-27,NEG,not ironic,
22940501,48123,48123,1795139684428853552,2024-05-27,NEG,ironic,
22940502,48124,48124,1795139683539644451,2024-05-27,NEU,not ironic,
22940503,48125,48125,1795139683527053638,2024-05-27,NEG,not ironic,
22940504,48126,48126,1795139683199963527,2024-05-27,NEU,ironic,
22940505,48127,48127,1795139682889576761,2024-05-27,NEG,ironic,
22940506,48128,48128,1795139681790701592,2024-05-27,NEG,not ironic,
22940507,48129,48129,1795139681060823519,2024-05-27,NEG,not ironic,
22940508,48130,48130,1795139677831196778,2024-05-27,NEG,not ironic,
22940509,48131,48131,1795139677521052099,2024-05-27,NEU,not ironic,
22940510,48132,48132,1795139677256589363,2024-05-27,NEU,not ironic,
22940511,48133,48133,1795139676505792619,2024-05-27,POS,not ironic,
22940512,48134,48134,1795139676317102534,2024-05-27,NEG,ironic,
22940513,48135,48135,1795139674857427404,2024-05-27,NEU,not ironic,
22940514,48136,48136,1795139673280348667,2024-05-27,NEU,ironic,
22940515,48137,48137,1795139673192337593,2024-05-27,NEU,not ironic,
22940516,48138,48138,1795139672894525714,2024-05-27,NEG,ironic,
22940517,48139,48139,1795139672726769941,2024-05-27,NEG,not ironic,
22940518,48140,48140,1795139670705123331,2024-05-27,NEG,not ironic,
22940519,48141,48141,1795139670457590162,2024-05-27,NEG,not ironic,
22940520,48142,48142,1795139670046802109,2024-05-27,NEG,not ironic,
22940521,48143,48143,1795139669404811475,2024-05-27,NEG,ironic,
22940522,48144,48144,1795139669379674547,2024-05-27,NEU,ironic,
22940523,48145,48145,1795139668716995057,2024-05-27,NEG,not ironic,
22940524,48146,48146,1795139668679266476,2024-05-27,NEG,not ironic,
22940525,48147,48147,1795139667605717436,2024-05-27,NEG,not ironic,
22940526,48148,48148,1795139666452025606,2024-05-27,NEG,ironic,
22940527,48149,48149,1795139665877438554,2024-05-27,NEU,ironic,
22940528,48150,48150,1795139660726861969,2024-05-27,NEG,not ironic,
22940529,48151,48151,1795139656826175910,2024-05-27,NEG,ironic,
22940530,48152,48152,1795139656612225497,2024-05-27,NEU,not ironic,
22940531,48153,48153,1795139656238916076,2024-05-27,NEG,not ironic,
22940532,48154,48154,1795139653932126264,2024-05-27,NEG,not ironic,
22940533,48155,48155,1795139653919531229,2024-05-27,NEU,not ironic,
22940534,48156,48156,1795139653890167163,2024-05-27,NEU,not ironic,
22940535,48157,48157,1795139653848252520,2024-05-27,NEG,not ironic,
22940536,48158,48158,1795139653848240571,2024-05-27,NEG,ironic,
22940537,48159,48159,1795139653525189006,2024-05-27,NEG,not ironic,
22940538,48160,48160,1795139653374279922,2024-05-27,NEU,ironic,
22940539,48161,48161,1795139652883529924,2024-05-27,NEG,not ironic,
22940540,48162,48162,1795139652459901013,2024-05-27,NEG,ironic,
22940541,48163,48163,1795139651487007203,2024-05-27,NEG,not ironic,
22940542,48164,48164,1795139651100905936,2024-05-27,NEG,not ironic,
22940543,48165,48165,1795139650761392617,2024-05-27,NEG,ironic,
22940544,48166,48166,1795139650115215570,2024-05-27,POS,not ironic,
22940545,48167,48167,1795139649813258284,2024-05-27,NEG,not ironic,
22940546,48168,48168,1795139649637122500,2024-05-27,NEG,not ironic,
22940547,48169,48169,1795139649226039483,2024-05-27,NEU,not ironic,
22940548,48170,48170,1795139647657447804,2024-05-27,NEG,not ironic,
22940549,48171,48171,1795139646650740816,2024-05-27,NEG,not ironic,
22940550,48172,48172,1795139646340358380,2024-05-27,NEG,ironic,
22940551,48173,48173,1795139645669302421,2024-05-27,NEG,not ironic,
22940552,48174,48174,1795139642490224692,2024-05-27,NEG,not ironic,
22940553,48175,48175,1795139642280358386,2024-05-27,NEU,not ironic,
22940554,48176,48176,1795139639461679567,2024-05-27,NEG,ironic,
22940555,48177,48177,1795139637528195477,2024-05-27,NEU,not ironic,
22940556,48178,48178,1795139637352202545,2024-05-27,NEG,ironic,
22940557,48179,48179,1795139635594535094,2024-05-27,NEU,not ironic,
22940558,48180,48180,1795139632880816188,2024-05-27,NEG,ironic,
22940559,48181,48181,1795139632700563521,2024-05-27,NEG,ironic,
22940560,48182,48182,1795139632234967548,2024-05-27,NEG,ironic,
22940561,48183,48183,1795139631714873834,2024-05-27,NEG,not ironic,
22940562,48184,48184,1795139629873610828,2024-05-27,NEG,ironic,
22940563,48185,48185,1795139629537960107,2024-05-27,NEU,not ironic,
22940564,48186,48186,1795139626157461553,2024-05-27,NEU,not ironic,
22940565,48187,48187,1795139625398268113,2024-05-27,NEG,not ironic,
22940566,48188,48188,1795139624697749848,2024-05-27,NEG,ironic,
22940567,48189,48189,1795139623863120203,2024-05-27,NEU,ironic,
22940568,48190,48190,1795139623301054598,2024-05-27,NEG,ironic,
22940569,48191,48191,1795139621862445535,2024-05-27,NEG,not ironic,
22940570,48192,48192,1795139621526904916,2024-05-27,NEG,ironic,
22940571,48193,48193,1795139621359129071,2024-05-27,NEU,not ironic,
22940572,48194,48194,1795139618649653582,2024-05-27,NEG,not ironic,
22940573,48195,48195,1795139618200842526,2024-05-27,NEG,not ironic,
22940574,48196,48196,1795139613696070143,2024-05-27,NEU,ironic,
22940575,48197,48197,1795139613633237329,2024-05-27,NEG,ironic,
22940576,48198,48198,1795139611330556406,2024-05-27,POS,not ironic,
22940577,48199,48199,1795139610722406506,2024-05-27,NEG,ironic,
22940578,48200,48200,1795139610189701567,2024-05-27,NEG,not ironic,
22940579,48201,48201,1795139607270469729,2024-05-27,NEU,not ironic,
22940580,48202,48202,1795139606897140162,2024-05-27,NEG,not ironic,
22940581,48203,48203,1795139606792282549,2024-05-27,NEG,not ironic,
22940582,48204,48204,1795139606389612691,2024-05-27,NEG,ironic,
22940583,48205,48205,1795139603952800190,2024-05-27,NEG,ironic,
22940584,48206,48206,1795139603441090705,2024-05-27,NEU,ironic,
22940585,48207,48207,1795139601385898196,2024-05-27,NEG,ironic,
22940586,48208,48208,1795139600559587765,2024-05-27,NEG,ironic,
22940587,48209,48209,1795139600094056950,2024-05-27,NEG,not ironic,
22940588,48210,48210,1795139600068846036,2024-05-27,NEU,not ironic,
22940589,48211,48211,1795139599041257752,2024-05-27,NEU,not ironic,
22940590,48212,48212,1795139598798000450,2024-05-27,NEU,not ironic,
22940591,48213,48213,1795139598152003588,2024-05-27,NEU,ironic,
22940592,48214,48214,1795139596696568147,2024-05-27,NEG,ironic,
22940593,48215,48215,1795139595702562980,2024-05-27,NEG,ironic,
22940594,48216,48216,1795139594373018070,2024-05-27,NEG,not ironic,
22940595,48217,48217,1795139594364522840,2024-05-27,NEG,not ironic,
22940596,48218,48218,1795139594092265866,2024-05-27,NEU,not ironic,
22940597,48219,48219,1795139593878024686,2024-05-27,NEG,ironic,
22940598,48220,48220,1795139593198764131,2024-05-27,NEG,not ironic,
22940599,48221,48221,1795139592183533824,2024-05-27,NEU,not ironic,
22940600,48222,48222,1795139591600562602,2024-05-27,NEU,not ironic,
22940601,48223,48223,1795139590535205008,2024-05-27,NEG,not ironic,
22940602,48224,48224,1795139588736025017,2024-05-27,NEG,ironic,
22940603,48225,48225,1795139587867623814,2024-05-27,NEG,ironic,
22940604,48226,48226,1795139587104288853,2024-05-27,POS,not ironic,
22940605,48227,48227,1795139586370228311,2024-05-27,POS,not ironic,
22940606,48228,48228,1795139585774846278,2024-05-27,NEU,ironic,
22940607,48229,48229,1795139585250349559,2024-05-27,NEG,ironic,
22940608,48230,48230,1795139584906367467,2024-05-27,NEG,ironic,
22940609,48231,48231,1795139584604455074,2024-05-27,POS,ironic,
22940610,48232,48232,1795139583396421682,2024-05-27,POS,ironic,
22940611,48233,48233,1795139582641471696,2024-05-27,NEU,not ironic,
22940612,48234,48234,1795139579009200456,2024-05-27,NEU,not ironic,
22940613,48235,48235,1795139578954731958,2024-05-27,NEU,not ironic,
22940614,48236,48236,1795139577964904597,2024-05-27,NEU,ironic,
22940615,48237,48237,1795139577918652522,2024-05-27,NEU,ironic,
22940616,48238,48238,1795139576966590967,2024-05-27,NEU,ironic,
22940617,48239,48239,1795139575620206617,2024-05-27,NEU,ironic,
22940618,48240,48240,1795139575460868547,2024-05-27,NEU,not ironic,
22940619,48241,48241,1795139575322685526,2024-05-27,NEU,not ironic,
22940620,48242,48242,1795139574601036129,2024-05-27,NEG,not ironic,
22940621,48243,48243,1795139572772282560,2024-05-27,NEG,not ironic,
22940622,48244,48244,1795139572495462792,2024-05-27,POS,ironic,
22940623,48245,48245,1795139571111358678,2024-05-27,NEG,ironic,
22940624,48246,48246,1795139571052839030,2024-05-27,NEU,not ironic,
22940625,48247,48247,1795139569614037386,2024-05-27,POS,not ironic,
22940626,48248,48248,1795139569563599251,2024-05-27,NEU,ironic,
22940627,48249,48249,1795139566011122142,2024-05-27,NEG,ironic,
22940628,48250,48250,1795139564073328822,2024-05-27,NEG,ironic,
22940629,48251,48251,1795139564043915489,2024-05-27,NEG,not ironic,
22940630,48252,48252,1795139563922604255,2024-05-27,NEG,ironic,
22940631,48253,48253,1795139560277500332,2024-05-27,NEU,not ironic,
22940632,48254,48254,1795139558176149983,2024-05-27,NEG,not ironic,
22940633,48255,48255,1795139558083805490,2024-05-27,NEG,ironic,
22940634,48256,48256,1795139557995815067,2024-05-27,NEG,not ironic,
22940635,48257,48257,1795139557182026136,2024-05-27,NEU,ironic,
22940636,48258,48258,1795139556414521825,2024-05-27,NEG,not ironic,
22940637,48259,48259,1795139555735060512,2024-05-27,POS,not ironic,
22940638,48260,48260,1795139555277918456,2024-05-27,POS,not ironic,
22940639,48261,48261,1795139555261071517,2024-05-27,NEU,ironic,
22940640,48262,48262,1795139552534806693,2024-05-27,POS,ironic,
22940641,48263,48263,1795139552505434551,2024-05-27,NEG,ironic,
22940642,48264,48264,1795139551540678809,2024-05-27,NEG,ironic,
22940643,48265,48265,1795139551045804304,2024-05-27,NEG,ironic,
22940644,48266,48266,1795139550693462441,2024-05-27,NEG,not ironic,
22940645,48267,48267,1795139549145727441,2024-05-27,NEG,not ironic,
22940646,48268,48268,1795139549078880480,2024-05-27,NEU,not ironic,
22940647,48269,48269,1795139548537594074,2024-05-27,NEG,not ironic,
22940648,48270,48270,1795139547262550133,2024-05-27,NEG,not ironic,
22940649,48271,48271,1795139547216417140,2024-05-27,POS,not ironic,
22940650,48272,48272,1795139543940673679,2024-05-27,NEG,ironic,
22940651,48273,48273,1795139541927387219,2024-05-27,NEG,ironic,
22940652,48274,48274,1795139541638217735,2024-05-27,NEG,ironic,
22940653,48275,48275,1795139541587698102,2024-05-27,NEG,ironic,
22940654,48276,48276,1795139541583396902,2024-05-27,NEU,not ironic,
22940655,48277,48277,1795139540006351253,2024-05-27,NEG,ironic,
22940656,48278,48278,1795139539272442291,2024-05-27,POS,not ironic,
22940657,48279,48279,1795139539108769900,2024-05-27,NEG,ironic,
22940658,48280,48280,1795139538492199031,2024-05-27,NEU,not ironic,
22940659,48281,48281,1795139536193826934,2024-05-27,NEG,ironic,
22940660,48282,48282,1795139536093073847,2024-05-27,NEG,not ironic,
22940661,48283,48283,1795139535397060766,2024-05-27,NEG,not ironic,
22940662,48284,48284,1795139535086436797,2024-05-27,NEG,not ironic,
22940663,48285,48285,1795139534943883765,2024-05-27,NEU,not ironic,
22940664,48286,48286,1795139534457303173,2024-05-27,POS,ironic,
22940665,48287,48287,1795139532720882129,2024-05-27,NEG,ironic,
22940666,48288,48288,1795139530208502210,2024-05-27,POS,not ironic,
22940667,48289,48289,1795139529499677070,2024-05-27,NEG,ironic,
22940668,48290,48290,1795139529382236398,2024-05-27,NEG,not ironic,
22940669,48291,48291,1795139527972983028,2024-05-27,NEG,not ironic,
22940670,48292,48292,1795139526635000313,2024-05-27,NEG,ironic,
22940671,48293,48293,1795139526542741976,2024-05-27,NEG,not ironic,
22940672,48294,48294,1795139526534238687,2024-05-27,NEG,ironic,
22940673,48295,48295,1795139524235837447,2024-05-27,NEG,ironic,
22940674,48296,48296,1795139524194074641,2024-05-27,POS,not ironic,
22940675,48297,48297,1795139523992576348,2024-05-27,NEG,not ironic,
22940676,48298,48298,1795139521279139992,2024-05-27,NEG,ironic,
22940677,48299,48299,1795139519676633386,2024-05-27,NEU,not ironic,
22940678,48300,48300,1795139516316995600,2024-05-27,NEU,ironic,
22940679,48301,48301,1795139513871736943,2024-05-27,POS,not ironic,
22940680,48302,48302,1795139513104093544,2024-05-27,POS,not ironic,
22940681,48303,48303,1795139512248549659,2024-05-27,NEU,not ironic,
22940682,48304,48304,1795139511229239594,2024-05-27,NEG,not ironic,
22940683,48305,48305,1795139509933281788,2024-05-27,NEG,not ironic,
22940684,48306,48306,1795139509098619033,2024-05-27,NEU,ironic,
22940685,48307,48307,1795139508804968538,2024-05-27,NEG,not ironic,
22940686,48308,48308,1795139508351975493,2024-05-27,POS,not ironic,
22940687,48309,48309,1795139507563479069,2024-05-27,NEG,ironic,
22940688,48310,48310,1795139506472972295,2024-05-27,POS,ironic,
22940689,48311,48311,1795139505521033598,2024-05-27,NEG,not ironic,
22940690,48312,48312,1795139502316396780,2024-05-27,NEG,ironic,
22940691,48313,48313,1795139499678208088,2024-05-27,NEU,ironic,
22940692,48314,48314,1795139499539751254,2024-05-27,NEG,ironic,
22940693,48315,48315,1795139499334185266,2024-05-27,NEU,not ironic,
22940694,48316,48316,1795139498029797675,2024-05-27,NEG,ironic,
22940695,48317,48317,1795139497769779697,2024-05-27,POS,not ironic,
22940696,48318,48318,1795139495924269432,2024-05-27,NEG,ironic,
22940697,48319,48319,1795139495211192796,2024-05-27,NEG,not ironic,
22940698,48320,48320,1795139494540116114,2024-05-27,NEU,not ironic,
22940699,48321,48321,1795139493470797850,2024-05-27,NEU,not ironic,
22940700,48322,48322,1795139493445664952,2024-05-27,NEG,ironic,
22940701,48323,48323,1795139491847446967,2024-05-27,NEG,not ironic,
22940702,48324,48324,1795139490429731170,2024-05-27,NEG,not ironic,
22940703,48325,48325,1795139490329121018,2024-05-27,NEG,not ironic,
22940704,48326,48326,1795139487770513586,2024-05-27,NEG,not ironic,
22940705,48327,48327,1795139487602823572,2024-05-27,NEG,ironic,
22940706,48328,48328,1795139486269010140,2024-05-27,NEU,not ironic,
22940707,48329,48329,1795139485350432811,2024-05-27,NEU,not ironic,
22940708,48330,48330,1795139484956143943,2024-05-27,NEG,ironic,
22940709,48331,48331,1795139484159209689,2024-05-27,NEU,not ironic,
22940710,48332,48332,1795139482561265805,2024-05-27,NEU,not ironic,
22940711,48333,48333,1795139482313720143,2024-05-27,NEG,not ironic,
22940712,48334,48334,1795139482036899953,2024-05-27,NEU,not ironic,
22940713,48335,48335,1795139480275374270,2024-05-27,NEU,not ironic,
22940714,48336,48336,1795139479742623802,2024-05-27,NEG,ironic,
22940715,48337,48337,1795139478522056892,2024-05-27,POS,ironic,
22940716,48338,48338,1795139476697551277,2024-05-27,NEU,ironic,
22940717,48339,48339,1795139476101939340,2024-05-27,NEG,ironic,
22940718,48340,48340,1795139475590307964,2024-05-27,NEG,ironic,
22940719,48341,48341,1795139474633961669,2024-05-27,NEG,not ironic,
22940720,48342,48342,1795139474206097578,2024-05-27,POS,ironic,
22940721,48343,48343,1795139471928709436,2024-05-27,NEU,not ironic,
22940722,48344,48344,1795139471890915409,2024-05-27,NEU,ironic,
22940723,48345,48345,1795139471744159776,2024-05-27,NEG,ironic,
22940724,48346,48346,1795139471404363841,2024-05-27,NEG,ironic,
22940725,48347,48347,1795139470989357108,2024-05-27,NEU,ironic,
22940726,48348,48348,1795139470716486045,2024-05-27,NEG,ironic,
22940727,48349,48349,1795139469567270970,2024-05-27,NEG,not ironic,
22940728,48350,48350,1795139469395276085,2024-05-27,NEU,not ironic,
22940729,48351,48351,1795139468476739792,2024-05-27,NEG,not ironic,
22940730,48352,48352,1795139467998638390,2024-05-27,NEG,not ironic,
22940731,48353,48353,1795139467977818494,2024-05-27,NEG,ironic,
22940732,48354,48354,1795139467721712052,2024-05-27,POS,ironic,
22940733,48355,48355,1795139467365302608,2024-05-27,POS,not ironic,
22940734,48356,48356,1795139467193340245,2024-05-27,NEG,not ironic,
22940735,48357,48357,1795139466211844484,2024-05-27,NEG,not ironic,
22940736,48358,48358,1795139465964335131,2024-05-27,NEG,ironic,
22940737,48359,48359,1795139464836059197,2024-05-27,NEU,not ironic,
22940738,48360,48360,1795139464114680051,2024-05-27,POS,not ironic,
22940739,48361,48361,1795139464076898461,2024-05-27,NEU,not ironic,
22940740,48362,48362,1795139463863005453,2024-05-27,NEG,ironic,
22940741,48363,48363,1795139461841387586,2024-05-27,NEU,not ironic,
22940742,48364,48364,1795139461627642365,2024-05-27,NEG,not ironic,
22940743,48365,48365,1795139461380018545,2024-05-27,NEU,not ironic,
22940744,48366,48366,1795139460079718600,2024-05-27,NEG,not ironic,
22940745,48367,48367,1795139458955608461,2024-05-27,NEG,ironic,
22940746,48368,48368,1795139458540388765,2024-05-27,POS,not ironic,
22940747,48369,48369,1795139458301358410,2024-05-27,POS,not ironic,
22940748,48370,48370,1795139457470923088,2024-05-27,NEU,not ironic,
22940749,48371,48371,1795139456694984937,2024-05-27,POS,ironic,
22940750,48372,48372,1795139456019685780,2024-05-27,NEU,ironic,
22940751,48373,48373,1795139455554101700,2024-05-27,NEU,ironic,
22940752,48374,48374,1795139454966915287,2024-05-27,NEU,not ironic,
22940753,48375,48375,1795139454367072521,2024-05-27,NEU,not ironic,
22940754,48376,48376,1795139453184323737,2024-05-27,NEG,ironic,
22940755,48377,48377,1795139453037482158,2024-05-27,NEU,ironic,
22940756,48378,48378,1795139452584558807,2024-05-27,POS,not ironic,
22940757,48379,48379,1795139452458738003,2024-05-27,NEG,not ironic,
22940758,48380,48380,1795139452219596962,2024-05-27,NEU,not ironic,
22940759,48381,48381,1795139449308787017,2024-05-27,NEG,not ironic,
22940760,48382,48382,1795139449153843229,2024-05-27,NEG,not ironic,
22940761,48383,48383,1795139448763461789,2024-05-27,NEG,not ironic,
22940762,48384,48384,1795139448646021155,2024-05-27,NEG,not ironic,
22940763,48385,48385,1795139447954227648,2024-05-27,NEG,not ironic,
22940764,48386,48386,1795139445206798352,2024-05-27,POS,not ironic,
22940765,48387,48387,1795139442404987014,2024-05-27,NEG,not ironic,
22940766,48388,48388,1795139442165928111,2024-05-27,NEG,ironic,
22940767,48389,48389,1795139441272508827,2024-05-27,NEU,not ironic,
22940768,48390,48390,1795139440869847359,2024-05-27,NEU,ironic,
22940769,48391,48391,1795139439976464828,2024-05-27,NEG,ironic,
22940770,48392,48392,1795139439800242362,2024-05-27,NEG,not ironic,
22940771,48393,48393,1795139439246585992,2024-05-27,NEU,not ironic,
22940772,48394,48394,1795139437908693207,2024-05-27,NEU,not ironic,
22940773,48395,48395,1795139437866705016,2024-05-27,NEG,ironic,
22940774,48396,48396,1795139436289667381,2024-05-27,NEG,not ironic,
22940775,48397,48397,1795139436268626211,2024-05-27,NEU,not ironic,
22940776,48398,48398,1795139435996070387,2024-05-27,POS,ironic,
22940777,48399,48399,1795139435131990328,2024-05-27,NEU,not ironic,
22940778,48400,48400,1795139434410623392,2024-05-27,NEU,not ironic,
22940779,48401,48401,1795139434226049412,2024-05-27,NEU,not ironic,
22940780,48402,48402,1795139432720347509,2024-05-27,NEG,not ironic,
22940781,48403,48403,1795139432384811411,2024-05-27,NEG,ironic,
22940782,48404,48404,1795139430937657459,2024-05-27,NEU,not ironic,
22940783,48405,48405,1795139429843292408,2024-05-27,NEG,ironic,
22940784,48406,48406,1795139429260042651,2024-05-27,NEG,not ironic,
22940785,48407,48407,1795139427670557009,2024-05-27,POS,not ironic,
22940786,48408,48408,1795139427590652049,2024-05-27,NEU,not ironic,
22940787,48409,48409,1795139426663924050,2024-05-27,NEG,ironic,
22940788,48410,48410,1795139425111818483,2024-05-27,NEU,not ironic,
22940789,48411,48411,1795139425074282571,2024-05-27,NEG,ironic,
22940790,48412,48412,1795139424709132545,2024-05-27,NEU,not ironic,
22940791,48413,48413,1795139424293994639,2024-05-27,POS,not ironic,
22940792,48414,48414,1795139423656460711,2024-05-27,NEG,not ironic,
22940793,48415,48415,1795139423631200486,2024-05-27,NEU,not ironic,
22940794,48416,48416,1795139422272250058,2024-05-27,NEU,not ironic,
22940795,48417,48417,1795139421588578785,2024-05-27,NEG,ironic,
22940796,48418,48418,1795139420531704106,2024-05-27,NEU,not ironic,
22940797,48419,48419,1795139420515074366,2024-05-27,POS,ironic,
22940798,48420,48420,1795139420506460439,2024-05-27,NEG,ironic,
22940799,48421,48421,1795139420246478944,2024-05-27,NEU,ironic,
22940800,48422,48422,1795139420108226734,2024-05-27,NEG,not ironic,
22940801,48423,48423,1795139419340472337,2024-05-27,NEU,not ironic,
22940802,48424,48424,1795139419063636355,2024-05-27,NEG,ironic,
22940803,48425,48425,1795139416484348169,2024-05-27,NEG,ironic,
22940804,48426,48426,1795139413841703056,2024-05-27,NEU,not ironic,
22940805,48427,48427,1795139413363548379,2024-05-27,NEG,ironic,
22940806,48428,48428,1795139413283897704,2024-05-27,NEU,ironic,
22940807,48429,48429,1795139413107712111,2024-05-27,NEU,not ironic,
22940808,48430,48430,1795139411513844099,2024-05-27,NEG,not ironic,
22940809,48431,48431,1795139410628915213,2024-05-27,NEG,not ironic,
22940810,48432,48432,1795139409634791511,2024-05-27,NEG,not ironic,
22940811,48433,48433,1795139407965466691,2024-05-27,NEG,ironic,
22940812,48434,48434,1795139407156064749,2024-05-27,POS,not ironic,
22940813,48435,48435,1795139406317183309,2024-05-27,POS,ironic,
22940814,48436,48436,1795139403309834273,2024-05-27,NEG,ironic,
22940815,48437,48437,1795139403007803737,2024-05-27,NEG,not ironic,
22940816,48438,48438,1795139402206745071,2024-05-27,NEG,not ironic,
22940817,48439,48439,1795139402147975177,2024-05-27,NEU,not ironic,
22940818,48440,48440,1795139402110283863,2024-05-27,NEU,not ironic,
22940819,48441,48441,1795139401627975815,2024-05-27,NEU,ironic,
22940820,48442,48442,1795139401233609141,2024-05-27,NEU,not ironic,
22940821,48443,48443,1795139400449352132,2024-05-27,NEU,ironic,
22940822,48444,48444,1795139399899885707,2024-05-27,NEU,not ironic,
22940823,48445,48445,1795139398582902938,2024-05-27,NEG,not ironic,
22940824,48446,48446,1795139398025007597,2024-05-27,NEU,not ironic,
22940825,48447,48447,1795139396859002998,2024-05-27,NEG,not ironic,
22940826,48448,48448,1795139395349106904,2024-05-27,NEG,not ironic,
22940827,48449,48449,1795139391385411703,2024-05-27,NEG,not ironic,
22940828,48450,48450,1795139389921673510,2024-05-27,NEU,not ironic,
22940829,48451,48451,1795139389603054037,2024-05-27,POS,not ironic,
22940830,48452,48452,1795139388831039670,2024-05-27,NEG,not ironic,
22940831,48453,48453,1795139388789203373,2024-05-27,NEU,not ironic,
22940832,48454,48454,1795139383214870680,2024-05-27,NEG,ironic,
22940833,48455,48455,1795139382887727351,2024-05-27,NEG,not ironic,
22940834,48456,48456,1795139381604352447,2024-05-27,NEU,not ironic,
22940835,48457,48457,1795139379624559082,2024-05-27,NEG,ironic,
22940836,48458,48458,1795139379196817919,2024-05-27,NEU,not ironic,
22940837,48459,48459,1795139379133903099,2024-05-27,NEU,not ironic,
22940838,48460,48460,1795139378450247758,2024-05-27,NEG,not ironic,
22940839,48461,48461,1795139377883988047,2024-05-27,NEU,ironic,
22940840,48462,48462,1795139377363890526,2024-05-27,NEU,ironic,
22940841,48463,48463,1795139377246466092,2024-05-27,NEG,not ironic,
22940842,48464,48464,1795139376780837042,2024-05-27,NEU,not ironic,
22940843,48465,48465,1795139376235643093,2024-05-27,NEU,ironic,
22940844,48466,48466,1795139375195459744,2024-05-27,NEG,not ironic,
22940845,48467,48467,1795139373966471311,2024-05-27,NEG,ironic,
22940846,48468,48468,1795139373274628587,2024-05-27,NEG,not ironic,
22940847,48469,48469,1795139372934639706,2024-05-27,NEU,ironic,
22940848,48470,48470,1795139372779524536,2024-05-27,POS,ironic,
22940849,48471,48471,1795139371579887620,2024-05-27,NEG,not ironic,
22940850,48472,48472,1795139369860264402,2024-05-27,NEU,not ironic,
22940851,48473,48473,1795139368652271656,2024-05-27,NEG,not ironic,
22940852,48474,48474,1795139368513949714,2024-05-27,NEG,not ironic,
22940853,48475,48475,1795139368333525016,2024-05-27,NEG,not ironic,
22940854,48476,48476,1795139366160880041,2024-05-27,NEU,not ironic,
22940855,48477,48477,1795139363266785714,2024-05-27,NEG,not ironic,
22940856,48478,48478,1795139362658583002,2024-05-27,NEG,ironic,
22940857,48479,48479,1795139360339222885,2024-05-27,NEG,not ironic,
22940858,48480,48480,1795139355935178929,2024-05-27,NEG,ironic,
22940859,48481,48481,1795139355163451472,2024-05-27,NEU,ironic,
22940860,48482,48482,1795139354844688509,2024-05-27,NEG,ironic,
22940861,48483,48483,1795139352999194918,2024-05-27,NEG,not ironic,
22940862,48484,48484,1795139350356783319,2024-05-27,NEG,ironic,
22940863,48485,48485,1795139350067364309,2024-05-27,NEG,ironic,
22940864,48486,48486,1795139348045684833,2024-05-27,POS,not ironic,
22940865,48487,48487,1795139347097829699,2024-05-27,NEG,not ironic,
22940866,48488,48488,1795139345055146328,2024-05-27,NEU,ironic,
22940867,48489,48489,1795139344413474882,2024-05-27,POS,not ironic,
22940868,48490,48490,1795139343662674237,2024-05-27,NEU,not ironic,
22940869,48491,48491,1795139343377383655,2024-05-27,NEG,not ironic,
22940870,48492,48492,1795139342886744189,2024-05-27,NEU,not ironic,
22940871,48493,48493,1795139341838102631,2024-05-27,NEG,ironic,
22940872,48494,48494,1795139341624168553,2024-05-27,NEG,ironic,
22940873,48495,48495,1795139341158617136,2024-05-27,NEU,not ironic,
22940874,48496,48496,1795139340764320122,2024-05-27,NEG,not ironic,
22940875,48497,48497,1795139338805645617,2024-05-27,NEG,not ironic,
22940876,48498,48498,1795139338746917339,2024-05-27,NEU,not ironic,
22940877,48499,48499,1795139338721952212,2024-05-27,NEG,not ironic,
22940878,48500,48500,1795139338654593253,2024-05-27,NEG,not ironic,
22940879,48501,48501,1795139338042228799,2024-05-27,NEG,not ironic,
22940880,48502,48502,1795139335995482375,2024-05-27,NEG,not ironic,
22940881,48503,48503,1795139334263156747,2024-05-27,NEG,not ironic,
22940882,48504,48504,1795139333785031051,2024-05-27,NEU,not ironic,
22940883,48505,48505,1795139332870746404,2024-05-27,POS,not ironic,
22940884,48506,48506,1795139332854120474,2024-05-27,NEG,ironic,
22940885,48507,48507,1795139332799377823,2024-05-27,NEG,ironic,
22940886,48508,48508,1795139332329623839,2024-05-27,NEU,not ironic,
22940887,48509,48509,1795139331176243415,2024-05-27,NEG,not ironic,
22940888,48510,48510,1795139330870063363,2024-05-27,POS,ironic,
22940889,48511,48511,1795139330207256870,2024-05-27,NEG,ironic,
22940890,48512,48512,1795139329674621187,2024-05-27,NEG,not ironic,
22940891,48513,48513,1795139328798228501,2024-05-27,NEU,not ironic,
22940892,48514,48514,1795139325622915319,2024-05-27,NEG,ironic,
22940893,48515,48515,1795139325245501904,2024-05-27,NEG,not ironic,
22940894,48516,48516,1795139324175917307,2024-05-27,POS,not ironic,
22940895,48517,48517,1795139322938536100,2024-05-27,NEU,not ironic,
22940896,48518,48518,1795139322787586230,2024-05-27,NEU,not ironic,
22940897,48519,48519,1795139321118290264,2024-05-27,NEU,ironic,
22940898,48520,48520,1795139319536996403,2024-05-27,NEU,not ironic,
22940899,48521,48521,1795139319478251697,2024-05-27,NEG,ironic,
22940900,48522,48522,1795139317662093718,2024-05-27,NEG,ironic,
22940901,48523,48523,1795139316898787650,2024-05-27,NEG,ironic,
22940902,48524,48524,1795139316487733370,2024-05-27,POS,not ironic,
22940903,48525,48525,1795139315133001934,2024-05-27,NEG,not ironic,
22940904,48526,48526,1795139314705137964,2024-05-27,NEG,not ironic,
22940905,48527,48527,1795139313660842157,2024-05-27,NEG,not ironic,
22940906,48528,48528,1795139313375604794,2024-05-27,NEG,not ironic,
22940907,48529,48529,1795139311974719814,2024-05-27,POS,not ironic,
22940908,48530,48530,1795139311592964236,2024-05-27,NEG,not ironic,
22940909,48531,48531,1795139310510883208,2024-05-27,NEU,not ironic,
22940910,48532,48532,1795139307822252162,2024-05-27,NEG,not ironic,
22940911,48533,48533,1795139307205726688,2024-05-27,NEU,not ironic,
22940912,48534,48534,1795139305809039682,2024-05-27,NEG,not ironic,
22940913,48535,48535,1795139305729294686,2024-05-27,POS,ironic,
22940914,48536,48536,1795139305586770018,2024-05-27,NEU,ironic,
22940915,48537,48537,1795139305574367617,2024-05-27,NEG,not ironic,
22940916,48538,48538,1795139305234452554,2024-05-27,NEU,not ironic,
22940917,48539,48539,1795139304403964234,2024-05-27,NEU,ironic,
22940918,48540,48540,1795139304110354821,2024-05-27,NEG,ironic,
22940919,48541,48541,1795139303170814144,2024-05-27,NEG,not ironic,
22940920,48542,48542,1795139301430235326,2024-05-27,NEG,ironic,
22940921,48543,48543,1795139297567195263,2024-05-27,NEG,ironic,
22940922,48544,48544,1795139297051291974,2024-05-27,NEG,not ironic,
22940923,48545,48545,1795139296695025756,2024-05-27,NEU,not ironic,
22940924,48546,48546,1795139296430522575,2024-05-27,NEG,not ironic,
22940925,48547,48547,1795139296191488445,2024-05-27,POS,ironic,
22940926,48548,48548,1795139296145395871,2024-05-27,NEU,not ironic,
22940927,48549,48549,1795139289891684610,2024-05-27,NEU,not ironic,
22940928,48550,48550,1795139289539305915,2024-05-27,NEG,not ironic,
22940929,48551,48551,1795139289421959534,2024-05-27,NEG,ironic,
22940930,48552,48552,1795139287119233221,2024-05-27,NEU,not ironic,
22940931,48553,48553,1795139287001767945,2024-05-27,NEG,not ironic,
22940932,48554,48554,1795139286565556410,2024-05-27,NEG,not ironic,
22940933,48555,48555,1795139285315694641,2024-05-27,NEG,ironic,
22940934,48556,48556,1795139284862693531,2024-05-27,NEG,ironic,
22940935,48557,48557,1795139281113043387,2024-05-27,NEG,ironic,
22940936,48558,48558,1795139281062601130,2024-05-27,NEU,not ironic,
22940937,48559,48559,1795139279808520332,2024-05-27,NEG,ironic,
22940938,48560,48560,1795139278239830412,2024-05-27,NEG,ironic,
22940939,48561,48561,1795139278080512043,2024-05-27,NEG,not ironic,
22940940,48562,48562,1795139277631758617,2024-05-27,NEU,not ironic,
22940941,48563,48563,1795139276885168340,2024-05-27,NEU,not ironic,
22940942,48564,48564,1795139276306317548,2024-05-27,NEG,not ironic,
22940943,48565,48565,1795139275979211063,2024-05-27,NEU,ironic,
22940944,48566,48566,1795139275886829630,2024-05-27,POS,not ironic,
22940945,48567,48567,1795139275840774421,2024-05-27,NEG,not ironic,
22940946,48568,48568,1795139274800558461,2024-05-27,NEG,ironic,
22940947,48569,48569,1795139274699948277,2024-05-27,NEG,ironic,
22940948,48570,48570,1795139273873670196,2024-05-27,NEG,ironic,
22940949,48571,48571,1795139273617736043,2024-05-27,NEU,not ironic,
22940950,48572,48572,1795139273567469728,2024-05-27,NEG,ironic,
22940951,48573,48573,1795139272250433586,2024-05-27,NEG,ironic,
22940952,48574,48574,1795139272204222867,2024-05-27,NEG,not ironic,
22940953,48575,48575,1795139270883094719,2024-05-27,NEG,not ironic,
22940954,48576,48576,1795139270732034223,2024-05-27,NEG,not ironic,
22940955,48577,48577,1795139269817725169,2024-05-27,NEG,ironic,
22940956,48578,48578,1795139267158540715,2024-05-27,NEU,not ironic,
22940957,48579,48579,1795139265757839664,2024-05-27,NEU,not ironic,
22940958,48580,48580,1795139264457400540,2024-05-27,NEU,not ironic,
22940959,48581,48581,1795139263429832900,2024-05-27,NEG,ironic,
22940960,48582,48582,1795139262045880724,2024-05-27,NEU,not ironic,
22940961,48583,48583,1795139261362209010,2024-05-27,NEG,ironic,
22940962,48584,48584,1795139261336875480,2024-05-27,NEG,ironic,
22940963,48585,48585,1795139259877183650,2024-05-27,NEU,not ironic,
22940964,48586,48586,1795139259822653906,2024-05-27,POS,ironic,
22940965,48587,48587,1795139257520021903,2024-05-27,NEG,not ironic,
22940966,48588,48588,1795139254940569619,2024-05-27,NEU,ironic,
22940967,48589,48589,1795139254265249985,2024-05-27,NEG,not ironic,
22940968,48590,48590,1795139253661311370,2024-05-27,NEU,ironic,
22940969,48591,48591,1795139252876959943,2024-05-27,POS,not ironic,
22940970,48592,48592,1795139252876919058,2024-05-27,NEG,ironic,
22940971,48593,48593,1795139252054798815,2024-05-27,NEG,ironic,
22940972,48594,48594,1795139250960081132,2024-05-27,NEU,not ironic,
22940973,48595,48595,1795139249919918453,2024-05-27,NEU,not ironic,
22940974,48596,48596,1795139248313823261,2024-05-27,POS,not ironic,
22940975,48597,48597,1795139248137404555,2024-05-27,POS,not ironic,
22940976,48598,48598,1795139246249906327,2024-05-27,NEU,not ironic,
22940977,48599,48599,1795139246212137342,2024-05-27,NEU,ironic,
22940978,48600,48600,1795139245700423723,2024-05-27,NEU,not ironic,
22940979,48601,48601,1795139245381681615,2024-05-27,NEU,ironic,
22940980,48602,48602,1795139245021012480,2024-05-27,NEU,not ironic,
22940981,48603,48603,1795139242991001909,2024-05-27,NEG,ironic,
22940982,48604,48604,1795139239090221228,2024-05-27,NEU,not ironic,
22940983,48605,48605,1795139238389768527,2024-05-27,NEU,not ironic,
22940984,48606,48606,1795139238087778664,2024-05-27,NEG,ironic,
22940985,48607,48607,1795139237966123386,2024-05-27,NEG,not ironic,
22940986,48608,48608,1795139237072744783,2024-05-27,NEG,ironic,
22940987,48609,48609,1795139236590477611,2024-05-27,POS,not ironic,
22940988,48610,48610,1795139235504124040,2024-05-27,NEU,not ironic,
22940989,48611,48611,1795139235416031613,2024-05-27,NEU,not ironic,
22940990,48612,48612,1795139235399319691,2024-05-27,NEG,not ironic,
22940991,48613,48613,1795139234979885058,2024-05-27,NEU,ironic,
22940992,48614,48614,1795139234354901467,2024-05-27,NEG,not ironic,
22940993,48615,48615,1795139233159520749,2024-05-27,NEU,not ironic,
22940994,48616,48616,1795139232568074617,2024-05-27,NEG,ironic,
22940995,48617,48617,1795139231452364848,2024-05-27,NEG,ironic,
22940996,48618,48618,1795139231410434219,2024-05-27,NEG,not ironic,
22940997,48619,48619,1795139228835188812,2024-05-27,POS,not ironic,
22940998,48620,48620,1795139227669213484,2024-05-27,NEU,not ironic,
22940999,48621,48621,1795139227560423508,2024-05-27,NEG,ironic,
22941000,48622,48622,1795139227170074673,2024-05-27,NEU,not ironic,
22941001,48623,48623,1795139225089646759,2024-05-27,NEG,ironic,
22941002,48624,48624,1795139220664664562,2024-05-27,NEU,not ironic,
22941003,48625,48625,1795139219536355375,2024-05-27,POS,ironic,
22941004,48626,48626,1795139218814960083,2024-05-27,NEG,not ironic,
22941005,48627,48627,1795139218517213649,2024-05-27,NEG,ironic,
22941006,48628,48628,1795139217514692925,2024-05-27,NEU,not ironic,
22941007,48629,48629,1795139215484768572,2024-05-27,NEG,ironic,
22941008,48630,48630,1795139214276763778,2024-05-27,POS,not ironic,
22941009,48631,48631,1795139213525963157,2024-05-27,NEU,not ironic,
22941010,48632,48632,1795139213345628235,2024-05-27,NEG,ironic,
22941011,48633,48633,1795139212875899040,2024-05-27,NEG,ironic,
22941012,48634,48634,1795139212712267845,2024-05-27,NEG,ironic,
22941013,48635,48635,1795139210883555663,2024-05-27,POS,not ironic,
22941014,48636,48636,1795139210644431040,2024-05-27,NEG,not ironic,
22941015,48637,48637,1795139210027942265,2024-05-27,NEG,not ironic,
22941016,48638,48638,1795139208060801473,2024-05-27,NEG,ironic,
22941017,48639,48639,1795139207972659227,2024-05-27,NEU,ironic,
22941018,48640,48640,1795139207830118669,2024-05-27,NEG,not ironic,
22941019,48641,48641,1795139207523873243,2024-05-27,NEG,not ironic,
22941020,48642,48642,1795139206513053827,2024-05-27,POS,not ironic,
22941021,48643,48643,1795139200951448059,2024-05-27,NEU,not ironic,
22941022,48644,48644,1795139199869337781,2024-05-27,NEU,not ironic,
22941023,48645,48645,1795139199856689183,2024-05-27,NEG,ironic,
22941024,48646,48646,1795139199454081290,2024-05-27,NEU,not ironic,
22941025,48647,48647,1795139197965070763,2024-05-27,NEG,not ironic,
22941026,48648,48648,1795139196761358798,2024-05-27,POS,not ironic,
22941027,48649,48649,1795139196593578384,2024-05-27,POS,ironic,
22941028,48650,48650,1795139195431706859,2024-05-27,NEG,ironic,
22941029,48651,48651,1795139193103863869,2024-05-27,NEG,not ironic,
22941030,48652,48652,1795139190977396782,2024-05-27,NEU,not ironic,
22941031,48653,48653,1795139189865861531,2024-05-27,POS,ironic,
22941032,48654,48654,1795139189777850655,2024-05-27,NEU,not ironic,
22941033,48655,48655,1795139188305576180,2024-05-27,NEG,not ironic,
22941034,48656,48656,1795139188121112637,2024-05-27,NEG,not ironic,
22941035,48657,48657,1795139188041343315,2024-05-27,NEG,not ironic,
22941036,48658,48658,1795139183230464375,2024-05-27,NEG,ironic,
22941037,48659,48659,1795139181158470095,2024-05-27,NEG,ironic,
22941038,48660,48660,1795139178885238847,2024-05-27,NEU,not ironic,
22941039,48661,48661,1795139178675511429,2024-05-27,NEG,ironic,
22941040,48662,48662,1795139178331537594,2024-05-27,NEG,not ironic,
22941041,48663,48663,1795139177060642926,2024-05-27,NEG,not ironic,
22941042,48664,48664,1795139174279885151,2024-05-27,NEU,not ironic,
22941043,48665,48665,1795139174237893104,2024-05-27,NEU,not ironic,
22941044,48666,48666,1795139173713838262,2024-05-27,NEG,not ironic,
22941045,48667,48667,1795139173403271347,2024-05-27,NEG,not ironic,
22941046,48668,48668,1795139172174336243,2024-05-27,NEG,ironic,
22941047,48669,48669,1795139171142729812,2024-05-27,NEG,ironic,
22941048,48670,48670,1795139169074700765,2024-05-27,NEG,not ironic,
22941049,48671,48671,1795139168927957373,2024-05-27,POS,ironic,
22941050,48672,48672,1795139167837413461,2024-05-27,NEG,ironic,
22941051,48673,48673,1795139167006912999,2024-05-27,NEG,not ironic,
22941052,48674,48674,1795139166939857231,2024-05-27,NEG,not ironic,
22941053,48675,48675,1795139165283053713,2024-05-27,POS,not ironic,
22941054,48676,48676,1795139165253697931,2024-05-27,NEU,ironic,
22941055,48677,48677,1795139165140459546,2024-05-27,POS,not ironic,
22941056,48678,48678,1795139164972691524,2024-05-27,POS,ironic,
22941057,48679,48679,1795139164817477888,2024-05-27,NEU,not ironic,
22941058,48680,48680,1795139163672506737,2024-05-27,NEU,not ironic,
22941059,48681,48681,1795139161709588715,2024-05-27,NEG,not ironic,
22941060,48682,48682,1795139161709490632,2024-05-27,NEG,not ironic,
22941061,48683,48683,1795139160623174017,2024-05-27,POS,not ironic,
22941062,48684,48684,1795139159989838272,2024-05-27,NEU,not ironic,
22941063,48685,48685,1795139158337327469,2024-05-27,NEG,not ironic,
22941064,48686,48686,1795139155854291133,2024-05-27,NEU,not ironic,
22941065,48687,48687,1795139155430621316,2024-05-27,NEU,not ironic,
22941066,48688,48688,1795139155350921367,2024-05-27,NEU,not ironic,
22941067,48689,48689,1795139154818236845,2024-05-27,NEU,ironic,
22941068,48690,48690,1795139154512162946,2024-05-27,POS,not ironic,
22941069,48691,48691,1795139153945854243,2024-05-27,POS,not ironic,
22941070,48692,48692,1795139153786450117,2024-05-27,NEG,not ironic,
22941071,48693,48693,1795139153471955401,2024-05-27,POS,not ironic,
22941072,48694,48694,1795139153320989047,2024-05-27,NEU,not ironic,
22941073,48695,48695,1795139151454441794,2024-05-27,NEG,not ironic,
22941074,48696,48696,1795139150670148090,2024-05-27,NEG,ironic,
22941075,48697,48697,1795139150368120937,2024-05-27,NEG,not ironic,
22941076,48698,48698,1795139150280114503,2024-05-27,POS,ironic,
22941077,48699,48699,1795139150003282093,2024-05-27,NEU,ironic,
22941078,48700,48700,1795139149927735398,2024-05-27,POS,ironic,
22941079,48701,48701,1795139147457331596,2024-05-27,NEG,not ironic,
22941080,48702,48702,1795139147142922389,2024-05-27,NEU,not ironic,
22941081,48703,48703,1795139147130094014,2024-05-27,NEG,not ironic,
22941082,48704,48704,1795139146811322401,2024-05-27,NEU,not ironic,
22941083,48705,48705,1795139146106675421,2024-05-27,POS,ironic,
22941084,48706,48706,1795139145334976646,2024-05-27,NEG,ironic,
22941085,48707,48707,1795139143963402440,2024-05-27,NEG,not ironic,
22941086,48708,48708,1795139138888532139,2024-05-27,NEU,not ironic,
22941087,48709,48709,1795139138552737802,2024-05-27,NEU,not ironic,
22941088,48710,48710,1795139138292678725,2024-05-27,NEU,ironic,
22941089,48711,48711,1795139136950505515,2024-05-27,NEU,not ironic,
22941090,48712,48712,1795139136480756138,2024-05-27,NEG,not ironic,
22941091,48713,48713,1795139135738433810,2024-05-27,NEG,ironic,
22941092,48714,48714,1795139135180579289,2024-05-27,NEG,not ironic,
22941093,48715,48715,1795139132949238086,2024-05-27,NEU,not ironic,
22941094,48716,48716,1795139132076982534,2024-05-27,NEG,not ironic,
22941095,48717,48717,1795139131724484675,2024-05-27,NEG,ironic,
22941096,48718,48718,1795139130994651624,2024-05-27,NEU,not ironic,
22941097,48719,48719,1795139130155794758,2024-05-27,NEG,ironic,
22941098,48720,48720,1795139130126397532,2024-05-27,NEG,not ironic,
22941099,48721,48721,1795139127387750804,2024-05-27,NEU,not ironic,
22941100,48722,48722,1795139125516886303,2024-05-27,NEG,ironic,
22941101,48723,48723,1795139125051310569,2024-05-27,NEU,not ironic,
22941102,48724,48724,1795139125009416431,2024-05-27,NEG,not ironic,
22941103,48725,48725,1795139124761903194,2024-05-27,NEU,not ironic,
22941104,48726,48726,1795139124044890264,2024-05-27,NEU,ironic,
22941105,48727,48727,1795139123881074754,2024-05-27,NEU,not ironic,
22941106,48728,48728,1795139122580893755,2024-05-27,NEU,ironic,
22941107,48729,48729,1795139121951789520,2024-05-27,POS,not ironic,
22941108,48730,48730,1795139121276432872,2024-05-27,NEU,not ironic,
22941109,48731,48731,1795139118974091413,2024-05-27,NEG,not ironic,
22941110,48732,48732,1795139118445236421,2024-05-27,NEU,not ironic,
22941111,48733,48733,1795139118147465537,2024-05-27,NEG,not ironic,
22941112,48734,48734,1795139117782552603,2024-05-27,NEG,not ironic,
22941113,48735,48735,1795139115509268711,2024-05-27,NEU,not ironic,
22941114,48736,48736,1795139115173773710,2024-05-27,NEU,not ironic,
22941115,48737,48737,1795139114091655170,2024-05-27,NEG,ironic,
22941116,48738,48738,1795139113907028266,2024-05-27,NEU,not ironic,
22941117,48739,48739,1795139113571500410,2024-05-27,NEU,ironic,
22941118,48740,48740,1795139112841716001,2024-05-27,NEU,ironic,
22941119,48741,48741,1795139112468381712,2024-05-27,NEG,ironic,
22941120,48742,48742,1795139112338379250,2024-05-27,NEU,not ironic,
22941121,48743,48743,1795139111621169507,2024-05-27,NEU,not ironic,
22941122,48744,48744,1795139109905678439,2024-05-27,NEU,not ironic,
22941123,48745,48745,1795139109381415365,2024-05-27,NEU,ironic,
22941124,48746,48746,1795139106952905063,2024-05-27,NEG,not ironic,
22941125,48747,48747,1795139106919375115,2024-05-27,NEG,ironic,
22941126,48748,48748,1795139106512519433,2024-05-27,POS,ironic,
22941127,48749,48749,1795139106223046949,2024-05-27,NEG,not ironic,
22941128,48750,48750,1795139104679788598,2024-05-27,NEG,not ironic,
22941129,48751,48751,1795139104364999168,2024-05-27,NEG,ironic,
22941130,48752,48752,1795139103907795121,2024-05-27,NEG,ironic,
22941131,48753,48753,1795139103551320328,2024-05-27,NEG,not ironic,
22941132,48754,48754,1795139103500980622,2024-05-27,NEG,ironic,
22941133,48755,48755,1795139102808887797,2024-05-27,NEU,not ironic,
22941134,48756,48756,1795139102414602649,2024-05-27,NEG,ironic,
22941135,48757,48757,1795139100057469099,2024-05-27,NEU,ironic,
22941136,48758,48758,1795139099864482049,2024-05-27,POS,not ironic,
22941137,48759,48759,1795139099528921180,2024-05-27,NEG,not ironic,
22941138,48760,48760,1795139099151495379,2024-05-27,NEG,not ironic,
22941139,48761,48761,1795139098966995437,2024-05-27,POS,not ironic,
22941140,48762,48762,1795139097255714821,2024-05-27,POS,not ironic,
22941141,48763,48763,1795139095749972283,2024-05-27,NEU,not ironic,
22941142,48764,48764,1795139092755169755,2024-05-27,NEG,not ironic,
22941143,48765,48765,1795139092520264052,2024-05-27,NEU,not ironic,
22941144,48766,48766,1795139092465828257,2024-05-27,NEG,not ironic,
22941145,48767,48767,1795139092054728990,2024-05-27,NEG,not ironic,
22941146,48768,48768,1795139091761168476,2024-05-27,POS,not ironic,
22941147,48769,48769,1795139091652137378,2024-05-27,NEG,not ironic,
22941148,48770,48770,1795139091031273720,2024-05-27,NEG,not ironic,
22941149,48771,48771,1795139090666619117,2024-05-27,POS,ironic,
22941150,48772,48772,1795139087252193506,2024-05-27,NEG,not ironic,
22941151,48773,48773,1795139082051375307,2024-05-27,POS,ironic,
22941152,48774,48774,1795139081984258464,2024-05-27,NEG,ironic,
22941153,48775,48775,1795139080965009424,2024-05-27,NEU,not ironic,
22941154,48776,48776,1795139078775767291,2024-05-27,NEU,not ironic,
22941155,48777,48777,1795139076342919375,2024-05-27,NEU,ironic,
22941156,48778,48778,1795139075898282335,2024-05-27,NEU,not ironic,
22941157,48779,48779,1795139075579515384,2024-05-27,NEG,ironic,
22941158,48780,48780,1795139073935331403,2024-05-27,NEG,ironic,
22941159,48781,48781,1795139073029370255,2024-05-27,NEU,ironic,
22941160,48782,48782,1795139071766868377,2024-05-27,NEU,not ironic,
22941161,48783,48783,1795139071703969999,2024-05-27,NEG,ironic,
22941162,48784,48784,1795139070122688768,2024-05-27,NEG,not ironic,
22941163,48785,48785,1795139070030643489,2024-05-27,NEU,not ironic,
22941164,48786,48786,1795139069388653001,2024-05-27,POS,ironic,
22941165,48787,48787,1795139069019570541,2024-05-27,NEU,not ironic,
22941166,48788,48788,1795139068243689608,2024-05-27,NEG,not ironic,
22941167,48789,48789,1795139067731902878,2024-05-27,NEU,not ironic,
22941168,48790,48790,1795139064955293988,2024-05-27,POS,not ironic,
22941169,48791,48791,1795139064812667226,2024-05-27,NEG,ironic,
22941170,48792,48792,1795139063718011287,2024-05-27,NEG,not ironic,
22941171,48793,48793,1795139063634124906,2024-05-27,POS,not ironic,
22941172,48794,48794,1795139063076225329,2024-05-27,NEG,ironic,
22941173,48795,48795,1795139060899422547,2024-05-27,NEG,not ironic,
22941174,48796,48796,1795139059578286268,2024-05-27,NEG,ironic,
22941175,48797,48797,1795139055996260622,2024-05-27,NEU,not ironic,
22941176,48798,48798,1795139055190999274,2024-05-27,NEU,not ironic,
22941177,48799,48799,1795139053748101195,2024-05-27,NEG,not ironic,
22941178,48800,48800,1795139052783476865,2024-05-27,POS,ironic,
22941179,48801,48801,1795139052670419330,2024-05-27,NEU,not ironic,
22941180,48802,48802,1795139052376559647,2024-05-27,NEG,not ironic,
22941181,48803,48803,1795139051764256931,2024-05-27,NEU,not ironic,
22941182,48804,48804,1795139051265179712,2024-05-27,NEU,not ironic,
22941183,48805,48805,1795139050946388328,2024-05-27,NEU,not ironic,
22941184,48806,48806,1795139050816315403,2024-05-27,NEG,ironic,
22941185,48807,48807,1795139050778591292,2024-05-27,NEG,not ironic,
22941186,48808,48808,1795139050438885395,2024-05-27,POS,not ironic,
22941187,48809,48809,1795139050350821766,2024-05-27,NEG,ironic,
22941188,48810,48810,1795139049553908040,2024-05-27,NEU,not ironic,
22941189,48811,48811,1795139049482547452,2024-05-27,NEG,not ironic,
22941190,48812,48812,1795139049386061835,2024-05-27,NEG,not ironic,
22941191,48813,48813,1795139049176420618,2024-05-27,NEG,not ironic,
22941192,48814,48814,1795139047330927001,2024-05-27,NEG,not ironic,
22941193,48815,48815,1795139046433284128,2024-05-27,NEU,not ironic,
22941194,48816,48816,1795139043719512531,2024-05-27,NEU,not ironic,
22941195,48817,48817,1795139043501412819,2024-05-27,NEG,not ironic,
22941196,48818,48818,1795139043329478702,2024-05-27,NEG,not ironic,
22941197,48819,48819,1795139043270791415,2024-05-27,NEU,not ironic,
22941198,48820,48820,1795139041714725311,2024-05-27,NEG,ironic,
22941199,48821,48821,1795139040016015660,2024-05-27,POS,not ironic,
22941200,48822,48822,1795139039936311368,2024-05-27,NEG,not ironic,
22941201,48823,48823,1795139039760154948,2024-05-27,NEG,ironic,
22941202,48824,48824,1795139038770282765,2024-05-27,NEU,ironic,
22941203,48825,48825,1795139038380204321,2024-05-27,NEU,ironic,
22941204,48826,48826,1795139038065647922,2024-05-27,NEU,not ironic,
22941205,48827,48827,1795139036496994563,2024-05-27,NEU,not ironic,
22941206,48828,48828,1795139036241080777,2024-05-27,NEG,not ironic,
22941207,48829,48829,1795139036094284253,2024-05-27,NEG,ironic,
22941208,48830,48830,1795139035888841047,2024-05-27,NEG,not ironic,
22941209,48831,48831,1795139035255431640,2024-05-27,NEU,not ironic,
22941210,48832,48832,1795139034790101251,2024-05-27,NEG,ironic,
22941211,48833,48833,1795139034437603605,2024-05-27,NEG,ironic,
22941212,48834,48834,1795139034362101823,2024-05-27,NEU,not ironic,
22941213,48835,48835,1795139034223939888,2024-05-27,NEU,not ironic,
22941214,48836,48836,1795139032818778425,2024-05-27,NEU,not ironic,
22941215,48837,48837,1795139032260784196,2024-05-27,NEG,not ironic,
22941216,48838,48838,1795139031270936789,2024-05-27,NEG,not ironic,
22941217,48839,48839,1795139031082164280,2024-05-27,NEG,ironic,
22941218,48840,48840,1795139029664473442,2024-05-27,NEU,ironic,
22941219,48841,48841,1795139029505036352,2024-05-27,NEU,not ironic,
22941220,48842,48842,1795139028808761510,2024-05-27,NEG,not ironic,
22941221,48843,48843,1795139027424756145,2024-05-27,NEG,not ironic,
22941222,48844,48844,1795139026338402756,2024-05-27,NEG,ironic,
22941223,48845,48845,1795139025583444409,2024-05-27,NEU,not ironic,
22941224,48846,48846,1795139025428181253,2024-05-27,NEG,ironic,
22941225,48847,48847,1795139024530604208,2024-05-27,NEG,ironic,
22941226,48848,48848,1795139023440056790,2024-05-27,NEG,not ironic,
22941227,48849,48849,1795139022378905608,2024-05-27,NEG,not ironic,
22941228,48850,48850,1795139021158699436,2024-05-27,NEG,not ironic,
22941229,48851,48851,1795139021045407830,2024-05-27,NEU,not ironic,
22941230,48852,48852,1795139020915081639,2024-05-27,NEU,not ironic,
22941231,48853,48853,1795139020055314701,2024-05-27,NEU,ironic,
22941232,48854,48854,1795139019883401518,2024-05-27,NEG,ironic,
22941233,48855,48855,1795139019279565206,2024-05-27,POS,not ironic,
22941234,48856,48856,1795139018792833150,2024-05-27,NEG,ironic,
22941235,48857,48857,1795139018620887455,2024-05-27,NEG,ironic,
22941236,48858,48858,1795139018251960714,2024-05-27,POS,not ironic,
22941237,48859,48859,1795139016125202737,2024-05-27,NEG,not ironic,
22941238,48860,48860,1795139015600918530,2024-05-27,NEG,ironic,
22941239,48861,48861,1795139015324135744,2024-05-27,POS,not ironic,
22941240,48862,48862,1795139014892085553,2024-05-27,NEU,ironic,
22941241,48863,48863,1795139013038202954,2024-05-27,NEG,ironic,
22941242,48864,48864,1795139012610453911,2024-05-27,NEU,not ironic,
22941243,48865,48865,1795139012488798671,2024-05-27,NEG,ironic,
22941244,48866,48866,1795139012102902067,2024-05-27,NEG,not ironic,
22941245,48867,48867,1795139010660090090,2024-05-27,NEG,not ironic,
22941246,48868,48868,1795139009963802960,2024-05-27,NEG,not ironic,
22941247,48869,48869,1795139006574784845,2024-05-27,NEU,not ironic,
22941248,48870,48870,1795139006549631004,2024-05-27,NEU,not ironic,
22941249,48871,48871,1795139004356080094,2024-05-27,NEU,not ironic,
22941250,48872,48872,1795139002770592001,2024-05-27,NEG,not ironic,
22941251,48873,48873,1795138999989707004,2024-05-27,NEG,ironic,
22941252,48874,48874,1795138999964598656,2024-05-27,POS,ironic,
22941253,48875,48875,1795138999830347970,2024-05-27,NEG,ironic,
22941254,48876,48876,1795138999180300403,2024-05-27,NEG,not ironic,
22941255,48877,48877,1795138997468991815,2024-05-27,POS,not ironic,
22941256,48878,48878,1795138996282012010,2024-05-27,NEG,ironic,
22941257,48879,48879,1795138995816628732,2024-05-27,NEG,not ironic,
22941258,48880,48880,1795138995069882840,2024-05-27,NEG,not ironic,
22941259,48881,48881,1795138994897846574,2024-05-27,NEG,ironic,
22941260,48882,48882,1795138994033901649,2024-05-27,NEU,not ironic,
22941261,48883,48883,1795138993543147739,2024-05-27,NEU,ironic,
22941262,48884,48884,1795138990645149886,2024-05-27,NEG,ironic,
22941263,48885,48885,1795138989751402521,2024-05-27,NEU,not ironic,
22941264,48886,48886,1795138988757643348,2024-05-27,NEU,ironic,
22941265,48887,48887,1795138988723822899,2024-05-27,NEU,not ironic,
22941266,48888,48888,1795138987994038618,2024-05-27,NEU,ironic,
22941267,48889,48889,1795138984965710293,2024-05-27,NEU,not ironic,
22941268,48890,48890,1795138983652925559,2024-05-27,NEU,not ironic,
22941269,48891,48891,1795138983162187952,2024-05-27,NEG,not ironic,
22941270,48892,48892,1795138981018915275,2024-05-27,NEG,not ironic,
22941271,48893,48893,1795138979081195918,2024-05-27,POS,ironic,
22941272,48894,48894,1795138978649186808,2024-05-27,NEU,not ironic,
22941273,48895,48895,1795138977390837793,2024-05-27,POS,ironic,
22941274,48896,48896,1795138975297945825,2024-05-27,NEU,not ironic,
22941275,48897,48897,1795138975188898177,2024-05-27,NEG,not ironic,
22941276,48898,48898,1795138973959954771,2024-05-27,NEG,not ironic,
22941277,48899,48899,1795138973842473319,2024-05-27,NEG,ironic,
22941278,48900,48900,1795138972756431176,2024-05-27,NEU,not ironic,
22941279,48901,48901,1795138972122747080,2024-05-27,NEU,not ironic,
22941280,48902,48902,1795138970377937054,2024-05-27,NEG,ironic,
22941281,48903,48903,1795138969782370624,2024-05-27,NEU,not ironic,
22941282,48904,48904,1795138969182581237,2024-05-27,POS,not ironic,
22941283,48905,48905,1795138968570241100,2024-05-27,POS,not ironic,
22941284,48906,48906,1795138968255627507,2024-05-27,NEG,not ironic,
22941285,48907,48907,1795138967446102227,2024-05-27,POS,not ironic,
22941286,48908,48908,1795138966359863333,2024-05-27,NEU,not ironic,
22941287,48909,48909,1795138965495800064,2024-05-27,NEG,not ironic,
22941288,48910,48910,1795138962874360135,2024-05-27,NEU,not ironic,
22941289,48911,48911,1795138961012117648,2024-05-27,POS,ironic,
22941290,48912,48912,1795138960118706349,2024-05-27,NEG,not ironic,
22941291,48913,48913,1795138959581827215,2024-05-27,NEG,not ironic,
22941292,48914,48914,1795138958730404096,2024-05-27,NEG,not ironic,
22941293,48915,48915,1795138958667509976,2024-05-27,NEG,ironic,
22941294,48916,48916,1795138958180938110,2024-05-27,NEG,not ironic,
22941295,48917,48917,1795138958042550591,2024-05-27,NEG,not ironic,
22941296,48918,48918,1795138957509870014,2024-05-27,NEU,not ironic,
22941297,48919,48919,1795138956557766894,2024-05-27,NEU,not ironic,
22941298,48920,48920,1795138956318683326,2024-05-27,NEU,not ironic,
22941299,48921,48921,1795138956008259767,2024-05-27,NEU,not ironic,
22941300,48922,48922,1795138953751708087,2024-05-27,NEG,not ironic,
22941301,48923,48923,1795138953076425063,2024-05-27,NEG,not ironic,
22941302,48924,48924,1795138952996753737,2024-05-27,NEG,not ironic,
22941303,48925,48925,1795138952887664821,2024-05-27,NEG,ironic,
22941304,48926,48926,1795138952489255055,2024-05-27,NEG,not ironic,
22941305,48927,48927,1795138951365169187,2024-05-27,NEU,ironic,
22941306,48928,48928,1795138950966702141,2024-05-27,NEU,ironic,
22941307,48929,48929,1795138950706889208,2024-05-27,NEG,ironic,
22941308,48930,48930,1795138949834236083,2024-05-27,NEG,ironic,
22941309,48931,48931,1795138949511356550,2024-05-27,NEU,not ironic,
22941310,48932,48932,1795138949381247347,2024-05-27,NEG,not ironic,
22941311,48933,48933,1795138949255495736,2024-05-27,NEU,not ironic,
22941312,48934,48934,1795138948622090500,2024-05-27,POS,ironic,
22941313,48935,48935,1795138946550145346,2024-05-27,NEG,ironic,
22941314,48936,48936,1795138943144390743,2024-05-27,NEU,not ironic,
22941315,48937,48937,1795138942666256690,2024-05-27,NEU,ironic,
22941316,48938,48938,1795138942192230524,2024-05-27,NEG,not ironic,
22941317,48939,48939,1795138941085216946,2024-05-27,NEG,ironic,
22941318,48940,48940,1795138940577435795,2024-05-27,NEU,not ironic,
22941319,48941,48941,1795138940397117639,2024-05-27,NEU,not ironic,
22941320,48942,48942,1795138938870383072,2024-05-27,NEG,not ironic,
22941321,48943,48943,1795138938597724359,2024-05-27,NEG,not ironic,
22941322,48944,48944,1795138938287321385,2024-05-27,NEU,not ironic,
22941323,48945,48945,1795138938081825280,2024-05-27,NEG,not ironic,
22941324,48946,48946,1795138937159123403,2024-05-27,NEG,not ironic,
22941325,48947,48947,1795138936785801265,2024-05-27,NEU,ironic,
22941326,48948,48948,1795138934743118271,2024-05-27,NEU,not ironic,
22941327,48949,48949,1795138932562116850,2024-05-27,NEG,not ironic,
22941328,48950,48950,1795138931685466552,2024-05-27,NEG,not ironic,
22941329,48951,48951,1795138931358351778,2024-05-27,NEG,ironic,
22941330,48952,48952,1795138930138022221,2024-05-27,NEG,not ironic,
22941331,48953,48953,1795138929915490672,2024-05-27,NEG,not ironic,
22941332,48954,48954,1795138929655476383,2024-05-27,NEG,not ironic,
22941333,48955,48955,1795138929567338570,2024-05-27,POS,not ironic,
22941334,48956,48956,1795138928170668504,2024-05-27,POS,ironic,
22941335,48957,48957,1795138927340421258,2024-05-27,NEU,ironic,
22941336,48958,48958,1795138925670892029,2024-05-27,POS,ironic,
22941337,48959,48959,1795138925633339568,2024-05-27,NEU,ironic,
22941338,48960,48960,1795138925545066696,2024-05-27,POS,not ironic,
22941339,48961,48961,1795138924647477257,2024-05-27,POS,not ironic,
22941340,48962,48962,1795138923213029830,2024-05-27,NEG,not ironic,
22941341,48963,48963,1795138923204591775,2024-05-27,NEU,not ironic,
22941342,48964,48964,1795138922034372860,2024-05-27,NEG,ironic,
22941343,48965,48965,1795138921778569691,2024-05-27,NEG,ironic,
22941344,48966,48966,1795138921124204696,2024-05-27,NEG,ironic,
22941345,48967,48967,1795138919962415154,2024-05-27,NEG,ironic,
22941346,48968,48968,1795138919375224837,2024-05-27,NEG,ironic,
22941347,48969,48969,1795138918641266761,2024-05-27,NEG,not ironic,
22941348,48970,48970,1795138918632878083,2024-05-27,NEU,not ironic,
22941349,48971,48971,1795138917018017978,2024-05-27,NEU,ironic,
22941350,48972,48972,1795138916653154773,2024-05-27,NEG,ironic,
22941351,48973,48973,1795138916577595636,2024-05-27,NEG,not ironic,
22941352,48974,48974,1795138915982045473,2024-05-27,POS,not ironic,
22941353,48975,48975,1795138913654169969,2024-05-27,NEG,not ironic,
22941354,48976,48976,1795138913486467551,2024-05-27,NEG,not ironic,
22941355,48977,48977,1795138912161022410,2024-05-27,POS,not ironic,
22941356,48978,48978,1795138911166935225,2024-05-27,NEU,not ironic,
22941357,48979,48979,1795138909690613908,2024-05-27,NEU,not ironic,
22941358,48980,48980,1795138909183099330,2024-05-27,NEU,not ironic,
22941359,48981,48981,1795138909023707251,2024-05-27,NEU,not ironic,
22941360,48982,48982,1795138907241111703,2024-05-27,POS,ironic,
22941361,48983,48983,1795138907014672855,2024-05-27,NEG,not ironic,
22941362,48984,48984,1795138906540675211,2024-05-27,NEG,ironic,
22941363,48985,48985,1795138905978577098,2024-05-27,NEG,not ironic,
22941364,48986,48986,1795138905643024734,2024-05-27,NEG,ironic,
22941365,48987,48987,1795138904414171308,2024-05-27,NEG,ironic,
22941366,48988,48988,1795138903197823261,2024-05-27,NEG,not ironic,
22941367,48989,48989,1795138902300237942,2024-05-27,NEG,not ironic,
22941368,48990,48990,1795138901327114289,2024-05-27,NEG,ironic,
22941369,48991,48991,1795138900693762456,2024-05-27,NEG,ironic,
22941370,48992,48992,1795138899708145696,2024-05-27,NEG,ironic,
22941371,48993,48993,1795138899125432574,2024-05-27,POS,not ironic,
22941372,48994,48994,1795138893668303000,2024-05-27,NEU,not ironic,
22941373,48995,48995,1795138893106512380,2024-05-27,NEG,ironic,
22941374,48996,48996,1795138892649070695,2024-05-27,NEG,not ironic,
22941375,48997,48997,1795138892519059952,2024-05-27,NEG,ironic,
22941376,48998,48998,1795138892233875576,2024-05-27,NEU,not ironic,
22941377,48999,48999,1795138891831230629,2024-05-27,NEG,not ironic,
22941378,49000,49000,1795138890996588685,2024-05-27,NEU,not ironic,
22941379,49001,49001,1795138889964793862,2024-05-27,NEG,ironic,
22941380,49002,49002,1795138889528627224,2024-05-27,NEG,not ironic,
22941381,49003,49003,1795138889117577274,2024-05-27,NEG,ironic,
22941382,49004,49004,1795138888119337089,2024-05-27,NEG,not ironic,
22941383,49005,49005,1795138882452779462,2024-05-27,NEG,not ironic,
22941384,49006,49006,1795138882171810109,2024-05-27,NEU,not ironic,
22941385,49007,49007,1795138881530069437,2024-05-27,POS,ironic,
22941386,49008,49008,1795138881135968581,2024-05-27,NEG,ironic,
22941387,49009,49009,1795138878854115732,2024-05-27,NEU,not ironic,
22941388,49010,49010,1795138876601663756,2024-05-27,NEU,not ironic,
22941389,49011,49011,1795138876555530575,2024-05-27,NEG,not ironic,
22941390,49012,49012,1795138875918008635,2024-05-27,NEG,not ironic,
22941391,49013,49013,1795138875905454547,2024-05-27,NEG,not ironic,
22941392,49014,49014,1795138875007918341,2024-05-27,NEG,not ironic,
22941393,49015,49015,1795138874475217363,2024-05-27,NEG,ironic,
22941394,49016,49016,1795138874403905545,2024-05-27,NEG,ironic,
22941395,49017,49017,1795138874118725712,2024-05-27,POS,not ironic,
22941396,49018,49018,1795138874043400562,2024-05-27,NEU,not ironic,
22941397,49019,49019,1795138873086890116,2024-05-27,NEU,not ironic,
22941398,49020,49020,1795138872684249169,2024-05-27,NEG,not ironic,
22941399,49021,49021,1795138871300079877,2024-05-27,NEG,ironic,
22941400,49022,49022,1795138869735641187,2024-05-27,NEG,not ironic,
22941401,49023,49023,1795138868439568510,2024-05-27,NEG,ironic,
22941402,49024,49024,1795138868213080550,2024-05-27,NEG,ironic,
22941403,49025,49025,1795138866698912109,2024-05-27,NEU,not ironic,
22941404,49026,49026,1795138865637806132,2024-05-27,NEU,not ironic,
22941405,49027,49027,1795138865004425645,2024-05-27,POS,not ironic,
22941406,49028,49028,1795138864824164638,2024-05-27,NEG,not ironic,
22941407,49029,49029,1795138863398055955,2024-05-27,NEG,not ironic,
22941408,49030,49030,1795138861590331766,2024-05-27,NEG,not ironic,
22941409,49031,49031,1795138860738891795,2024-05-27,NEG,ironic,
22941410,49032,49032,1795138860180984229,2024-05-27,NEG,ironic,
22941411,49033,49033,1795138859660894258,2024-05-27,POS,not ironic,
22941412,49034,49034,1795138858138354159,2024-05-27,NEU,ironic,
22941413,49035,49035,1795138857416954347,2024-05-27,NEG,not ironic,
22941414,49036,49036,1795138857249235066,2024-05-27,NEG,not ironic,
22941415,49037,49037,1795138857152778522,2024-05-27,NEU,ironic,
22941416,49038,49038,1795138855638794349,2024-05-27,NEU,not ironic,
22941417,49039,49039,1795138854363468158,2024-05-27,NEG,ironic,
22941418,49040,49040,1795138853595943277,2024-05-27,NEG,ironic,
22941419,49041,49041,1795138853571113467,2024-05-27,NEG,not ironic,
22941420,49042,49042,1795138853373624717,2024-05-27,NEG,not ironic,
22941421,49043,49043,1795138852237213731,2024-05-27,NEU,not ironic,
22941422,49044,49044,1795138849405882634,2024-05-27,NEU,not ironic,
22941423,49045,49045,1795138848818708982,2024-05-27,NEG,not ironic,
22941424,49046,49046,1795138848139186636,2024-05-27,NEU,not ironic,
22941425,49047,49047,1795138847359025194,2024-05-27,NEG,not ironic,
22941426,49048,49048,1795138847111627211,2024-05-27,POS,not ironic,
22941427,49049,49049,1795138846998352329,2024-05-27,NEG,not ironic,
22941428,49050,49050,1795138846721524172,2024-05-27,NEU,not ironic,
22941429,49051,49051,1795138846360748491,2024-05-27,NEU,not ironic,
22941430,49052,49052,1795138844620120485,2024-05-27,NEU,not ironic,
22941431,49053,49053,1795138843076682103,2024-05-27,NEG,ironic,
22941432,49054,49054,1795138841818382393,2024-05-27,NEU,ironic,
22941433,49055,49055,1795138841554366474,2024-05-27,NEG,ironic,
22941434,49056,49056,1795138841206047096,2024-05-27,NEU,not ironic,
22941435,49057,49057,1795138840966918473,2024-05-27,NEG,not ironic,
22941436,49058,49058,1795138839889002545,2024-05-27,NEG,not ironic,
22941437,49059,49059,1795138839352311901,2024-05-27,NEU,not ironic,
22941438,49060,49060,1795138838412575071,2024-05-27,NEU,ironic,
22941439,49061,49061,1795138838236467320,2024-05-27,NEU,ironic,
22941440,49062,49062,1795138836294664429,2024-05-27,POS,not ironic,
22941441,49063,49063,1795138834205901166,2024-05-27,NEU,not ironic,
22941442,49064,49064,1795138831227789515,2024-05-27,NEU,not ironic,
22941443,49065,49065,1795138831039004941,2024-05-27,POS,not ironic,
22941444,49066,49066,1795138830250414276,2024-05-27,NEG,not ironic,
22941445,49067,49067,1795138829495513103,2024-05-27,NEU,not ironic,
22941446,49068,49068,1795138828954378292,2024-05-27,NEU,not ironic,
22941447,49069,49069,1795138827947839712,2024-05-27,NEU,not ironic,
22941448,49070,49070,1795138827629232331,2024-05-27,NEG,not ironic,
22941449,49071,49071,1795138827536760957,2024-05-27,NEG,not ironic,
22941450,49072,49072,1795138825225703559,2024-05-27,NEU,ironic,
22941451,49073,49073,1795138825041195187,2024-05-27,NEU,not ironic,
22941452,49074,49074,1795138824923681151,2024-05-27,NEG,ironic,
22941453,49075,49075,1795138823254425744,2024-05-27,NEU,not ironic,
22941454,49076,49076,1795138822633816483,2024-05-27,POS,ironic,
22941455,49077,49077,1795138822524555765,2024-05-27,NEG,not ironic,
22941456,49078,49078,1795138822524510646,2024-05-27,NEU,not ironic,
22941457,49079,49079,1795138821715116122,2024-05-27,NEU,not ironic,
22941458,49080,49080,1795138819924111397,2024-05-27,NEG,not ironic,
22941459,49081,49081,1795138819492065416,2024-05-27,NEU,not ironic,
22941460,49082,49082,1795138819211112537,2024-05-27,POS,ironic,
22941461,49083,49083,1795138645130715582,2024-05-27,POS,not ironic,
22941462,49084,49084,1795138644455346573,2024-05-27,NEG,not ironic,
22941463,49085,49085,1795138643801026751,2024-05-27,NEG,not ironic,
22941464,49086,49086,1795138641527787667,2024-05-27,NEU,not ironic,
22941465,49087,49087,1795138640219082897,2024-05-27,NEU,not ironic,
22941466,49088,49088,1795138639975858594,2024-05-27,NEG,not ironic,
22941467,49089,49089,1795138638017130538,2024-05-27,NEG,ironic,
22941468,49090,49090,1795138637295661487,2024-05-27,NEG,not ironic,
22941469,49091,49091,1795138633382412386,2024-05-27,POS,not ironic,
22941470,49092,49092,1795138632325419096,2024-05-27,NEG,ironic,
22941471,49093,49093,1795138631029436491,2024-05-27,NEU,not ironic,
22941472,49094,49094,1795138629431394575,2024-05-27,POS,ironic,
22941473,49095,49095,1795138628638720333,2024-05-27,NEG,ironic,
22941474,49096,49096,1795138624394039335,2024-05-27,NEG,not ironic,
22941475,49097,49097,1795138623005683724,2024-05-27,NEG,not ironic,
22941476,49098,49098,1795138622535905585,2024-05-27,NEU,not ironic,
22941477,49099,49099,1795138621579604243,2024-05-27,POS,ironic,
22941478,49100,49100,1795138621336322446,2024-05-27,NEU,ironic,
22941479,49101,49101,1795138620073840918,2024-05-27,NEG,ironic,
22941480,49102,49102,1795138619448996194,2024-05-27,NEU,ironic,
22941481,49103,49103,1795138619134415247,2024-05-27,NEG,ironic,
22941482,49104,49104,1795138618811433004,2024-05-27,NEG,not ironic,
22941483,49105,49105,1795138618752639396,2024-05-27,NEG,not ironic,
22941484,49106,49106,1795138617981141202,2024-05-27,NEG,not ironic,
22941485,49107,49107,1795138617892880532,2024-05-27,NEG,ironic,
22941486,49108,49108,1795138616110313641,2024-05-27,NEU,not ironic,
22941487,49109,49109,1795138615904755737,2024-05-27,NEU,not ironic,
22941488,49110,49110,1795138615439139326,2024-05-27,NEG,ironic,
22941489,49111,49111,1795138614717767820,2024-05-27,NEU,not ironic,
22941490,49112,49112,1795138614273130913,2024-05-27,NEG,not ironic,
22941491,49113,49113,1795138614231191952,2024-05-27,POS,not ironic,
22941492,49114,49114,1795138613061046539,2024-05-27,NEG,not ironic,
22941493,49115,49115,1795138613035909389,2024-05-27,NEG,not ironic,
22941494,49116,49116,1795138612037582992,2024-05-27,POS,not ironic,
22941495,49117,49117,1795138611337146466,2024-05-27,POS,not ironic,
22941496,49118,49118,1795138611320438930,2024-05-27,NEU,not ironic,
22941497,49119,49119,1795138611026985346,2024-05-27,NEG,not ironic,
22941498,49120,49120,1795138610779283579,2024-05-27,NEG,not ironic,
22941499,49121,49121,1795138609680384078,2024-05-27,NEU,not ironic,
22941500,49122,49122,1795138607398678956,2024-05-27,NEG,not ironic,
22941501,49123,49123,1795138606002029025,2024-05-27,NEU,ironic,
22941502,49124,49124,1795138605339299925,2024-05-27,NEG,ironic,
22941503,49125,49125,1795138604223660344,2024-05-27,NEG,not ironic,
22941504,49126,49126,1795138601333719175,2024-05-27,NEG,ironic,
22941505,49127,49127,1795138599890931743,2024-05-27,NEU,not ironic,
22941506,49128,49128,1795138599698010618,2024-05-27,NEG,not ironic,
22941507,49129,49129,1795138599337259349,2024-05-27,NEG,ironic,
22941508,49130,49130,1795138597143621905,2024-05-27,NEG,not ironic,
22941509,49131,49131,1795138596665507944,2024-05-27,POS,not ironic,
22941510,49132,49132,1795138595893702780,2024-05-27,NEG,ironic,
22941511,49133,49133,1795138595537248285,2024-05-27,NEG,not ironic,
22941512,49134,49134,1795138595172274278,2024-05-27,POS,not ironic,
22941513,49135,49135,1795138593314279892,2024-05-27,NEG,ironic,
22941514,49136,49136,1795138590369784224,2024-05-27,POS,not ironic,
22941515,49137,49137,1795138590206198257,2024-05-27,NEU,not ironic,
22941516,49138,49138,1795138586712351064,2024-05-27,NEG,ironic,
22941517,49139,49139,1795138586481775029,2024-05-27,NEU,ironic,
22941518,49140,49140,1795138584015446454,2024-05-27,NEG,not ironic,
22941519,49141,49141,1795138582987882953,2024-05-27,NEG,not ironic,
22941520,49142,49142,1795138582690070762,2024-05-27,NEG,ironic,
22941521,49143,49143,1795138580777402524,2024-05-27,NEU,not ironic,
22941522,49144,49144,1795138579733135403,2024-05-27,NEG,ironic,
22941523,49145,49145,1795138579447898241,2024-05-27,NEG,not ironic,
22941524,49146,49146,1795138578336579965,2024-05-27,NEU,not ironic,
22941525,49147,49147,1795138576872562856,2024-05-27,NEU,not ironic,
22941526,49148,49148,1795138576348315926,2024-05-27,NEU,not ironic,
22941527,49149,49149,1795138575182299232,2024-05-27,NEU,ironic,
22941528,49150,49150,1795138574444113942,2024-05-27,NEU,not ironic,
22941529,49151,49151,1795138574368583822,2024-05-27,NEG,not ironic,
22941530,49152,49152,1795138573361991862,2024-05-27,NEU,not ironic,
22941531,49153,49153,1795138572762161256,2024-05-27,NEG,not ironic,
22941532,49154,49154,1795138571973607894,2024-05-27,NEU,not ironic,
22941533,49155,49155,1795138571235455312,2024-05-27,NEG,not ironic,
22941534,49156,49156,1795138571201822959,2024-05-27,NEU,ironic,
22941535,49157,49157,1795138570685940053,2024-05-27,NEG,ironic,
22941536,49158,49158,1795138570103013871,2024-05-27,POS,ironic,
22941537,49159,49159,1795138569977159752,2024-05-27,NEG,not ironic,
22941538,49160,49160,1795138569511596405,2024-05-27,NEG,not ironic,
22941539,49161,49161,1795138568278397311,2024-05-27,NEG,not ironic,
22941540,49162,49162,1795138565568975178,2024-05-27,NEU,not ironic,
22941541,49163,49163,1795138564520374398,2024-05-27,POS,not ironic,
22941542,49164,49164,1795138564277129314,2024-05-27,NEG,ironic,
22941543,49165,49165,1795138563517874208,2024-05-27,NEG,not ironic,
22941544,49166,49166,1795138563362759081,2024-05-27,NEG,not ironic,
22941545,49167,49167,1795138562553217405,2024-05-27,NEG,ironic,
22941546,49168,49168,1795138561739456850,2024-05-27,NEU,not ironic,
22941547,49169,49169,1795138561424986398,2024-05-27,NEU,ironic,
22941548,49170,49170,1795138561416597840,2024-05-27,NEG,ironic,
22941549,49171,49171,1795138561123004883,2024-05-27,NEG,ironic,
22941550,49172,49172,1795138561101935074,2024-05-27,NEU,not ironic,
22941551,49173,49173,1795138560875512118,2024-05-27,NEG,not ironic,
22941552,49174,49174,1795138560367976834,2024-05-27,NEG,not ironic,
22941553,49175,49175,1795138560250494992,2024-05-27,NEU,ironic,
22941554,49176,49176,1795138559717896233,2024-05-27,NEG,not ironic,
22941555,49177,49177,1795138558493147465,2024-05-27,NEU,not ironic,
22941556,49178,49178,1795138558241411125,2024-05-27,NEU,not ironic,
22941557,49179,49179,1795138555640987789,2024-05-27,POS,not ironic,
22941558,49180,49180,1795138554013643137,2024-05-27,NEG,ironic,
22941559,49181,49181,1795138552231055726,2024-05-27,NEG,not ironic,
22941560,49182,49182,1795138551002124407,2024-05-27,NEU,not ironic,
22941561,49183,49183,1795138550108692913,2024-05-27,POS,not ironic,
22941562,49184,49184,1795138549819257276,2024-05-27,NEU,not ironic,
22941563,49185,49185,1795138549571846413,2024-05-27,NEU,not ironic,
22941564,49186,49186,1795138548456136854,2024-05-27,NEU,ironic,
22941565,49187,49187,1795138548334481591,2024-05-27,NEG,ironic,
22941566,49188,49188,1795138547206291520,2024-05-27,NEG,not ironic,
22941567,49189,49189,1795138545478180870,2024-05-27,NEG,ironic,
22941568,49190,49190,1795138545067192748,2024-05-27,NEG,not ironic,
22941569,49191,49191,1795138543028732052,2024-05-27,NEG,ironic,
22941570,49192,49192,1795138542969966876,2024-05-27,NEG,ironic,
22941571,49193,49193,1795138541564932483,2024-05-27,NEG,not ironic,
22941572,49194,49194,1795138541518737687,2024-05-27,NEG,not ironic,
22941573,49195,49195,1795138541325795666,2024-05-27,NEG,ironic,
22941574,49196,49196,1795138541044797878,2024-05-27,NEU,not ironic,
22941575,49197,49197,1795138541015502915,2024-05-27,NEU,not ironic,
22941576,49198,49198,1795138538188501031,2024-05-27,NEG,ironic,
22941577,49199,49199,1795138537450246162,2024-05-27,NEG,not ironic,
22941578,49200,49200,1795138536049401930,2024-05-27,NEG,ironic,
22941579,49201,49201,1795138534405284138,2024-05-27,NEG,not ironic,
22941580,49202,49202,1795138533763527125,2024-05-27,NEG,ironic,
22941581,49203,49203,1795138532756828411,2024-05-27,POS,not ironic,
22941582,49204,49204,1795138531737629180,2024-05-27,NEG,not ironic,
22941583,49205,49205,1795138531200774199,2024-05-27,NEG,not ironic,
22941584,49206,49206,1795138530710114492,2024-05-27,NEG,not ironic,
22941585,49207,49207,1795138530118709390,2024-05-27,NEG,ironic,
22941586,49208,49208,1795138528482893868,2024-05-27,POS,ironic,
22941587,49209,49209,1795138528017289698,2024-05-27,NEG,ironic,
22941588,49210,49210,1795138526134087901,2024-05-27,POS,not ironic,
22941589,49211,49211,1795138525857448110,2024-05-27,NEU,not ironic,
22941590,49212,49212,1795138525068738931,2024-05-27,NEG,not ironic,
22941591,49213,49213,1795138523537817796,2024-05-27,NEG,not ironic,
22941592,49214,49214,1795138523240026322,2024-05-27,NEU,not ironic,
22941593,49215,49215,1795138522975727685,2024-05-27,NEG,not ironic,
22941594,49216,49216,1795138522938040784,2024-05-27,NEG,ironic,
22941595,49217,49217,1795138522396995678,2024-05-27,NEU,not ironic,
22941596,49218,49218,1795138521621033346,2024-05-27,NEU,not ironic,
22941597,49219,49219,1795138521369366683,2024-05-27,NEU,ironic,
22941598,49220,49220,1795138521021178362,2024-05-27,NEU,not ironic,
22941599,49221,49221,1795138520585048291,2024-05-27,NEU,ironic,
22941600,49222,49222,1795138517447692306,2024-05-27,NEG,ironic,
22941601,49223,49223,1795138516990521809,2024-05-27,NEG,not ironic,
22941602,49224,49224,1795138516659192318,2024-05-27,NEG,not ironic,
22941603,49225,49225,1795138515543441493,2024-05-27,NEG,not ironic,
22941604,49226,49226,1795138514805248191,2024-05-27,NEG,ironic,
22941605,49227,49227,1795138514650100049,2024-05-27,POS,not ironic,
22941606,49228,49228,1795138512343138756,2024-05-27,POS,not ironic,
22941607,49229,49229,1795138510065713627,2024-05-27,NEG,ironic,
22941608,49230,49230,1795138508966776903,2024-05-27,POS,not ironic,
22941609,49231,49231,1795138508580884534,2024-05-27,NEU,not ironic,
22941610,49232,49232,1795138508010442822,2024-05-27,NEU,not ironic,
22941611,49233,49233,1795138507599393206,2024-05-27,NEG,not ironic,
22941612,49234,49234,1795138507016437838,2024-05-27,NEG,ironic,
22941613,49235,49235,1795138507003801607,2024-05-27,NEG,not ironic,
22941614,49236,49236,1795138505804251192,2024-05-27,NEU,not ironic,
22941615,49237,49237,1795138505506509183,2024-05-27,NEG,ironic,
22941616,49238,49238,1795138505150169263,2024-05-27,NEU,ironic,
22941617,49239,49239,1795138504466235667,2024-05-27,NEG,not ironic,
22941618,49240,49240,1795138503891644669,2024-05-27,NEG,not ironic,
22941619,49241,49241,1795138502650180065,2024-05-27,NEG,ironic,
22941620,49242,49242,1795138502356521347,2024-05-27,NEG,not ironic,
22941621,49243,49243,1795138501429604630,2024-05-27,NEU,not ironic,
22941622,49244,49244,1795138500687237159,2024-05-27,NEG,not ironic,
22941623,49245,49245,1795138498560774651,2024-05-27,NEU,not ironic,
22941624,49246,49246,1795138497994490272,2024-05-27,NEU,ironic,
22941625,49247,49247,1795138496744521898,2024-05-27,POS,not ironic,
22941626,49248,49248,1795138496421663078,2024-05-27,NEG,ironic,
22941627,49249,49249,1795138495998054857,2024-05-27,NEG,not ironic,
22941628,49250,49250,1795138494609666534,2024-05-27,NEG,not ironic,
22941629,49251,49251,1795138493619847439,2024-05-27,NEU,not ironic,
22941630,49252,49252,1795138492860674130,2024-05-27,POS,not ironic,
22941631,49253,49253,1795138490352501197,2024-05-27,NEG,not ironic,
22941632,49254,49254,1795138490264383583,2024-05-27,NEU,not ironic,
22941633,49255,49255,1795138490134397272,2024-05-27,NEU,ironic,
22941634,49256,49256,1795138489891135694,2024-05-27,NEG,not ironic,
22941635,49257,49257,1795138489182224736,2024-05-27,NEG,ironic,
22941636,49258,49258,1795138488368603431,2024-05-27,POS,not ironic,
22941637,49259,49259,1795138488297201874,2024-05-27,NEU,not ironic,
22941638,49260,49260,1795138487777149148,2024-05-27,NEU,ironic,
22941639,49261,49261,1795138487202595104,2024-05-27,NEU,not ironic,
22941640,49262,49262,1795138485268922874,2024-05-27,NEU,not ironic,
22941641,49263,49263,1795138483847364828,2024-05-27,NEG,not ironic,
22941642,49264,49264,1795138483633209813,2024-05-27,NEU,not ironic,
22941643,49265,49265,1795138483020800512,2024-05-27,NEG,not ironic,
22941644,49266,49266,1795138482416845080,2024-05-27,NEG,not ironic,
22941645,49267,49267,1795138481108193579,2024-05-27,NEU,not ironic,
22941646,49268,49268,1795138480399323537,2024-05-27,NEU,not ironic,
22941647,49269,49269,1795138479652810781,2024-05-27,POS,ironic,
22941648,49270,49270,1795138479598207206,2024-05-27,NEG,not ironic,
22941649,49271,49271,1795138479443017778,2024-05-27,NEU,not ironic,
22941650,49272,49272,1795138478881243242,2024-05-27,POS,not ironic,
22941651,49273,49273,1795138478625136697,2024-05-27,NEG,not ironic,
22941652,49274,49274,1795138477517898015,2024-05-27,NEG,not ironic,
22941653,49275,49275,1795138476389675297,2024-05-27,NEU,ironic,
22941654,49276,49276,1795138475555000596,2024-05-27,NEG,ironic,
22941655,49277,49277,1795138475286725084,2024-05-27,NEG,ironic,
22941656,49278,49278,1795138474825138481,2024-05-27,NEG,not ironic,
22941657,49279,49279,1795138474061811834,2024-05-27,NEG,not ironic,
22941658,49280,49280,1795138473457799501,2024-05-27,NEU,not ironic,
22941659,49281,49281,1795138473164247491,2024-05-27,NEG,ironic,
22941660,49282,49282,1795138473000603830,2024-05-27,NEG,ironic,
22941661,49283,49283,1795138472925118839,2024-05-27,NEG,not ironic,
22941662,49284,49284,1795138471842955387,2024-05-27,POS,ironic,
22941663,49285,49285,1795138470874059087,2024-05-27,NEG,not ironic,
22941664,49286,49286,1795138470811201867,2024-05-27,NEG,ironic,
22941665,49287,49287,1795138470567985462,2024-05-27,NEG,not ironic,
22941666,49288,49288,1795138468538106131,2024-05-27,NEG,ironic,
22941667,49289,49289,1795138468269469843,2024-05-27,NEG,not ironic,
22941668,49290,49290,1795138468231655616,2024-05-27,NEU,not ironic,
22941669,49291,49291,1795138467258565060,2024-05-27,NEG,ironic,
22941670,49292,49292,1795138466226819144,2024-05-27,NEU,ironic,
22941671,49293,49293,1795138465547313661,2024-05-27,NEG,ironic,
22941672,49294,49294,1795138465538904373,2024-05-27,NEG,not ironic,
22941673,49295,49295,1795138464465268754,2024-05-27,POS,ironic,
22941674,49296,49296,1795138463865372950,2024-05-27,NEU,not ironic,
22941675,49297,49297,1795138462384857256,2024-05-27,NEG,ironic,
22941676,49298,49298,1795138462380658981,2024-05-27,POS,ironic,
22941677,49299,49299,1795138461176840393,2024-05-27,POS,not ironic,
22941678,49300,49300,1795138459570508004,2024-05-27,NEG,ironic,
22941679,49301,49301,1795138457548824929,2024-05-27,NEG,not ironic,
22941680,49302,49302,1795138456743555350,2024-05-27,NEU,not ironic,
22941681,49303,49303,1795138456349278485,2024-05-27,NEU,not ironic,
22941682,49304,49304,1795138455048950175,2024-05-27,NEG,not ironic,
22941683,49305,49305,1795138454826709298,2024-05-27,POS,ironic,
22941684,49306,49306,1795138454059127057,2024-05-27,NEU,not ironic,
22941685,49307,49307,1795138452884705469,2024-05-27,NEU,not ironic,
22941686,49308,49308,1795138452725395834,2024-05-27,NEG,ironic,
22941687,49309,49309,1795138451689390469,2024-05-27,NEU,not ironic,
22941688,49310,49310,1795138451542536581,2024-05-27,NEG,ironic,
22941689,49311,49311,1795138450024231383,2024-05-27,NEG,ironic,
22941690,49312,49312,1795138449743249893,2024-05-27,NEG,not ironic,
22941691,49313,49313,1795138448107393510,2024-05-27,NEU,not ironic,
22941692,49314,49314,1795138447486718092,2024-05-27,NEG,not ironic,
22941693,49315,49315,1795138446928871581,2024-05-27,NEU,not ironic,
22941694,49316,49316,1795138445058203811,2024-05-27,NEU,not ironic,
22941695,49317,49317,1795138444781347074,2024-05-27,NEG,ironic,
22941696,49318,49318,1795138444009636184,2024-05-27,POS,not ironic,
22941697,49319,49319,1795138442604478763,2024-05-27,NEG,not ironic,
22941698,49320,49320,1795138441916604896,2024-05-27,NEU,not ironic,
22941699,49321,49321,1795138441497210892,2024-05-27,NEG,not ironic,
22941700,49322,49322,1795138440322793804,2024-05-27,NEU,not ironic,
22941701,49323,49323,1795138440029159774,2024-05-27,NEG,not ironic,
22941702,49324,49324,1795138437936194026,2024-05-27,POS,ironic,
22941703,49325,49325,1795138437571338387,2024-05-27,NEU,not ironic,
22941704,49326,49326,1795138436652769415,2024-05-27,NEG,not ironic,
22941705,49327,49327,1795138435369320914,2024-05-27,NEG,ironic,
22941706,49328,49328,1795138434941505592,2024-05-27,NEU,not ironic,
22941707,49329,49329,1795138429795127407,2024-05-27,NEG,not ironic,
22941708,49330,49330,1795138428620697885,2024-05-27,NEG,not ironic,
22941709,49331,49331,1795138427966648769,2024-05-27,POS,ironic,
22941710,49332,49332,1795138427827958000,2024-05-27,NEU,ironic,
22941711,49333,49333,1795138427601432600,2024-05-27,NEG,ironic,
22941712,49334,49334,1795138426146017464,2024-05-27,NEG,not ironic,
22941713,49335,49335,1795138426020274251,2024-05-27,POS,ironic,
22941714,49336,49336,1795138425726591191,2024-05-27,NEG,not ironic,
22941715,49337,49337,1795138423981826340,2024-05-27,POS,not ironic,
22941716,49338,49338,1795138423553917207,2024-05-27,NEG,ironic,
22941717,49339,49339,1795138422496993303,2024-05-27,NEU,ironic,
22941718,49340,49340,1795138422241173981,2024-05-27,NEU,not ironic,
22941719,49341,49341,1795138420978638975,2024-05-27,POS,not ironic,
22941720,49342,49342,1795138420181717388,2024-05-27,NEG,not ironic,
22941721,49343,49343,1795138419347042548,2024-05-27,NEG,not ironic,
22941722,49344,49344,1795138416864047545,2024-05-27,NEU,ironic,
22941723,49345,49345,1795138415874175326,2024-05-27,NEU,not ironic,
22941724,49346,49346,1795138413869289485,2024-05-27,NEG,not ironic,
22941725,49347,49347,1795138412330004815,2024-05-27,NEU,ironic,
22941726,49348,49348,1795138411788935646,2024-05-27,NEG,not ironic,
22941727,49349,49349,1795138411147178439,2024-05-27,NEU,not ironic,
22941728,49350,49350,1795138410560012397,2024-05-27,NEU,not ironic,
22941729,49351,49351,1795138410442641528,2024-05-27,POS,not ironic,
22941730,49352,49352,1795138409377227117,2024-05-27,POS,not ironic,
22941731,49353,49353,1795138409230483873,2024-05-27,POS,ironic,
22941732,49354,49354,1795138409062859008,2024-05-27,NEG,ironic,
22941733,49355,49355,1795138408475488283,2024-05-27,NEU,not ironic,
22941734,49356,49356,1795138408081170542,2024-05-27,NEG,not ironic,
22941735,49357,49357,1795138406759985153,2024-05-27,NEG,not ironic,
22941736,49358,49358,1795138406759960653,2024-05-27,NEG,not ironic,
22941737,49359,49359,1795138405967274190,2024-05-27,NEU,not ironic,
22941738,49360,49360,1795138405837189322,2024-05-27,NEG,not ironic,
22941739,49361,49361,1795138405744910501,2024-05-27,NEG,not ironic,
22941740,49362,49362,1795138405262655952,2024-05-27,NEU,ironic,
22941741,49363,49363,1795138405023588421,2024-05-27,NEG,ironic,
22941742,49364,49364,1795138404931317764,2024-05-27,NEG,not ironic,
22941743,49365,49365,1795138404826460285,2024-05-27,NEG,ironic,
22941744,49366,49366,1795138404302090443,2024-05-27,NEG,not ironic,
22941745,49367,49367,1795138403408687314,2024-05-27,NEG,not ironic,
22941746,49368,49368,1795138402766954650,2024-05-27,NEG,ironic,
22941747,49369,49369,1795138401844265238,2024-05-27,NEG,not ironic,
22941748,49370,49370,1795138400959303714,2024-05-27,NEG,not ironic,
22941749,49371,49371,1795138400338526265,2024-05-27,NEU,not ironic,
22941750,49372,49372,1795138399667409405,2024-05-27,NEU,not ironic,
22941751,49373,49373,1795138398535155944,2024-05-27,NEU,not ironic,
22941752,49374,49374,1795138397981331710,2024-05-27,POS,not ironic,
22941753,49375,49375,1795138397926756647,2024-05-27,NEG,not ironic,
22941754,49376,49376,1795138397587063232,2024-05-27,NEG,not ironic,
22941755,49377,49377,1795138397293494666,2024-05-27,NEG,ironic,
22941756,49378,49378,1795138396538417557,2024-05-27,NEU,not ironic,
22941757,49379,49379,1795138395854995923,2024-05-27,NEU,not ironic,
22941758,49380,49380,1795138395754127802,2024-05-27,NEG,not ironic,
22941759,49381,49381,1795138395137601631,2024-05-27,NEG,ironic,
22941760,49382,49382,1795138394760110438,2024-05-27,NEG,not ironic,
22941761,49383,49383,1795138394529427749,2024-05-27,NEU,not ironic,
22941762,49384,49384,1795138393099120824,2024-05-27,NEG,not ironic,
22941763,49385,49385,1795138392797167827,2024-05-27,POS,not ironic,
22941764,49386,49386,1795138392105099770,2024-05-27,NEU,not ironic,
22941765,49387,49387,1795138391115284706,2024-05-27,NEG,ironic,
22941766,49388,49388,1795138389416562940,2024-05-27,NEG,ironic,
22941767,49389,49389,1795138386862195009,2024-05-27,NEG,not ironic,
22941768,49390,49390,1795138385754948010,2024-05-27,NEU,not ironic,
22941769,49391,49391,1795138385603957215,2024-05-27,NEG,ironic,
22941770,49392,49392,1795138384102396030,2024-05-27,NEG,not ironic,
22941771,49393,49393,1795138382550434271,2024-05-27,NEG,ironic,
22941772,49394,49394,1795138380952461535,2024-05-27,NEU,not ironic,
22941773,49395,49395,1795138379945824263,2024-05-27,NEG,not ironic,
22941774,49396,49396,1795138378817585551,2024-05-27,NEU,not ironic,
22941775,49397,49397,1795138377752379881,2024-05-27,NEG,ironic,
22941776,49398,49398,1795138376137400584,2024-05-27,NEG,ironic,
22941777,49399,49399,1795138375394984202,2024-05-27,NEU,not ironic,
22941778,49400,49400,1795138374979699119,2024-05-27,NEG,ironic,
22941779,49401,49401,1795138374837145989,2024-05-27,NEU,not ironic,
22941780,49402,49402,1795138374371533191,2024-05-27,POS,not ironic,
22941781,49403,49403,1795138373348163969,2024-05-27,NEU,not ironic,
22941782,49404,49404,1795138372991680574,2024-05-27,NEU,ironic,
22941783,49405,49405,1795138372161191985,2024-05-27,NEG,ironic,
22941784,49406,49406,1795138371905368400,2024-05-27,NEG,not ironic,
22941785,49407,49407,1795138371343224955,2024-05-27,NEG,ironic,
22941786,49408,49408,1795138371209117702,2024-05-27,NEG,ironic,
22941787,49409,49409,1795138371099992209,2024-05-27,NEG,ironic,
22941788,49410,49410,1795138370647069022,2024-05-27,NEG,not ironic,
22941789,49411,49411,1795138369376100405,2024-05-27,NEU,ironic,
22941790,49412,49412,1795138369271304589,2024-05-27,NEG,not ironic,
22941791,49413,49413,1795138368650588223,2024-05-27,NEG,not ironic,
22941792,49414,49414,1795138368487010702,2024-05-27,POS,ironic,
22941793,49415,49415,1795138368470130893,2024-05-27,NEU,ironic,
22941794,49416,49416,1795138368440869029,2024-05-27,NEU,not ironic,
22941795,49417,49417,1795138368201805856,2024-05-27,NEU,not ironic,
22941796,49418,49418,1795138366851166354,2024-05-27,NEU,not ironic,
22941797,49419,49419,1795138366675222889,2024-05-27,NEG,ironic,
22941798,49420,49420,1795138365928407061,2024-05-27,NEU,not ironic,
22941799,49421,49421,1795138363856482575,2024-05-27,NEU,not ironic,
22941800,49422,49422,1795138363214663904,2024-05-27,NEG,ironic,
22941801,49423,49423,1795138362807832870,2024-05-27,NEU,ironic,
22941802,49424,49424,1795138360874312084,2024-05-27,NEG,ironic,
22941803,49425,49425,1795138360681328667,2024-05-27,NEG,ironic,
22941804,49426,49426,1795138360144691233,2024-05-27,POS,ironic,
22941805,49427,49427,1795138359985062243,2024-05-27,NEG,not ironic,
22941806,49428,49428,1795138358907371857,2024-05-27,NEG,ironic,
22941807,49429,49429,1795138358571573604,2024-05-27,NEU,ironic,
22941808,49430,49430,1795138357866991705,2024-05-27,NEU,not ironic,
22941809,49431,49431,1795138357430759809,2024-05-27,NEG,ironic,
22941810,49432,49432,1795138356981977480,2024-05-27,NEU,not ironic,
22941811,49433,49433,1795138356034277880,2024-05-27,NEU,not ironic,
22941812,49434,49434,1795138353794347151,2024-05-27,NEG,not ironic,
22941813,49435,49435,1795138353295200682,2024-05-27,NEG,ironic,
22941814,49436,49436,1795138352070484421,2024-05-27,NEG,ironic,
22941815,49437,49437,1795138352070480356,2024-05-27,POS,not ironic,
22941816,49438,49438,1795138351466426833,2024-05-27,NEG,not ironic,
22941817,49439,49439,1795138351223234639,2024-05-27,NEG,not ironic,
22941818,49440,49440,1795138349436424652,2024-05-27,NEG,ironic,
22941819,49441,49441,1795138343367512211,2024-05-27,NEG,ironic,
22941820,49442,49442,1795138342956241036,2024-05-27,NEG,not ironic,
22941821,49443,49443,1795138342712938716,2024-05-27,NEU,not ironic,
22941822,49444,49444,1795138341895090486,2024-05-27,POS,ironic,
22941823,49445,49445,1795138341827940665,2024-05-27,POS,not ironic,
22941824,49446,49446,1795138341320405430,2024-05-27,NEU,not ironic,
22941825,49447,49447,1795138341215797457,2024-05-27,NEG,ironic,
22941826,49448,49448,1795138338908733457,2024-05-27,NEG,not ironic,
22941827,49449,49449,1795138338581594370,2024-05-27,NEU,not ironic,
22941828,49450,49450,1795138338342699227,2024-05-27,NEG,ironic,
22941829,49451,49451,1795138336664977752,2024-05-27,NEG,not ironic,
22941830,49452,49452,1795138332772774018,2024-05-27,POS,not ironic,
22941831,49453,49453,1795138332596248743,2024-05-27,NEU,not ironic,
22941832,49454,49454,1795138331476443271,2024-05-27,NEG,ironic,
22941833,49455,49455,1795138327018078561,2024-05-27,NEU,not ironic,
22941834,49456,49456,1795138325289869624,2024-05-27,NEG,not ironic,
22941835,49457,49457,1795138324509704251,2024-05-27,NEG,not ironic,
22941836,49458,49458,1795138323461075067,2024-05-27,POS,ironic,
22941837,49459,49459,1795138322399965497,2024-05-27,NEU,ironic,
22941838,49460,49460,1795138322135949369,2024-05-27,NEU,not ironic,
22941839,49461,49461,1795138319300407723,2024-05-27,NEG,not ironic,
22941840,49462,49462,1795138319057100871,2024-05-27,NEG,not ironic,
22941841,49463,49463,1795138319036162175,2024-05-27,NEG,not ironic,
22941842,49464,49464,1795138318344049042,2024-05-27,NEU,not ironic,
22941843,49465,49465,1795138317203157137,2024-05-27,NEU,not ironic,
22941844,49466,49466,1795138317190660469,2024-05-27,NEU,not ironic,
22941845,49467,49467,1795138317089968176,2024-05-27,NEG,not ironic,
22941846,49468,49468,1795138317018693989,2024-05-27,NEG,not ironic,
22941847,49469,49469,1795138316993437801,2024-05-27,NEU,ironic,
22941848,49470,49470,1795138316502696166,2024-05-27,NEG,not ironic,
22941849,49471,49471,1795138316376986013,2024-05-27,NEG,ironic,
22941850,49472,49472,1795138315701846103,2024-05-27,NEG,ironic,
22941851,49473,49473,1795138314908966992,2024-05-27,NEU,not ironic,
22941852,49474,49474,1795138313759650035,2024-05-27,NEU,not ironic,
22941853,49475,49475,1795138312983781567,2024-05-27,POS,not ironic,
22941854,49476,49476,1795138312266551487,2024-05-27,NEG,not ironic,
22941855,49477,49477,1795138312014848072,2024-05-27,NEG,not ironic,
22941856,49478,49478,1795138311121666277,2024-05-27,NEG,ironic,
22941857,49479,49479,1795138310265815339,2024-05-27,NEG,ironic,
22941858,49480,49480,1795138309515104707,2024-05-27,NEU,not ironic,
22941859,49481,49481,1795138308692918707,2024-05-27,POS,ironic,
22941860,49482,49482,1795138308655226917,2024-05-27,NEG,not ironic,
22941861,49483,49483,1795138308000841869,2024-05-27,NEG,ironic,
22941862,49484,49484,1795138307866628203,2024-05-27,NEU,not ironic,
22941863,49485,49485,1795138306801365287,2024-05-27,NEU,not ironic,
22941864,49486,49486,1795138306109247668,2024-05-27,POS,ironic,
22941865,49487,49487,1795138306071581040,2024-05-27,NEG,not ironic,
22941866,49488,49488,1795138305333362911,2024-05-27,NEG,not ironic,
22941867,49489,49489,1795138304548999431,2024-05-27,NEG,ironic,
22941868,49490,49490,1795138304242831719,2024-05-27,NEG,ironic,
22941869,49491,49491,1795138304087576743,2024-05-27,NEG,ironic,
22941870,49492,49492,1795138303311905147,2024-05-27,POS,ironic,
22941871,49493,49493,1795138302661754997,2024-05-27,POS,ironic,
22941872,49494,49494,1795138302585995683,2024-05-27,NEU,ironic,
22941873,49495,49495,1795138302472818726,2024-05-27,NEG,ironic,
22941874,49496,49496,1795138301600436537,2024-05-27,NEG,ironic,
22941875,49497,49497,1795138301504172266,2024-05-27,NEG,not ironic,
22941876,49498,49498,1795138299788439627,2024-05-27,NEG,ironic,
22941877,49499,49499,1795138298244947978,2024-05-27,NEG,ironic,
22941878,49500,49500,1795138297892831474,2024-05-27,POS,not ironic,
22941879,49501,49501,1795138297489952811,2024-05-27,NEU,not ironic,
22941880,49502,49502,1795138297389367342,2024-05-27,POS,ironic,
22941881,49503,49503,1795138294675612094,2024-05-27,NEG,not ironic,
22941882,49504,49504,1795138293534736458,2024-05-27,POS,ironic,
22941883,49505,49505,1795138292398059667,2024-05-27,NEU,not ironic,
22941884,49506,49506,1795138292309966989,2024-05-27,POS,not ironic,
22941885,49507,49507,1795138292142252531,2024-05-27,POS,ironic,
22941886,49508,49508,1795138292133908659,2024-05-27,NEG,not ironic,
22941887,49509,49509,1795138291970330978,2024-05-27,NEU,not ironic,
22941888,49510,49510,1795138289801797673,2024-05-27,NEU,not ironic,
22941889,49511,49511,1795138289772433749,2024-05-27,POS,not ironic,
22941890,49512,49512,1795138289566896550,2024-05-27,NEU,not ironic,
22941891,49513,49513,1795138289214607846,2024-05-27,NEG,ironic,
22941892,49514,49514,1795138289139175868,2024-05-27,POS,not ironic,
22941893,49515,49515,1795138288040161316,2024-05-27,NEG,ironic,
22941894,49516,49516,1795138287948136937,2024-05-27,NEG,ironic,
22941895,49517,49517,1795138287759392947,2024-05-27,NEU,not ironic,
22941896,49518,49518,1795138287637598439,2024-05-27,NEU,ironic,
22941897,49519,49519,1795138285720772667,2024-05-27,NEG,ironic,
22941898,49520,49520,1795138285720768871,2024-05-27,NEG,not ironic,
22941899,49521,49521,1795138283346825661,2024-05-27,NEU,not ironic,
22941900,49522,49522,1795138282268827692,2024-05-27,NEU,not ironic,
22941901,49523,49523,1795138281178386505,2024-05-27,NEU,not ironic,
22941902,49524,49524,1795138281010553276,2024-05-27,NEU,not ironic,
22941903,49525,49525,1795138278800138562,2024-05-27,NEU,not ironic,
22941904,49526,49526,1795138275746746753,2024-05-27,NEG,not ironic,
22941905,49527,49527,1795138274672959738,2024-05-27,NEU,ironic,
22941906,49528,49528,1795138274148635069,2024-05-27,NEG,ironic,
22941907,49529,49529,1795138273167151555,2024-05-27,NEG,ironic,
22941908,49530,49530,1795138272542224553,2024-05-27,NEG,ironic,
22941909,49531,49531,1795138271799918855,2024-05-27,NEG,ironic,
22941910,49532,49532,1795138271019724954,2024-05-27,NEU,not ironic,
22941911,49533,49533,1795138269534904381,2024-05-27,POS,ironic,
22941912,49534,49534,1795138267014173184,2024-05-27,NEG,ironic,
22941913,49535,49535,1795138266166960277,2024-05-27,NEG,ironic,
22941914,49536,49536,1795138264006889780,2024-05-27,NEU,not ironic,
22941915,49537,49537,1795138261150577093,2024-05-27,POS,ironic,
22941916,49538,49538,1795138258579423502,2024-05-27,NEG,not ironic,
22941917,49539,49539,1795138257648275749,2024-05-27,NEG,not ironic,
22941918,49540,49540,1795138257623097772,2024-05-27,NEG,not ironic,
22941919,49541,49541,1795138257560228268,2024-05-27,NEG,ironic,
22941920,49542,49542,1795138256448692392,2024-05-27,NEU,not ironic,
22941921,49543,49543,1795138256276705620,2024-05-27,NEG,ironic,
22941922,49544,49544,1795138255697953094,2024-05-27,NEG,ironic,
22941923,49545,49545,1795138255395971423,2024-05-27,NEU,ironic,
22941924,49546,49546,1795138254993252858,2024-05-27,NEU,not ironic,
22941925,49547,49547,1795138254657757356,2024-05-27,NEG,ironic,
22941926,49548,49548,1795138253663682736,2024-05-27,NEU,not ironic,
22941927,49549,49549,1795138252564828640,2024-05-27,NEG,not ironic,
22941928,49550,49550,1795138251596104038,2024-05-27,NEG,ironic,
22941929,49551,49551,1795138251486871778,2024-05-27,NEG,ironic,
22941930,49552,49552,1795138251235213506,2024-05-27,NEG,not ironic,
22941931,49553,49553,1795138250970890443,2024-05-27,NEG,not ironic,
22941932,49554,49554,1795138250098573323,2024-05-27,NEG,not ironic,
22941933,49555,49555,1795138248848671033,2024-05-27,NEU,not ironic,
22941934,49556,49556,1795138248320123364,2024-05-27,NEG,not ironic,
22941935,49557,49557,1795138246478860729,2024-05-27,POS,not ironic,
22941936,49558,49558,1795138245321261469,2024-05-27,NEG,not ironic,
22941937,49559,49559,1795138243031101825,2024-05-27,NEG,not ironic,
22941938,49560,49560,1795138241214996489,2024-05-27,NEG,not ironic,
22941939,49561,49561,1795138241072361861,2024-05-27,POS,not ironic,
22941940,49562,49562,1795138240787198301,2024-05-27,POS,ironic,
22941941,49563,49563,1795138240690679983,2024-05-27,NEG,not ironic,
22941942,49564,49564,1795138240585863311,2024-05-27,NEU,ironic,
22941943,49565,49565,1795138240371974406,2024-05-27,NEG,ironic,
22941944,49566,49566,1795138240233476360,2024-05-27,NEG,not ironic,
22941945,49567,49567,1795138240216797631,2024-05-27,NEG,ironic,
22941946,49568,49568,1795138239109505083,2024-05-27,NEG,not ironic,
22941947,49569,49569,1795138236383191311,2024-05-27,POS,not ironic,
22941948,49570,49570,1795138235946901762,2024-05-27,POS,ironic,
22941949,49571,49571,1795138235896611191,2024-05-27,NEU,not ironic,
22941950,49572,49572,1795138235879809171,2024-05-27,NEU,not ironic,
22941951,49573,49573,1795138235414323578,2024-05-27,NEU,not ironic,
22941952,49574,49574,1795138235338805318,2024-05-27,NEU,not ironic,
22941953,49575,49575,1795138234801889660,2024-05-27,NEU,not ironic,
22941954,49576,49576,1795138234046910580,2024-05-27,NEU,ironic,
22941955,49577,49577,1795138232608325903,2024-05-27,NEG,ironic,
22941956,49578,49578,1795138231966511471,2024-05-27,NEG,ironic,
22941957,49579,49579,1795138231580663864,2024-05-27,NEG,not ironic,
22941958,49580,49580,1795138230569800150,2024-05-27,NEG,not ironic,
22941959,49581,49581,1795138230448234693,2024-05-27,NEG,ironic,
22941960,49582,49582,1795138230255284561,2024-05-27,NEG,not ironic,
22941961,49583,49583,1795138227663192309,2024-05-27,POS,not ironic,
22941962,49584,49584,1795138226581127661,2024-05-27,NEG,ironic,
22941963,49585,49585,1795138226522612011,2024-05-27,NEU,not ironic,
22941964,49586,49586,1795138225717023022,2024-05-27,NEU,ironic,
22941965,49587,49587,1795138223749955902,2024-05-27,NEG,ironic,
22941966,49588,49588,1795138223666016293,2024-05-27,NEG,not ironic,
22941967,49589,49589,1795138223213043899,2024-05-27,NEU,not ironic,
22941968,49590,49590,1795138222365839369,2024-05-27,NEG,ironic,
22941969,49591,49591,1795138221908558144,2024-05-27,NEG,ironic,
22941970,49592,49592,1795138220524507231,2024-05-27,POS,not ironic,
22941971,49593,49593,1795138220344090926,2024-05-27,NEU,ironic,
22941972,49594,49594,1795138220096647658,2024-05-27,NEU,not ironic,
22941973,49595,49595,1795138217018056755,2024-05-27,NEG,ironic,
22941974,49596,49596,1795138216489590936,2024-05-27,NEG,ironic,
22941975,49597,49597,1795138214459474283,2024-05-27,NEG,ironic,
22941976,49598,49598,1795138214337917406,2024-05-27,NEU,ironic,
22941977,49599,49599,1795138213931057453,2024-05-27,NEU,ironic,
22941978,49600,49600,1795138213658403131,2024-05-27,POS,not ironic,
22941979,49601,49601,1795138213226410288,2024-05-27,NEG,ironic,
22941980,49602,49602,1795138212773380537,2024-05-27,NEG,not ironic,
22941981,49603,49603,1795138212513317011,2024-05-27,NEU,not ironic,
22941982,49604,49604,1795138212400156773,2024-05-27,NEU,not ironic,
22941983,49605,49605,1795138212173582729,2024-05-27,NEG,ironic,
22941984,49606,49606,1795138210512711944,2024-05-27,NEU,not ironic,
22941985,49607,49607,1795138209120174261,2024-05-27,POS,ironic,
22941986,49608,49608,1795138207660585124,2024-05-27,NEG,not ironic,
22941987,49609,49609,1795138205802525136,2024-05-27,NEU,not ironic,
22941988,49610,49610,1795138205110431789,2024-05-27,NEG,not ironic,
22941989,49611,49611,1795138203130663109,2024-05-27,NEG,ironic,
22941990,49612,49612,1795138202560573771,2024-05-27,POS,ironic,
22941991,49613,49613,1795138202434486420,2024-05-27,NEG,not ironic,
22941992,49614,49614,1795138200962216134,2024-05-27,NEG,ironic,
22941993,49615,49615,1795138200161169773,2024-05-27,POS,not ironic,
22941994,49616,49616,1795138200089837763,2024-05-27,NEG,not ironic,
22941995,49617,49617,1795138200035545367,2024-05-27,NEG,not ironic,
22941996,49618,49618,1795138200001753568,2024-05-27,NEU,not ironic,
22941997,49619,49619,1795138195950035139,2024-05-27,NEU,not ironic,
22941998,49620,49620,1795138194528174347,2024-05-27,NEG,not ironic,
22941999,49621,49621,1795138193831948647,2024-05-27,NEG,ironic,
22942000,49622,49622,1795138193257316373,2024-05-27,NEU,not ironic,
22942001,49623,49623,1795138191969665186,2024-05-27,NEG,ironic,
22942002,49624,49624,1795138191348973982,2024-05-27,NEU,not ironic,
22942003,49625,49625,1795138191277625520,2024-05-27,NEU,ironic,
22942004,49626,49626,1795138190820405690,2024-05-27,NEG,not ironic,
22942005,49627,49627,1795138190732357955,2024-05-27,NEG,ironic,
22942006,49628,49628,1795138188324790711,2024-05-27,NEG,not ironic,
22942007,49629,49629,1795138188232605945,2024-05-27,NEG,ironic,
22942008,49630,49630,1795138187204972613,2024-05-27,POS,ironic,
22942009,49631,49631,1795138186953228383,2024-05-27,NEU,ironic,
22942010,49632,49632,1795138186055721159,2024-05-27,NEG,not ironic,
22942011,49633,49633,1795138184487010317,2024-05-27,NEG,not ironic,
22942012,49634,49634,1795138183895609359,2024-05-27,POS,ironic,
22942013,49635,49635,1795138183283286292,2024-05-27,NEG,not ironic,
22942014,49636,49636,1795138183249694775,2024-05-27,POS,not ironic,
22942015,49637,49637,1795138181584564607,2024-05-27,NEU,not ironic,
22942016,49638,49638,1795138180229820839,2024-05-27,NEG,ironic,
22942017,49639,49639,1795138176513720383,2024-05-27,NEG,ironic,
22942018,49640,49640,1795138176194863450,2024-05-27,NEG,not ironic,
22942019,49641,49641,1795138173569253670,2024-05-27,NEG,ironic,
22942020,49642,49642,1795138173397311625,2024-05-27,POS,not ironic,
22942021,49643,49643,1795138172935893127,2024-05-27,NEG,not ironic,
22942022,49644,49644,1795138172172566965,2024-05-27,NEG,ironic,
22942023,49645,49645,1795138172088668586,2024-05-27,NEG,not ironic,
22942024,49646,49646,1795138170998194331,2024-05-27,NEG,ironic,
22942025,49647,49647,1795138170721341601,2024-05-27,NEU,not ironic,
22942026,49648,49648,1795138170192887862,2024-05-27,POS,ironic,
22942027,49649,49649,1795138168968061230,2024-05-27,NEU,not ironic,
22942028,49650,49650,1795138168884224016,2024-05-27,NEG,ironic,
22942029,49651,49651,1795138168041156677,2024-05-27,NEG,ironic,
22942030,49652,49652,1795138164635410725,2024-05-27,NEG,ironic,
22942031,49653,49653,1795138163574284559,2024-05-27,NEG,ironic,
22942032,49654,49654,1795138163440034068,2024-05-27,POS,ironic,
22942033,49655,49655,1795138162399772674,2024-05-27,NEG,not ironic,
22942034,49656,49656,1795138162047562200,2024-05-27,NEG,ironic,
22942035,49657,49657,1795138160202076523,2024-05-27,POS,not ironic,
22942036,49658,49658,1795138159908434041,2024-05-27,NEG,not ironic,
22942037,49659,49659,1795138159447077305,2024-05-27,POS,not ironic,
22942038,49660,49660,1795138159329615932,2024-05-27,NEU,not ironic,
22942039,49661,49661,1795138159270846471,2024-05-27,NEG,not ironic,
22942040,49662,49662,1795138159212363995,2024-05-27,NEG,ironic,
22942041,49663,49663,1795138158704611619,2024-05-27,NEU,not ironic,
22942042,49664,49664,1795138156746113433,2024-05-27,POS,not ironic,
22942043,49665,49665,1795138153633755388,2024-05-27,NEG,not ironic,
22942044,49666,49666,1795138153319219390,2024-05-27,POS,not ironic,
22942045,49667,49667,1795138151909822681,2024-05-27,NEG,not ironic,
22942046,49668,49668,1795138150773240111,2024-05-27,NEG,ironic,
22942047,49669,49669,1795138150764773432,2024-05-27,POS,not ironic,
22942048,49670,49670,1795138149061939239,2024-05-27,NEG,not ironic,
22942049,49671,49671,1795138148923527651,2024-05-27,NEG,not ironic,
22942050,49672,49672,1795138148332142757,2024-05-27,NEG,not ironic,
22942051,49673,49673,1795138144033018200,2024-05-27,NEG,ironic,
22942052,49674,49674,1795138143894614078,2024-05-27,NEU,not ironic,
22942053,49675,49675,1795138142611145138,2024-05-27,NEG,ironic,
22942054,49676,49676,1795138142602699010,2024-05-27,NEG,not ironic,
22942055,49677,49677,1795138142246207504,2024-05-27,NEG,ironic,
22942056,49678,49678,1795138141545762891,2024-05-27,NEU,not ironic,
22942057,49679,49679,1795138140216201268,2024-05-27,POS,not ironic,
22942058,49680,49680,1795138139377242542,2024-05-27,NEG,ironic,
22942059,49681,49681,1795138137296941062,2024-05-27,POS,ironic,
22942060,49682,49682,1795138136856510849,2024-05-27,NEG,not ironic,
22942061,49683,49683,1795138135069704378,2024-05-27,NEU,ironic,
22942062,49684,49684,1795138133643886698,2024-05-27,NEU,ironic,
22942063,49685,49685,1795138133299749371,2024-05-27,NEG,not ironic,
22942064,49686,49686,1795138132381196582,2024-05-27,NEG,ironic,
22942065,49687,49687,1795138132062457871,2024-05-27,NEG,not ironic,
22942066,49688,49688,1795138130766365154,2024-05-27,NEG,not ironic,
22942067,49689,49689,1795138128690213342,2024-05-27,NEU,ironic,
22942068,49690,49690,1795138128191083003,2024-05-27,NEU,ironic,
22942069,49691,49691,1795138127947878487,2024-05-27,NEG,not ironic,
22942070,49692,49692,1795138127796863099,2024-05-27,NEG,not ironic,
22942071,49693,49693,1795138126442065957,2024-05-27,NEU,not ironic,
22942072,49694,49694,1795138126207152130,2024-05-27,NEG,ironic,
22942073,49695,49695,1795138124906905611,2024-05-27,NEG,not ironic,
22942074,49696,49696,1795138124840124909,2024-05-27,NEU,not ironic,
22942075,49697,49697,1795138124810485832,2024-05-27,POS,ironic,
22942076,49698,49698,1795138124697247869,2024-05-27,NEG,ironic,
22942077,49699,49699,1795138124231667854,2024-05-27,NEG,not ironic,
22942078,49700,49700,1795138123699019873,2024-05-27,NEG,ironic,
22942079,49701,49701,1795138123413979499,2024-05-27,NEU,not ironic,
22942080,49702,49702,1795138123397042523,2024-05-27,NEG,ironic,
22942081,49703,49703,1795138118774857731,2024-05-27,NEG,ironic,
22942082,49704,49704,1795138118250614971,2024-05-27,NEG,not ironic,
22942083,49705,49705,1795138117021692410,2024-05-27,NEU,ironic,
22942084,49706,49706,1795138116543508894,2024-05-27,NEU,ironic,
22942085,49707,49707,1795138116501557596,2024-05-27,NEG,not ironic,
22942086,49708,49708,1795138115637567761,2024-05-27,NEU,ironic,
22942087,49709,49709,1795138115624911300,2024-05-27,NEU,ironic,
22942088,49710,49710,1795138115541094899,2024-05-27,NEG,ironic,
22942089,49711,49711,1795138114899337318,2024-05-27,NEG,ironic,
22942090,49712,49712,1795138114597372362,2024-05-27,NEU,not ironic,
22942091,49713,49713,1795138113586725159,2024-05-27,NEG,ironic,
22942092,49714,49714,1795138112152056215,2024-05-27,POS,not ironic,
22942093,49715,49715,1795138109308301742,2024-05-27,NEG,not ironic,
22942094,49716,49716,1795138109065023921,2024-05-27,POS,not ironic,
22942095,49717,49717,1795138109010571385,2024-05-27,NEG,ironic,
22942096,49718,49718,1795138108804968614,2024-05-27,NEG,ironic,
22942097,49719,49719,1795138108784030023,2024-05-27,NEG,ironic,
22942098,49720,49720,1795138108704338285,2024-05-27,NEU,not ironic,
22942099,49721,49721,1795138108104769642,2024-05-27,NEG,ironic,
22942100,49722,49722,1795138107588645083,2024-05-27,NEG,not ironic,
22942101,49723,49723,1795138105403396461,2024-05-27,NEG,not ironic,
22942102,49724,49724,1795138104652632497,2024-05-27,POS,not ironic,
22942103,49725,49725,1795138103847370918,2024-05-27,NEU,ironic,
22942104,49726,49726,1795138103276908593,2024-05-27,NEG,ironic,
22942105,49727,49727,1795138102056337887,2024-05-27,NEG,not ironic,
22942106,49728,49728,1795138099695214744,2024-05-27,NEG,ironic,
22942107,49729,49729,1795138099397251354,2024-05-27,NEG,not ironic,
22942108,49730,49730,1795138096570212606,2024-05-27,NEG,not ironic,
22942109,49731,49731,1795138094439493906,2024-05-27,NEG,not ironic,
22942110,49732,49732,1795138093906882626,2024-05-27,NEG,not ironic,
22942111,49733,49733,1795138093151846724,2024-05-27,NEU,not ironic,
22942112,49734,49734,1795138092812144758,2024-05-27,NEG,not ironic,
22942113,49735,49735,1795138092707250186,2024-05-27,POS,ironic,
22942114,49736,49736,1795138091599925395,2024-05-27,NEU,not ironic,
22942115,49737,49737,1795138090681422305,2024-05-27,NEG,ironic,
22942116,49738,49738,1795138089767026901,2024-05-27,NEG,not ironic,
22942117,49739,49739,1795138089393832021,2024-05-27,NEU,not ironic,
22942118,49740,49740,1795138089238569232,2024-05-27,NEG,not ironic,
22942119,49741,49741,1795138088626176334,2024-05-27,NEG,ironic,
22942120,49742,49742,1795138088420725244,2024-05-27,NEG,ironic,
22942121,49743,49743,1795138088148013425,2024-05-27,POS,not ironic,
22942122,49744,49744,1795138087661584634,2024-05-27,NEG,not ironic,
22942123,49745,49745,1795138085388218433,2024-05-27,NEG,not ironic,
22942124,49746,49746,1795138085044277745,2024-05-27,NEG,ironic,
22942125,49747,49747,1795138084398403910,2024-05-27,NEU,ironic,
22942126,49748,49748,1795138082758328462,2024-05-27,NEU,ironic,
22942127,49749,49749,1795138082682949865,2024-05-27,NEG,ironic,
22942128,49750,49750,1795138080602550287,2024-05-27,NEU,ironic,
22942129,49751,49751,1795138078291440062,2024-05-27,NEG,ironic,
22942130,49752,49752,1795138078161633502,2024-05-27,NEG,not ironic,
22942131,49753,49753,1795138076500767201,2024-05-27,NEU,not ironic,
22942132,49754,49754,1795138074474688742,2024-05-27,NEU,not ironic,
22942133,49755,49755,1795138073488933114,2024-05-27,NEG,ironic,
22942134,49756,49756,1795138072469787004,2024-05-27,POS,not ironic,
22942135,49757,49757,1795138071878410583,2024-05-27,NEG,not ironic,
22942136,49758,49758,1795138071500832961,2024-05-27,POS,not ironic,
22942137,49759,49759,1795138071282974933,2024-05-27,NEG,not ironic,
22942138,49760,49760,1795138070766825762,2024-05-27,NEG,not ironic,
22942139,49761,49761,1795138069332373956,2024-05-27,NEG,ironic,
22942140,49762,49762,1795138069139685541,2024-05-27,NEU,ironic,
22942141,49763,49763,1795138069005217872,2024-05-27,NEG,ironic,
22942142,49764,49764,1795138068329955480,2024-05-27,NEG,not ironic,
22942143,49765,49765,1795138068317433910,2024-05-27,NEG,not ironic,
22942144,49766,49766,1795138067293933770,2024-05-27,NEG,not ironic,
22942145,49767,49767,1795138066543263895,2024-05-27,NEG,ironic,
22942146,49768,49768,1795138064735412412,2024-05-27,NEG,not ironic,
22942147,49769,49769,1795138064068600105,2024-05-27,NEG,not ironic,
22942148,49770,49770,1795138062567043120,2024-05-27,NEU,not ironic,
22942149,49771,49771,1795138061472354731,2024-05-27,NEU,not ironic,
22942150,49772,49772,1795138061203865760,2024-05-27,NEG,not ironic,
22942151,49773,49773,1795138060666958118,2024-05-27,POS,not ironic,
22942152,49774,49774,1795138060121772074,2024-05-27,NEU,not ironic,
22942153,49775,49775,1795138060041990518,2024-05-27,NEU,not ironic,
22942154,49776,49776,1795138059836555495,2024-05-27,NEG,not ironic,
22942155,49777,49777,1795138059559645495,2024-05-27,NEU,ironic,
22942156,49778,49778,1795138059224146149,2024-05-27,NEG,ironic,
22942157,49779,49779,1795138059064774891,2024-05-27,NEG,ironic,
22942158,49780,49780,1795138058515362233,2024-05-27,NEU,not ironic,
22942159,49781,49781,1795138058225852915,2024-05-27,NEU,ironic,
22942160,49782,49782,1795138057739346029,2024-05-27,NEG,ironic,
22942161,49783,49783,1795138055898096126,2024-05-27,NEU,not ironic,
22942162,49784,49784,1795138055566762022,2024-05-27,NEU,not ironic,
22942163,49785,49785,1795138055231123508,2024-05-27,NEG,not ironic,
22942164,49786,49786,1795138055210250664,2024-05-27,NEU,not ironic,
22942165,49787,49787,1795138054690091034,2024-05-27,NEG,ironic,
22942166,49788,49788,1795138051204841573,2024-05-27,POS,not ironic,
22942167,49789,49789,1795138050894282871,2024-05-27,NEG,not ironic,
22942168,49790,49790,1795138050852302936,2024-05-27,NEU,not ironic,
22942169,49791,49791,1795138049031966987,2024-05-27,NEU,not ironic,
22942170,49792,49792,1795138046976762176,2024-05-27,NEU,ironic,
22942171,49793,49793,1795138046918033512,2024-05-27,NEG,not ironic,
22942172,49794,49794,1795138046792204569,2024-05-27,NEG,not ironic,
22942173,49795,49795,1795138045437464919,2024-05-27,NEG,not ironic,
22942174,49796,49796,1795138045223522672,2024-05-27,NEU,ironic,
22942175,49797,49797,1795138044363694556,2024-05-27,POS,ironic,
22942176,49798,49798,1795138043705209116,2024-05-27,POS,ironic,
22942177,49799,49799,1795138043705180436,2024-05-27,NEG,not ironic,
22942178,49800,49800,1795138043491516637,2024-05-27,POS,not ironic,
22942179,49801,49801,1795138042052689929,2024-05-27,NEG,not ironic,
22942180,49802,49802,1795138041662542162,2024-05-27,NEG,not ironic,
22942181,49803,49803,1795138041557733833,2024-05-27,NEU,not ironic,
22942182,49804,49804,1795138041197232395,2024-05-27,NEU,ironic,
22942183,49805,49805,1795138039410315313,2024-05-27,NEG,ironic,
22942184,49806,49806,1795138039267615086,2024-05-27,NEG,not ironic,
22942185,49807,49807,1795138038592569471,2024-05-27,POS,ironic,
22942186,49808,49808,1795138037422104777,2024-05-27,POS,not ironic,
22942187,49809,49809,1795138036562526550,2024-05-27,NEU,not ironic,
22942188,49810,49810,1795138036537360615,2024-05-27,NEG,not ironic,
22942189,49811,49811,1795138034565783797,2024-05-27,NEG,not ironic,
22942190,49812,49812,1795138034402234544,2024-05-27,POS,ironic,
22942191,49813,49813,1795138034389942592,2024-05-27,NEG,not ironic,
22942192,49814,49814,1795138033110708466,2024-05-27,NEG,ironic,
22942193,49815,49815,1795138031818547489,2024-05-27,NEG,ironic,
22942194,49816,49816,1795138031000703246,2024-05-27,NEG,ironic,
22942195,49817,49817,1795138030354956636,2024-05-27,NEG,not ironic,
22942196,49818,49818,1795138030153384106,2024-05-27,NEU,not ironic,
22942197,49819,49819,1795138030119891261,2024-05-27,POS,ironic,
22942198,49820,49820,1795138029830488387,2024-05-27,NEU,ironic,
22942199,49821,49821,1795138029541114080,2024-05-27,NEG,ironic,
22942200,49822,49822,1795138027955654815,2024-05-27,NEG,not ironic,
22942201,49823,49823,1795138027557159017,2024-05-27,NEU,not ironic,
22942202,49824,49824,1795138026080764146,2024-05-27,NEG,ironic,
22942203,49825,49825,1795138026030371056,2024-05-27,NEU,not ironic,
22942204,49826,49826,1795138023937495348,2024-05-27,POS,ironic,
22942205,49827,49827,1795138023895581097,2024-05-27,NEG,not ironic,
22942206,49828,49828,1795138023417340194,2024-05-27,NEG,ironic,
22942207,49829,49829,1795138022603722985,2024-05-27,NEG,not ironic,
22942208,49830,49830,1795138020338741520,2024-05-27,NEG,not ironic,
22942209,49831,49831,1795138018598170723,2024-05-27,NEG,ironic,
22942210,49832,49832,1795138017721549120,2024-05-27,POS,not ironic,
22942211,49833,49833,1795138017633472599,2024-05-27,NEG,ironic,
22942212,49834,49834,1795138016912068983,2024-05-27,NEG,ironic,
22942213,49835,49835,1795138016576491626,2024-05-27,NEG,not ironic,
22942214,49836,49836,1795138016198942949,2024-05-27,POS,not ironic,
22942215,49837,49837,1795138015989232068,2024-05-27,NEG,not ironic,
22942216,49838,49838,1795138015863427166,2024-05-27,NEG,not ironic,
22942217,49839,49839,1795138014424727807,2024-05-27,NEG,ironic,
22942218,49840,49840,1795138014227685522,2024-05-27,NEG,not ironic,
22942219,49841,49841,1795138014198235338,2024-05-27,NEU,ironic,
22942220,49842,49842,1795138014101791204,2024-05-27,POS,not ironic,
22942221,49843,49843,1795138013292380609,2024-05-27,NEG,not ironic,
22942222,49844,49844,1795138011539075336,2024-05-27,NEU,not ironic,
22942223,49845,49845,1795138009689464846,2024-05-27,NEU,not ironic,
22942224,49846,49846,1795138008955457650,2024-05-27,NEU,not ironic,
22942225,49847,49847,1795138008179671473,2024-05-27,NEG,not ironic,
22942226,49848,49848,1795138006694699049,2024-05-27,NEG,ironic,
22942227,49849,49849,1795138006472339781,2024-05-27,NEU,not ironic,
22942228,49850,49850,1795138006346580226,2024-05-27,NEU,not ironic,
22942229,49851,49851,1795138006283845656,2024-05-27,NEG,ironic,
22942230,49852,49852,1795138004740108557,2024-05-27,NEU,ironic,
22942231,49853,49853,1795138001695125928,2024-05-27,NEU,not ironic,
22942232,49854,49854,1795137999744663900,2024-05-27,NEG,not ironic,
22942233,49855,49855,1795137997014233322,2024-05-27,POS,not ironic,
22942234,49856,49856,1795137995864932445,2024-05-27,NEG,not ironic,
22942235,49857,49857,1795137993038049452,2024-05-27,NEG,not ironic,
22942236,49858,49858,1795137992463425809,2024-05-27,POS,not ironic,
22942237,49859,49859,1795137991456723081,2024-05-27,NEG,ironic,
22942238,49860,49860,1795137991037309390,2024-05-27,NEU,not ironic,
22942239,49861,49861,1795137989653430554,2024-05-27,NEG,ironic,
22942240,49862,49862,1795137988453675455,2024-05-27,NEU,ironic,
22942241,49863,49863,1795137986050355677,2024-05-27,NEU,not ironic,
22942242,49864,49864,1795137985622524087,2024-05-27,NEG,not ironic,
22942243,49865,49865,1795137985391771676,2024-05-27,POS,ironic,
22942244,49866,49866,1795137985333125607,2024-05-27,NEG,ironic,
22942245,49867,49867,1795137984854937873,2024-05-27,NEG,not ironic,
22942246,49868,49868,1795137984121143614,2024-05-27,NEG,ironic,
22942247,49869,49869,1795137982287978543,2024-05-27,NEG,ironic,
22942248,49870,49870,1795137981444947988,2024-05-27,NEG,ironic,
22942249,49871,49871,1795137981155516704,2024-05-27,NEG,not ironic,
22942250,49872,49872,1795137980635418927,2024-05-27,NEG,not ironic,
22942251,49873,49873,1795137980358689246,2024-05-27,NEG,not ironic,
22942252,49874,49874,1795137979427545567,2024-05-27,NEU,not ironic,
22942253,49875,49875,1795137978722840726,2024-05-27,NEG,not ironic,
22942254,49876,49876,1795137976504086980,2024-05-27,NEG,not ironic,
22942255,49877,49877,1795137975828844612,2024-05-27,NEU,ironic,
22942256,49878,49878,1795137975489122564,2024-05-27,NEU,not ironic,
22942257,49879,49879,1795137975468146996,2024-05-27,NEU,ironic,
22942258,49880,49880,1795137974906016218,2024-05-27,NEU,not ironic,
22942259,49881,49881,1795137974541132114,2024-05-27,NEG,not ironic,
22942260,49882,49882,1795137973907845131,2024-05-27,NEG,not ironic,
22942261,49883,49883,1795137973614526863,2024-05-27,NEU,not ironic,
22942262,49884,49884,1795137970774659220,2024-05-27,NEG,ironic,
22942263,49885,49885,1795137969994555477,2024-05-27,NEU,ironic,
22942264,49886,49886,1795137969990291764,2024-05-27,NEG,ironic,
22942265,49887,49887,1795137969981898851,2024-05-27,NEG,ironic,
22942266,49888,49888,1795137969893806163,2024-05-27,NEU,ironic,
22942267,49889,49889,1795137968396533941,2024-05-27,NEG,not ironic,
22942268,49890,49890,1795137967851233770,2024-05-27,POS,not ironic,
22942269,49891,49891,1795137966706172290,2024-05-27,NEG,ironic,
22942270,49892,49892,1795137965393416317,2024-05-27,NEG,not ironic,
22942271,49893,49893,1795137963371921613,2024-05-27,NEG,not ironic,
22942272,49894,49894,1795137962885197913,2024-05-27,NEG,not ironic,
22942273,49895,49895,1795137962289836491,2024-05-27,NEU,ironic,
22942274,49896,49896,1795137962067325230,2024-05-27,NEU,ironic,
22942275,49897,49897,1795137961870110811,2024-05-27,NEU,not ironic,
22942276,49898,49898,1795137960356057176,2024-05-27,NEU,not ironic,
22942277,49899,49899,1795137959387332805,2024-05-27,NEU,not ironic,
22942278,49900,49900,1795137958711800008,2024-05-27,NEG,not ironic,
22942279,49901,49901,1795137958657335413,2024-05-27,NEG,not ironic,
22942280,49902,49902,1795137957868822668,2024-05-27,NEU,not ironic,
22942281,49903,49903,1795137957063520728,2024-05-27,NEU,ironic,
22942282,49904,49904,1795137956799279402,2024-05-27,NEG,ironic,
22942283,49905,49905,1795137956170051972,2024-05-27,NEU,not ironic,
22942284,49906,49906,1795137955536773487,2024-05-27,NEG,not ironic,
22942285,49907,49907,1795137955431866756,2024-05-27,NEG,not ironic,
22942286,49908,49908,1795137955398291556,2024-05-27,NEG,not ironic,
22942287,49909,49909,1795137953548632285,2024-05-27,NEG,not ironic,
22942288,49910,49910,1795137953313743145,2024-05-27,POS,ironic,
22942289,49911,49911,1795137951027831011,2024-05-27,POS,ironic,
22942290,49912,49912,1795137950105194779,2024-05-27,NEG,ironic,
22942291,49913,49913,1795137949224382483,2024-05-27,NEG,ironic,
22942292,49914,49914,1795137947324313680,2024-05-27,NEG,ironic,
22942293,49915,49915,1795137947240391018,2024-05-27,NEG,ironic,
22942294,49916,49916,1795137947198492821,2024-05-27,NEU,not ironic,
22942295,49917,49917,1795137946544128472,2024-05-27,NEG,ironic,
22942296,49918,49918,1795137946456080678,2024-05-27,NEU,ironic,
22942297,49919,49919,1795137946082738628,2024-05-27,NEU,not ironic,
22942298,49920,49920,1795137945059365340,2024-05-27,POS,not ironic,
22942299,49921,49921,1795137944895807593,2024-05-27,NEG,not ironic,
22942300,49922,49922,1795137944040116705,2024-05-27,NEU,not ironic,
22942301,49923,49923,1795137943465599035,2024-05-27,NEU,not ironic,
22942302,49924,49924,1795137942836351071,2024-05-27,NEG,not ironic,
22942303,49925,49925,1795137941318017222,2024-05-27,NEU,not ironic,
22942304,49926,49926,1795137941028679846,2024-05-27,NEG,ironic,
22942305,49927,49927,1795137940722528679,2024-05-27,NEG,not ironic,
22942306,49928,49928,1795137940563153131,2024-05-27,POS,not ironic,
22942307,49929,49929,1795137938285789568,2024-05-27,POS,not ironic,
22942308,49930,49930,1795137936771444986,2024-05-27,NEU,not ironic,
22942309,49931,49931,1795137936339423648,2024-05-27,NEG,not ironic,
22942310,49932,49932,1795137935022735739,2024-05-27,POS,not ironic,
22942311,49933,49933,1795137934598750357,2024-05-27,NEU,not ironic,
22942312,49934,49934,1795137934342910086,2024-05-27,POS,ironic,
22942313,49935,49935,1795137933411745954,2024-05-27,NEG,not ironic,
22942314,49936,49936,1795137933114212417,2024-05-27,NEG,not ironic,
22942315,49937,49937,1795137932803612855,2024-05-27,NEG,ironic,
22942316,49938,49938,1795137932686135642,2024-05-27,POS,ironic,
22942317,49939,49939,1795137931943739725,2024-05-27,NEG,not ironic,
22942318,49940,49940,1795137931927224802,2024-05-27,NEU,not ironic,
22942319,49941,49941,1795137929154548137,2024-05-27,NEG,not ironic,
22942320,49942,49942,1795137928982593713,2024-05-27,POS,not ironic,
22942321,49943,49943,1795137928659644639,2024-05-27,NEG,not ironic,
22942322,49944,49944,1795137928592503221,2024-05-27,POS,not ironic,
22942323,49945,49945,1795137926709289222,2024-05-27,NEG,ironic,
22942324,49946,49946,1795137925404852537,2024-05-27,NEU,ironic,
22942325,49947,49947,1795137923886534661,2024-05-27,POS,not ironic,
22942326,49948,49948,1795137922993213543,2024-05-27,NEU,not ironic,
22942327,49949,49949,1795137922879865190,2024-05-27,POS,not ironic,
22942328,49950,49950,1795137922414338109,2024-05-27,NEU,not ironic,
22942329,49951,49951,1795137921504161822,2024-05-27,POS,not ironic,
22942330,49952,49952,1795137921336606900,2024-05-27,NEG,not ironic,
22942331,49953,49953,1795137921265119730,2024-05-27,NEU,not ironic,
22942332,49954,49954,1795137921227297182,2024-05-27,NEG,ironic,
22942333,49955,49955,1795137920166203612,2024-05-27,NEG,not ironic,
22942334,49956,49956,1795137920011010424,2024-05-27,NEG,not ironic,
22942335,49957,49957,1795137919956500746,2024-05-27,NEG,ironic,
22942336,49958,49958,1795137919243473327,2024-05-27,NEG,not ironic,
22942337,49959,49959,1795137919168151809,2024-05-27,NEU,not ironic,
22942338,49960,49960,1795137918719123582,2024-05-27,NEG,ironic,
22942339,49961,49961,1795137918039740919,2024-05-27,NEG,ironic,
22942340,49962,49962,1795137917796372864,2024-05-27,NEG,ironic,
22942341,49963,49963,1795137917532156162,2024-05-27,NEG,not ironic,
22942342,49964,49964,1795137916663919014,2024-05-27,NEG,not ironic,
22942343,49965,49965,1795137915485335771,2024-05-27,NEG,ironic,
22942344,49966,49966,1795137915460170099,2024-05-27,NEG,ironic,
22942345,49967,49967,1795137914822668635,2024-05-27,NEG,not ironic,
22942346,49968,49968,1795137914784907650,2024-05-27,NEU,not ironic,
22942347,49969,49969,1795137914122256499,2024-05-27,NEG,ironic,
22942348,49970,49970,1795137913551773979,2024-05-27,NEG,ironic,
22942349,49971,49971,1795137913031643543,2024-05-27,NEU,not ironic,
22942350,49972,49972,1795137912851362050,2024-05-27,NEU,not ironic,
22942351,49973,49973,1795137911773594010,2024-05-27,NEU,not ironic,
22942352,49974,49974,1795137911559438468,2024-05-27,NEG,ironic,
22942353,49975,49975,1795137911291035868,2024-05-27,NEG,not ironic,
22942354,49976,49976,1795137910708240634,2024-05-27,NEU,not ironic,
22942355,49977,49977,1795137910489911685,2024-05-27,NEG,ironic,
22942356,49978,49978,1795137910246613030,2024-05-27,NEG,not ironic,
22942357,49979,49979,1795137909806289036,2024-05-27,NEU,not ironic,
22942358,49980,49980,1795137909416186200,2024-05-27,NEU,ironic,
22942359,49981,49981,1795137908904460774,2024-05-27,NEU,ironic,
22942360,49982,49982,1795137908208234579,2024-05-27,NEG,not ironic,
22942361,49983,49983,1795137906970906703,2024-05-27,NEG,not ironic,
22942362,49984,49984,1795137906756960297,2024-05-27,NEG,ironic,
22942363,49985,49985,1795137906719269163,2024-05-27,POS,not ironic,
22942364,49986,49986,1795137905083678994,2024-05-27,NEU,ironic,
22942365,49987,49987,1795137904823439615,2024-05-27,NEG,not ironic,
22942366,49988,49988,1795137904466935987,2024-05-27,NEG,ironic,
22942367,49989,49989,1795137904265560377,2024-05-27,NEG,ironic,
22942368,49990,49990,1795137903707709650,2024-05-27,NEU,not ironic,
22942369,49991,49991,1795137902130663681,2024-05-27,NEG,not ironic,
22942370,49992,49992,1795137901811875994,2024-05-27,NEU,not ironic,
22942371,49993,49993,1795137901614760447,2024-05-27,NEU,not ironic,
22942372,49994,49994,1795137901459611965,2024-05-27,NEU,not ironic,
22942373,49995,49995,1795137900419465312,2024-05-27,NEU,not ironic,
22942374,49996,49996,1795137900050256329,2024-05-27,POS,ironic,
22942375,49997,49997,1795137899790467315,2024-05-27,NEU,not ironic,
22942376,49998,49998,1795137899417010499,2024-05-27,NEU,ironic,
22942377,49999,49999,1795137898615894468,2024-05-27,NEU,not ironic,
22942378,0,0,1.8361331290206743e+18,2024-09-17,NEG,not ironic,
22942379,1,1,1.836133128827552e+18,2024-09-17,NEU,not ironic,
22942380,2,2,1.836133127321981e+18,2024-09-17,NEG,ironic,
22942381,3,3,1.836133127065854e+18,2024-09-17,NEG,not ironic,
22942382,4,4,1.8361331254048847e+18,2024-09-17,NEU,ironic,
22942383,5,5,1.8361331231986893e+18,2024-09-17,POS,ironic,
22942384,6,6,1.8361331221166697e+18,2024-09-17,NEG,ironic,
22942385,7,7,1.836133120984388e+18,2024-09-17,NEU,not ironic,
22942386,8,8,1.836133120313049e+18,2024-09-17,NEG,not ironic,
22942387,9,9,1.8361331199943355e+18,2024-09-17,NEG,ironic,
22942388,10,10,1.836133117117014e+18,2024-09-17,NEG,not ironic,
22942389,11,11,1.836133116550717e+18,2024-09-17,POS,not ironic,
22942390,12,12,1.8361331156196275e+18,2024-09-17,NEG,ironic,
22942391,13,13,1.8361331153553408e+18,2024-09-17,NEU,not ironic,
22942392,14,14,1.8361331145923464e+18,2024-09-17,NEG,not ironic,
22942393,15,15,1.836133114004804e+18,2024-09-17,NEU,not ironic,
22942394,16,16,1.836133113971512e+18,2024-09-17,NEG,not ironic,
22942395,17,17,1.8361331118575693e+18,2024-09-17,NEG,not ironic,
22942396,18,18,1.8361331118114447e+18,2024-09-17,NEG,not ironic,
22942397,19,19,1.8361331068912724e+18,2024-09-17,NEG,not ironic,
22942398,20,20,1.83613310657255e+18,2024-09-17,NEG,not ironic,
22942399,21,21,1.83613310545288e+18,2024-09-17,NEG,not ironic,
22942400,22,22,1.8361331052554977e+18,2024-09-17,NEU,not ironic,
22942401,23,23,1.836133105146512e+18,2024-09-17,NEG,not ironic,
22942402,24,24,1.8361331044504576e+18,2024-09-17,NEG,not ironic,
22942403,25,25,1.8361331017365225e+18,2024-09-17,NEG,ironic,
22942404,26,26,1.836133100679464e+18,2024-09-17,NEU,not ironic,
22942405,27,27,1.836133100302053e+18,2024-09-17,NEU,not ironic,
22942406,28,28,1.8361330997989583e+18,2024-09-17,NEG,not ironic,
22942407,29,29,1.8361330997402376e+18,2024-09-17,NEU,not ironic,
22942408,30,30,1.8361330993583025e+18,2024-09-17,NEG,not ironic,
22942409,31,31,1.836133097336902e+18,2024-09-17,NEG,ironic,
22942410,32,32,1.8361330962506552e+18,2024-09-17,NEG,ironic,
22942411,33,33,1.8361330943253632e+18,2024-09-17,NEG,not ironic,
22942412,34,34,1.8361330943000128e+18,2024-09-17,POS,ironic,
22942413,35,35,1.8361330942118912e+18,2024-09-17,NEG,ironic,
22942414,36,36,1.8361330915820467e+18,2024-09-17,NEG,not ironic,
22942415,37,37,1.8361330915695e+18,2024-09-17,NEG,not ironic,
22942416,38,38,1.8361330912087616e+18,2024-09-17,NEG,ironic,
22942417,39,39,1.836133090064012e+18,2024-09-17,NEU,not ironic,
22942418,40,40,1.8361330896823217e+18,2024-09-17,NEU,not ironic,
22942419,41,41,1.83613308851209e+18,2024-09-17,NEU,ironic,
22942420,42,42,1.8361330883233047e+18,2024-09-17,NEG,not ironic,
22942421,43,43,1.836133087920689e+18,2024-09-17,NEU,ironic,
22942422,44,44,1.8361330874842647e+18,2024-09-17,NEG,ironic,
22942423,45,45,1.8361330873961805e+18,2024-09-17,NEU,not ironic,
22942424,46,46,1.836133085546713e+18,2024-09-17,NEG,not ironic,
22942426,48,48,1.8361330846069268e+18,2024-09-17,NEG,ironic,
22942427,49,49,1.836133084418168e+18,2024-09-17,NEU,not ironic,
22942428,50,50,1.8361330832315108e+18,2024-09-17,NEG,ironic,
22942429,51,51,1.8361330830131607e+18,2024-09-17,NEG,ironic,
22942430,52,52,1.836133082836972e+18,2024-09-17,NEG,ironic,
22942431,53,53,1.836133082191012e+18,2024-09-17,NEU,not ironic,
22942432,54,54,1.836133081083974e+18,2024-09-17,NEG,ironic,
22942433,55,55,1.8361330806937108e+18,2024-09-17,NEG,ironic,
22942434,56,56,1.8361330804003023e+18,2024-09-17,NEG,ironic,
22942435,57,57,1.8361330776740047e+18,2024-09-17,NEG,ironic,
22942436,58,58,1.836133077556564e+18,2024-09-17,NEG,not ironic,
22942437,59,59,1.8361330772375304e+18,2024-09-17,NEG,not ironic,
22942438,60,60,1.8361330758953247e+18,2024-09-17,NEU,not ironic,
22942439,61,61,1.8361330758746483e+18,2024-09-17,NEG,not ironic,
22942440,62,62,1.8361330751365e+18,2024-09-17,NEU,not ironic,
22942441,63,63,1.836133074708349e+18,2024-09-17,NEG,ironic,
22942443,65,65,1.83613307346684e+18,2024-09-17,NEG,not ironic,
22942444,66,66,1.8361330726366456e+18,2024-09-17,NEU,not ironic,
22942445,67,67,1.8361330721205448e+18,2024-09-17,NEG,ironic,
22942447,69,69,1.8361330698807247e+18,2024-09-17,NEG,ironic,
22942448,70,70,1.8361330682365627e+18,2024-09-17,NEU,ironic,
22942449,71,71,1.8361330675112064e+18,2024-09-17,NEG,ironic,
22942450,72,72,1.836133067162784e+18,2024-09-17,POS,not ironic,
22942451,73,73,1.836133067154412e+18,2024-09-17,POS,not ironic,
22942452,74,74,1.8361330671418737e+18,2024-09-17,NEG,not ironic,
22942453,75,75,1.836133066764436e+18,2024-09-17,NEU,ironic,
22942454,76,76,1.8361330663578504e+18,2024-09-17,NEU,not ironic,
22942455,77,77,1.836133065921336e+18,2024-09-17,POS,not ironic,
22942456,78,78,1.8361330637486449e+18,2024-09-17,NEU,not ironic,
22942457,79,79,1.836133063253996e+18,2024-09-17,NEU,not ironic,
22942458,80,80,1.8361330627253128e+18,2024-09-17,NEU,ironic,
22942459,81,81,1.8361330625952689e+18,2024-09-17,NEU,not ironic,
22942460,82,82,1.8361330612573064e+18,2024-09-17,NEU,not ironic,
22942461,83,83,1.836133060430951e+18,2024-09-17,NEU,not ironic,
22942462,84,84,1.8361330597472832e+18,2024-09-17,NEU,not ironic,
22942463,85,85,1.83613305962562e+18,2024-09-17,NEU,not ironic,
22942464,86,86,1.8361330593782625e+18,2024-09-17,NEU,not ironic,
22942465,87,87,1.8361330589377864e+18,2024-09-17,POS,not ironic,
22942466,88,88,1.836133058657022e+18,2024-09-17,NEG,not ironic,
22942467,89,89,1.8361330585270072e+18,2024-09-17,NEG,ironic,
22942468,90,90,1.8361330585144607e+18,2024-09-17,POS,not ironic,
22942469,91,91,1.8361330583802063e+18,2024-09-17,NEG,ironic,
22942470,92,92,1.836133055947236e+18,2024-09-17,NEU,not ironic,
22942471,93,93,1.836133054240248e+18,2024-09-17,NEG,ironic,
22942472,94,94,1.836133054160708e+18,2024-09-17,NEG,not ironic,
22942473,95,95,1.83613305379974e+18,2024-09-17,NEG,not ironic,
22942474,96,96,1.8361330527889905e+18,2024-09-17,NEU,not ironic,
22942475,97,97,1.836133052562432e+18,2024-09-17,NEU,not ironic,
22942477,99,99,1.8361330521223496e+18,2024-09-17,NEG,not ironic,
22942478,100,100,1.836133050700145e+18,2024-09-17,POS,not ironic,
22942479,101,101,1.836133050469479e+18,2024-09-17,NEU,not ironic,
22942480,102,102,1.8361330484858432e+18,2024-09-17,NEU,not ironic,
22942481,103,103,1.8361330476342152e+18,2024-09-17,NEG,not ironic,
22942482,104,104,1.83613304691298e+18,2024-09-17,NEU,not ironic,
22942483,105,105,1.836133045365048e+18,2024-09-17,POS,ironic,
22942484,106,106,1.8361330451681487e+18,2024-09-17,NEG,not ironic,
22942485,107,107,1.8361330447568847e+18,2024-09-17,NEG,ironic,
22942486,108,108,1.8361330444760888e+18,2024-09-17,NEU,ironic,
22942487,109,109,1.8361330439264463e+18,2024-09-17,NEU,ironic,
22942488,110,110,1.836133041875333e+18,2024-09-17,POS,ironic,
22942489,111,111,1.8361330415901327e+18,2024-09-17,POS,ironic,
22942490,112,112,1.8361330413930376e+18,2024-09-17,NEG,not ironic,
22942491,113,113,1.8361330400088763e+18,2024-09-17,NEU,ironic,
22942492,114,114,1.8361330393296896e+18,2024-09-17,NEG,ironic,
22942493,115,115,1.836133038905844e+18,2024-09-17,NEG,ironic,
22942494,116,116,1.836133038700512e+18,2024-09-17,POS,not ironic,
22942495,117,117,1.8361330384905167e+18,2024-09-17,POS,ironic,
22942496,118,118,1.836133037974708e+18,2024-09-17,NEU,not ironic,
22942497,119,119,1.8361330367376591e+18,2024-09-17,NEU,ironic,
22942498,120,120,1.8361330356006792e+18,2024-09-17,NEU,not ironic,
22942499,121,121,1.8361330352106537e+18,2024-09-17,NEG,not ironic,
22942500,122,122,1.836133034359202e+18,2024-09-17,NEU,not ironic,
22942501,123,123,1.8361330339693568e+18,2024-09-17,NEG,not ironic,
22942502,124,124,1.836133032295584e+18,2024-09-17,NEU,not ironic,
22942504,126,126,1.8361330314737464e+18,2024-09-17,NEG,not ironic,
22942505,127,127,1.83613303065138e+18,2024-09-17,NEG,ironic,
22942506,128,128,1.836133029569233e+18,2024-09-17,NEG,not ironic,
22942507,129,129,1.836133029191812e+18,2024-09-17,NEG,not ironic,
22942508,130,130,1.8361330275101368e+18,2024-09-17,NEG,not ironic,
22942509,131,131,1.8361330265913265e+18,2024-09-17,NEG,not ironic,
22942510,132,132,1.8361330260376783e+18,2024-09-17,NEU,ironic,
22942511,133,133,1.8361330259370112e+18,2024-09-17,NEU,not ironic,
22942512,134,134,1.836133025416933e+18,2024-09-17,POS,not ironic,
22942513,135,135,1.836133025262036e+18,2024-09-17,NEU,ironic,
22942514,136,136,1.8361330252409933e+18,2024-09-17,NEU,not ironic,
22942515,137,137,1.8361330250100736e+18,2024-09-17,NEU,not ironic,
22942516,138,138,1.8361330246703923e+18,2024-09-17,POS,not ironic,
22942517,139,139,1.8361330244900209e+18,2024-09-17,NEG,ironic,
22942518,140,140,1.8361330244647936e+18,2024-09-17,NEG,ironic,
22942520,142,142,1.8361330240412047e+18,2024-09-17,POS,not ironic,
22942521,143,143,1.836133024007586e+18,2024-09-17,NEG,ironic,
22942522,144,144,1.8361330237517783e+18,2024-09-17,NEU,not ironic,
22942523,145,145,1.8361330235421164e+18,2024-09-17,NEG,not ironic,
22942524,146,146,1.8361330231354368e+18,2024-09-17,POS,not ironic,
22942525,147,147,1.8361330230555364e+18,2024-09-17,POS,not ironic,
22942526,148,148,1.83613302139064e+18,2024-09-17,NEG,ironic,
22942527,149,149,1.8361330211891205e+18,2024-09-17,NEG,ironic,
22942528,150,150,1.83613302092064e+18,2024-09-17,NEU,not ironic,
22942530,152,152,1.836133020660552e+18,2024-09-17,NEU,ironic,
22942531,153,153,1.836133020383801e+18,2024-09-17,NEU,not ironic,
22942532,154,154,1.8361330203544049e+18,2024-09-17,NEG,ironic,
22942533,155,155,1.836133020325278e+18,2024-09-17,NEG,ironic,
22942534,156,156,1.8361330198219697e+18,2024-09-17,NEU,not ironic,
22942535,157,157,1.836133019792401e+18,2024-09-17,NEG,not ironic,
22942536,158,158,1.836133019784266e+18,2024-09-17,NEG,ironic,
22942537,159,159,1.8361330194274268e+18,2024-09-17,NEU,not ironic,
22942538,160,160,1.8361330190082788e+18,2024-09-17,NEG,not ironic,
22942539,161,161,1.836133018656036e+18,2024-09-17,NEG,not ironic,
22942540,162,162,1.8361330186349816e+18,2024-09-17,POS,not ironic,
22942541,163,163,1.836133017904964e+18,2024-09-17,POS,ironic,
22942542,164,164,1.8361330169612247e+18,2024-09-17,POS,not ironic,
22942543,165,165,1.836133015598032e+18,2024-09-17,NEU,not ironic,
22942544,166,166,1.8361330155225743e+18,2024-09-17,NEG,ironic,
22942546,168,168,1.8361330140422188e+18,2024-09-17,NEG,ironic,
22942547,169,169,1.8361330136938168e+18,2024-09-17,NEG,ironic,
22942548,170,170,1.8361330121713167e+18,2024-09-17,NEG,not ironic,
22942549,171,171,1.836133011504464e+18,2024-09-17,NEU,not ironic,
22942550,172,172,1.8361330112236465e+18,2024-09-17,NEG,ironic,
22942551,173,173,1.8361330108417272e+18,2024-09-17,NEU,not ironic,
22942552,174,174,1.83613300975564e+18,2024-09-17,NEG,not ironic,
22942553,175,175,1.836133008627372e+18,2024-09-17,NEU,not ironic,
22942554,176,176,1.8361330083799084e+18,2024-09-17,NEG,not ironic,
22942555,177,177,1.8361330078263173e+18,2024-09-17,NEU,not ironic,
22942556,178,178,1.8361330074445745e+18,2024-09-17,POS,ironic,
22942557,179,179,1.8361330073395e+18,2024-09-17,NEG,not ironic,
22942558,180,180,1.8361330059052687e+18,2024-09-17,NEG,not ironic,
22942559,181,181,1.8361330026631048e+18,2024-09-17,NEU,ironic,
22942560,182,182,1.8361330010315e+18,2024-09-17,NEU,ironic,
22942561,183,183,1.8361330009808653e+18,2024-09-17,POS,not ironic,
22942562,184,184,1.8361330006622044e+18,2024-09-17,NEG,ironic,
22942563,185,185,1.8361330004149043e+18,2024-09-17,NEG,not ironic,
22942564,186,186,1.836132998728618e+18,2024-09-17,NEU,ironic,
22942565,187,187,1.836132998028177e+18,2024-09-17,NEG,not ironic,
22942566,188,188,1.8361329976380744e+18,2024-09-17,POS,ironic,
22942567,189,189,1.8361329953020685e+18,2024-09-17,NEU,ironic,
22942568,190,190,1.8361329948197647e+18,2024-09-17,NEG,not ironic,
22942569,191,191,1.8361329918543508e+18,2024-09-17,NEG,not ironic,
22942570,192,192,1.836132987630412e+18,2024-09-17,NEG,not ironic,
22942571,193,193,1.836132985038644e+18,2024-09-17,NEG,not ironic,
22942573,195,195,1.836132984073696e+18,2024-09-17,NEU,not ironic,
22942574,196,196,1.836132980642976e+18,2024-09-17,NEG,ironic,
22942575,197,197,1.8361329802233487e+18,2024-09-17,NEG,not ironic,
22942576,198,198,1.8361329800516e+18,2024-09-17,NEU,not ironic,
22942577,199,199,1.8361329798038687e+18,2024-09-17,NEU,not ironic,
22942578,200,200,1.836132978310948e+18,2024-09-17,NEG,not ironic,
22942579,201,201,1.836132976264123e+18,2024-09-17,POS,not ironic,
22942580,202,202,1.836132974552637e+18,2024-09-17,NEU,ironic,
22942581,203,203,1.8361329744310195e+18,2024-09-17,NEU,ironic,
22942582,204,204,1.8361329721702687e+18,2024-09-17,POS,not ironic,
22942583,205,205,1.8361329706018657e+18,2024-09-17,NEU,ironic,
22942584,206,206,1.8361329696286968e+18,2024-09-17,NEU,not ironic,
22942585,207,207,1.83613296743517e+18,2024-09-17,NEU,ironic,
22942586,208,208,1.8361329671035208e+18,2024-09-17,NEG,ironic,
22942587,209,209,1.8361329650443305e+18,2024-09-17,NEU,not ironic,
22942588,210,210,1.836132964666872e+18,2024-09-17,NEU,not ironic,
22942589,211,211,1.836132964461396e+18,2024-09-17,NEG,ironic,
22942590,212,212,1.83613296443177e+18,2024-09-17,NEG,not ironic,
22942592,214,214,1.8361329634125169e+18,2024-09-17,NEU,not ironic,
22942593,215,215,1.8361329620118776e+18,2024-09-17,POS,not ironic,
22942594,216,216,1.836132960799687e+18,2024-09-17,NEG,ironic,
22942595,217,217,1.8361329586772047e+18,2024-09-17,NEG,not ironic,
22942596,218,218,1.836132957763048e+18,2024-09-17,NEU,not ironic,
22942597,219,219,1.8361329577001208e+18,2024-09-17,NEU,ironic,
22942598,220,220,1.8361329568651924e+18,2024-09-17,POS,ironic,
22942599,221,221,1.8361329563996367e+18,2024-09-17,POS,not ironic,
22942600,222,222,1.8361329536777587e+18,2024-09-17,POS,ironic,
22942601,223,223,1.836132953510048e+18,2024-09-17,NEG,not ironic,
22942602,224,224,1.8361329525282568e+18,2024-09-17,POS,not ironic,
22942604,226,226,1.8361329480322624e+18,2024-09-17,POS,not ironic,
22942605,227,227,1.8361329471890107e+18,2024-09-17,NEU,not ironic,
22942606,228,228,1.836132945901372e+18,2024-09-17,NEG,not ironic,
22942607,229,229,1.8361329458218644e+18,2024-09-17,NEU,not ironic,
22942608,230,230,1.8361329453183388e+18,2024-09-17,NEU,not ironic,
22942609,231,231,1.8361329445423025e+18,2024-09-17,NEU,ironic,
22942610,232,232,1.8361329433849733e+18,2024-09-17,NEU,ironic,
22942611,233,233,1.8361329415898808e+18,2024-09-17,NEG,ironic,
22942612,234,234,1.836132939899515e+18,2024-09-17,NEG,not ironic,
22942613,235,235,1.8361329386076567e+18,2024-09-17,NEU,ironic,
22942614,236,236,1.836132937823036e+18,2024-09-17,NEG,ironic,
22942615,237,237,1.8361329369380992e+18,2024-09-17,NEG,not ironic,
22942617,239,239,1.83613293630478e+18,2024-09-17,NEU,not ironic,
22942618,240,240,1.8361329357090985e+18,2024-09-17,NEG,not ironic,
22942619,241,241,1.8361329347780529e+18,2024-09-17,NEG,ironic,
22942620,242,242,1.8361329347192668e+18,2024-09-17,NEG,not ironic,
22942621,243,243,1.8361329335448783e+18,2024-09-17,NEU,not ironic,
22942622,244,244,1.836132928818168e+18,2024-09-17,NEG,ironic,
22942623,245,245,1.836132928771736e+18,2024-09-17,NEG,ironic,
22942624,246,246,1.8361329285077773e+18,2024-09-17,POS,not ironic,
22942625,247,247,1.836132927526277e+18,2024-09-17,NEG,not ironic,
22942626,248,248,1.836132926536454e+18,2024-09-17,NEU,ironic,
22942627,249,249,1.836132926435791e+18,2024-09-17,POS,not ironic,
22942628,250,250,1.836132923273286e+18,2024-09-17,NEG,not ironic,
22942629,251,251,1.8361329227487767e+18,2024-09-17,NEG,not ironic,
22942630,252,252,1.836132921352295e+18,2024-09-17,POS,not ironic,
22942631,253,253,1.83613292080674e+18,2024-09-17,NEU,ironic,
22942632,254,254,1.8361329206602348e+18,2024-09-17,POS,ironic,
22942633,255,255,1.8361329202615296e+18,2024-09-17,NEG,ironic,
22942634,256,256,1.8361329201734784e+18,2024-09-17,POS,not ironic,
22942635,257,257,1.836132919774962e+18,2024-09-17,NEG,ironic,
22942636,258,258,1.8361329184076145e+18,2024-09-17,NEG,not ironic,
22942637,259,259,1.836132915966808e+18,2024-09-17,NEG,not ironic,
22942638,260,260,1.8361329137939704e+18,2024-09-17,NEU,ironic,
22942639,261,261,1.8361329130182497e+18,2024-09-17,NEU,not ironic,
22942640,262,262,1.8361329118396257e+18,2024-09-17,NEG,ironic,
22942641,263,263,1.8361329116634808e+18,2024-09-17,NEG,ironic,
22942642,264,264,1.8361329112943447e+18,2024-09-17,NEG,not ironic,
22942643,265,265,1.8361329111053804e+18,2024-09-17,NEG,ironic,
22942644,266,266,1.8361329105058985e+18,2024-09-17,NEU,not ironic,
22942645,267,267,1.8361329099854769e+18,2024-09-17,POS,not ironic,
22942646,268,268,1.836132909490824e+18,2024-09-17,POS,ironic,
22942647,269,269,1.8361329077585388e+18,2024-09-17,NEU,not ironic,
22942648,270,270,1.836132907511092e+18,2024-09-17,NEG,not ironic,
22942649,271,271,1.8361329064247665e+18,2024-09-17,NEG,not ironic,
22942650,272,272,1.8361329053675643e+18,2024-09-17,NEU,not ironic,
22942651,273,273,1.8361329049020457e+18,2024-09-17,NEG,not ironic,
22942652,274,274,1.836132903161598e+18,2024-09-17,POS,not ironic,
22942653,275,275,1.836132902498898e+18,2024-09-17,NEG,ironic,
22942654,276,276,1.8361329022640008e+18,2024-09-17,NEG,not ironic,
22942656,278,278,1.8361329014081487e+18,2024-09-17,POS,not ironic,
22942657,279,279,1.8361328997639785e+18,2024-09-17,NEG,ironic,
22942658,280,280,1.836132899575268e+18,2024-09-17,POS,not ironic,
22942659,281,281,1.8361328992105964e+18,2024-09-17,NEU,ironic,
22942660,282,282,1.8361328986021768e+18,2024-09-17,NEU,ironic,
22942661,283,283,1.8361328971637435e+18,2024-09-17,NEG,not ironic,
22942662,284,284,1.836132895473476e+18,2024-09-17,POS,ironic,
22942664,286,286,1.8361328937201871e+18,2024-09-17,NEG,not ironic,
22942665,287,287,1.8361328921725425e+18,2024-09-17,NEU,not ironic,
22942666,288,288,1.8361328920128968e+18,2024-09-17,NEU,not ironic,
22942667,289,289,1.8361328912791347e+18,2024-09-17,NEG,not ironic,
22942668,290,290,1.8361328906416783e+18,2024-09-17,NEU,not ironic,
22942669,291,291,1.8361328882002995e+18,2024-09-17,POS,not ironic,
22942670,292,292,1.8361328862331456e+18,2024-09-17,POS,not ironic,
22942671,293,293,1.836132885339968e+18,2024-09-17,NEG,ironic,
22942672,294,294,1.8361328851048696e+18,2024-09-17,NEU,ironic,
22942673,295,295,1.8361328846773005e+18,2024-09-17,NEG,not ironic,
22942674,296,296,1.836132883343516e+18,2024-09-17,NEG,ironic,
22942675,297,297,1.8361328828776448e+18,2024-09-17,NEU,ironic,
22942676,298,298,1.836132882324296e+18,2024-09-17,NEU,not ironic,
22942677,299,299,1.8361328786204595e+18,2024-09-17,NEU,not ironic,
22942678,300,300,1.8361328782849065e+18,2024-09-17,NEG,ironic,
22942679,301,301,1.8361328781507712e+18,2024-09-17,NEU,ironic,
22942680,302,302,1.8361328771695693e+18,2024-09-17,NEU,not ironic,
22942681,303,303,1.836132874958808e+18,2024-09-17,NEG,ironic,
22942682,304,304,1.8361328749339484e+18,2024-09-17,NEU,not ironic,
22942683,305,305,1.83613287400258e+18,2024-09-17,NEG,not ironic,
22942684,306,306,1.836132872148616e+18,2024-09-17,NEG,ironic,
22942685,307,307,1.8361328714694328e+18,2024-09-17,NEG,ironic,
22942686,308,308,1.836132866633147e+18,2024-09-17,NEG,not ironic,
22942687,309,309,1.8361328659829883e+18,2024-09-17,NEG,not ironic,
22942688,310,310,1.836132865765184e+18,2024-09-17,NEU,ironic,
22942689,311,311,1.8361328643810632e+18,2024-09-17,POS,not ironic,
22942690,312,312,1.8361328608536527e+18,2024-09-17,NEG,not ironic,
22942691,313,313,1.8361328598047785e+18,2024-09-17,NEU,not ironic,
22942692,314,314,1.8361328590834483e+18,2024-09-17,NEU,not ironic,
22942693,315,315,1.8361328553504689e+18,2024-09-17,NEU,not ironic,
22942694,316,316,1.836132854725821e+18,2024-09-17,NEG,not ironic,
22942695,317,317,1.8361328547129016e+18,2024-09-17,NEG,not ironic,
22942696,318,318,1.8361328531442647e+18,2024-09-17,NEG,ironic,
22942697,319,319,1.8361328527334927e+18,2024-09-17,NEG,not ironic,
22942699,321,321,1.8361328491848087e+18,2024-09-17,NEG,ironic,
22942700,322,322,1.8361328491387008e+18,2024-09-17,NEG,ironic,
22942701,323,323,1.836132848245384e+18,2024-09-17,NEG,ironic,
22942702,324,324,1.8361328468740383e+18,2024-09-17,NEG,not ironic,
22942703,325,325,1.8361328460813888e+18,2024-09-17,NEG,not ironic,
22942704,326,326,1.8361328460433408e+18,2024-09-17,NEG,ironic,
22942705,327,327,1.8361328459300577e+18,2024-09-17,NEU,not ironic,
22942706,328,328,1.8361328458462167e+18,2024-09-17,NEU,not ironic,
22942707,329,329,1.8361328456322788e+18,2024-09-17,NEG,ironic,
22942709,331,331,1.8361328428052808e+18,2024-09-17,NEU,ironic,
22942711,333,333,1.836132840276378e+18,2024-09-17,NEG,ironic,
22942712,334,334,1.8361328399031424e+18,2024-09-17,NEG,not ironic,
22942713,335,335,1.836132839370191e+18,2024-09-17,NEU,not ironic,
22942714,336,336,1.836132838871048e+18,2024-09-17,NEG,ironic,
22942715,337,337,1.836132837352751e+18,2024-09-17,POS,not ironic,
22942716,338,338,1.8361328369668303e+18,2024-09-17,NEG,ironic,
22942717,339,339,1.836132836291527e+18,2024-09-17,NEG,not ironic,
22942718,340,340,1.8361328354865687e+18,2024-09-17,POS,not ironic,
22942719,341,341,1.836132833578095e+18,2024-09-17,NEG,ironic,
22942720,342,342,1.83613283155196e+18,2024-09-17,NEG,ironic,
22942721,343,343,1.8361328311326188e+18,2024-09-17,NEG,ironic,
22942722,344,344,1.8361328311202327e+18,2024-09-17,NEG,not ironic,
22942723,345,345,1.8361328310277527e+18,2024-09-17,NEU,not ironic,
22942724,346,346,1.83613282863725e+18,2024-09-17,NEG,ironic,
22942725,347,347,1.8361328245771635e+18,2024-09-17,NEG,ironic,
22942726,348,348,1.8361328237422308e+18,2024-09-17,NEU,not ironic,
22942727,349,349,1.836132823339569e+18,2024-09-17,NEG,not ironic,
22942728,350,350,1.8361328214859407e+18,2024-09-17,NEU,not ironic,
22942729,351,351,1.836132821364024e+18,2024-09-17,NEG,not ironic,
22942730,352,352,1.8361328211587607e+18,2024-09-17,NEU,ironic,
22942731,353,353,1.836132821137597e+18,2024-09-17,POS,ironic,
22942732,354,354,1.8361328209658227e+18,2024-09-17,NEG,not ironic,
22942733,355,355,1.8361328208483825e+18,2024-09-17,NEG,ironic,
22942734,356,356,1.836132818776396e+18,2024-09-17,NEG,not ironic,
22942735,357,357,1.8361328169896223e+18,2024-09-17,POS,ironic,
22942736,358,358,1.836132816343712e+18,2024-09-17,NEG,ironic,
22942737,359,359,1.8361328159829893e+18,2024-09-17,NEU,not ironic,
22942738,360,360,1.8361328153412767e+18,2024-09-17,NEG,not ironic,
22942739,361,361,1.8361328151312635e+18,2024-09-17,NEU,ironic,
22942740,362,362,1.836132815051596e+18,2024-09-17,NEG,ironic,
22942741,363,363,1.83613281314764e+18,2024-09-17,NEG,not ironic,
22942742,364,364,1.8361328129589005e+18,2024-09-17,NEG,not ironic,
22942743,365,365,1.8361328128330675e+18,2024-09-17,NEU,ironic,
22942744,366,366,1.836132812170183e+18,2024-09-17,NEU,not ironic,
22942745,367,367,1.8361328111259853e+18,2024-09-17,POS,not ironic,
22942746,368,368,1.836132810844975e+18,2024-09-17,NEG,not ironic,
22942747,369,369,1.8361328106436403e+18,2024-09-17,NEG,not ironic,
22942748,370,370,1.8361328106143503e+18,2024-09-17,POS,not ironic,
22942749,371,371,1.8361328104169103e+18,2024-09-17,NEG,not ironic,
22942750,372,372,1.836132809481585e+18,2024-09-17,NEG,ironic,
22942751,373,373,1.836132808282248e+18,2024-09-17,NEG,not ironic,
22942752,374,374,1.836132808252888e+18,2024-09-17,NEG,not ironic,
22942753,375,375,1.8361328080261448e+18,2024-09-17,NEG,not ironic,
22942754,376,376,1.836132806340285e+18,2024-09-17,NEG,not ironic,
22942755,377,377,1.836132806180676e+18,2024-09-17,NEG,ironic,
22942756,378,378,1.836132804809073e+18,2024-09-17,POS,not ironic,
22942757,379,379,1.836132802905149e+18,2024-09-17,NEG,not ironic,
22942758,380,380,1.836132802883965e+18,2024-09-17,NEU,not ironic,
22942759,381,381,1.8361328025821967e+18,2024-09-17,NEG,ironic,
22942760,382,382,1.8361328020160184e+18,2024-09-17,POS,not ironic,
22942761,383,383,1.836132801944408e+18,2024-09-17,POS,ironic,
22942762,384,384,1.836132801810436e+18,2024-09-17,NEU,not ironic,
22942763,385,385,1.8361328002415693e+18,2024-09-17,NEG,ironic,
22942764,386,386,1.836132800103355e+18,2024-09-17,NEG,ironic,
22942765,387,387,1.8361327999187889e+18,2024-09-17,NEG,not ironic,
22942766,388,388,1.8361327983669169e+18,2024-09-17,NEG,not ironic,
22942767,389,389,1.8361327981107607e+18,2024-09-17,NEU,not ironic,
22942769,391,391,1.8361327964082504e+18,2024-09-17,POS,ironic,
22942770,392,392,1.8361327961607089e+18,2024-09-17,NEG,not ironic,
22942771,393,393,1.836132796022329e+18,2024-09-17,NEG,ironic,
22942772,394,394,1.8361327938074583e+18,2024-09-17,NEG,ironic,
22942773,395,395,1.8361327923982336e+18,2024-09-17,POS,ironic,
22942775,397,397,1.836132790594621e+18,2024-09-17,NEG,not ironic,
22942776,398,398,1.836132789776945e+18,2024-09-17,NEU,ironic,
22942777,399,399,1.8361327897557647e+18,2024-09-17,NEG,ironic,
22942779,401,401,1.8361327892568845e+18,2024-09-17,NEU,not ironic,
22942780,402,402,1.836132788753568e+18,2024-09-17,NEU,not ironic,
22942781,403,403,1.8361327856411853e+18,2024-09-17,NEU,not ironic,
22942782,404,404,1.8361327845550945e+18,2024-09-17,NEG,ironic,
22942784,406,406,1.8361327823362831e+18,2024-09-17,NEU,not ironic,
22942785,407,407,1.836132781635904e+18,2024-09-17,NEG,ironic,
22942786,408,408,1.836132781216424e+18,2024-09-17,NEG,not ironic,
22942787,409,409,1.8361327806037404e+18,2024-09-17,NEU,ironic,
22942788,410,410,1.8361327802894623e+18,2024-09-17,POS,not ironic,
22942789,411,411,1.8361327794338568e+18,2024-09-17,NEU,not ironic,
22942790,412,412,1.8361327780661903e+18,2024-09-17,NEG,not ironic,
22942791,413,413,1.8361327771645007e+18,2024-09-17,NEU,not ironic,
22942792,414,414,1.836132775805752e+18,2024-09-17,NEU,not ironic,
22942793,415,415,1.8361327749584973e+18,2024-09-17,NEU,not ironic,
22942794,416,416,1.8361327737463808e+18,2024-09-17,NEG,not ironic,
22942795,417,417,1.8361327723493624e+18,2024-09-17,NEG,ironic,
22942796,418,418,1.8361327707851656e+18,2024-09-17,NEG,not ironic,
22942797,419,419,1.836132769992446e+18,2024-09-17,NEG,ironic,
22942798,420,420,1.8361327696904563e+18,2024-09-17,NEU,not ironic,
22942799,421,421,1.8361327688263928e+18,2024-09-17,NEG,ironic,
22942800,422,422,1.8361327687171564e+18,2024-09-17,NEU,not ironic,
22942801,423,423,1.8361327679999468e+18,2024-09-17,POS,not ironic,
22942802,424,424,1.836132766888399e+18,2024-09-17,NEG,ironic,
22942803,425,425,1.836132766779675e+18,2024-09-17,NEG,ironic,
22942804,426,426,1.8361327665654625e+18,2024-09-17,NEG,ironic,
22942805,427,427,1.836132766129476e+18,2024-09-17,POS,not ironic,
22942806,428,428,1.836132764959024e+18,2024-09-17,NEU,not ironic,
22942807,429,429,1.836132764543791e+18,2024-09-17,NEU,ironic,
22942808,430,430,1.8361327642544576e+18,2024-09-17,NEG,ironic,
22942809,431,431,1.836132764157928e+18,2024-09-17,POS,ironic,
22942810,432,432,1.8361327633903493e+18,2024-09-17,NEG,ironic,
22942811,433,433,1.8361327609537208e+18,2024-09-17,NEG,ironic,
22942812,434,434,1.8361327592801933e+18,2024-09-17,NEU,not ironic,
22942813,435,435,1.83613275924664e+18,2024-09-17,NEG,ironic,
22942815,437,437,1.8361327585335752e+18,2024-09-17,NEU,ironic,
22942816,438,438,1.8361327573883208e+18,2024-09-17,POS,ironic,
22942817,439,439,1.83613275727116e+18,2024-09-17,POS,ironic,
22942818,440,440,1.836132756318757e+18,2024-09-17,NEU,not ironic,
22942819,441,441,1.836132755941605e+18,2024-09-17,NEU,ironic,
22942820,442,442,1.8361327558616108e+18,2024-09-17,POS,not ironic,
22942821,443,443,1.8361327538483853e+18,2024-09-17,NEG,ironic,
22942822,444,444,1.8361327533995213e+18,2024-09-17,NEG,not ironic,
22942823,445,445,1.836132753261368e+18,2024-09-17,POS,ironic,
22942824,446,446,1.83613275308492e+18,2024-09-17,NEU,ironic,
22942825,447,447,1.836132752070001e+18,2024-09-17,NEG,not ironic,
22942826,448,448,1.8361327518982188e+18,2024-09-17,NEG,not ironic,
22942827,449,449,1.8361327513737257e+18,2024-09-17,NEG,not ironic,
22942828,450,450,1.836132750039953e+18,2024-09-17,NEG,not ironic,
22942829,451,451,1.836132748030772e+18,2024-09-17,NEG,ironic,
22942830,452,452,1.836132747083153e+18,2024-09-17,NEG,ironic,
22942831,453,453,1.8361327468899533e+18,2024-09-17,NEG,ironic,
22942832,454,454,1.8361327460385385e+18,2024-09-17,NEU,not ironic,
22942833,455,455,1.8361327457200087e+18,2024-09-17,NEU,not ironic,
22942834,456,456,1.8361327451284e+18,2024-09-17,NEU,not ironic,
22942835,457,457,1.836132744507904e+18,2024-09-17,NEU,not ironic,
22942836,458,458,1.836132743694156e+18,2024-09-17,POS,ironic,
22942837,459,459,1.8361327433667668e+18,2024-09-17,NEG,ironic,
22942838,460,460,1.8361327421881428e+18,2024-09-17,NEG,not ironic,
22942839,461,461,1.836132741521216e+18,2024-09-17,NEG,not ironic,
22942840,462,462,1.8361327407372168e+18,2024-09-17,NEG,ironic,
22942841,463,463,1.8361327403219725e+18,2024-09-17,NEG,not ironic,
22942842,464,464,1.836132737658328e+18,2024-09-17,NEG,ironic,
22942843,465,465,1.83613273694532e+18,2024-09-17,NEG,not ironic,
22942844,466,466,1.8361327364546028e+18,2024-09-17,NEU,not ironic,
22942845,467,467,1.8361327356998167e+18,2024-09-17,NEG,not ironic,
22942846,468,468,1.836132735414604e+18,2024-09-17,POS,not ironic,
22942847,469,469,1.83613273510842e+18,2024-09-17,POS,not ironic,
22942848,470,470,1.8361327348986924e+18,2024-09-17,NEG,not ironic,
22942849,471,471,1.836132734638461e+18,2024-09-17,NEG,not ironic,
22942850,472,472,1.8361327335562404e+18,2024-09-17,NEU,not ironic,
22942851,473,473,1.8361327328770463e+18,2024-09-17,NEG,ironic,
22942852,474,474,1.8361327312745964e+18,2024-09-17,NEG,ironic,
22942853,475,475,1.8361327304862968e+18,2024-09-17,NEG,ironic,
22942854,476,476,1.8361327302262497e+18,2024-09-17,NEG,not ironic,
22942855,477,477,1.8361327298907057e+18,2024-09-17,NEG,not ironic,
22942856,478,478,1.8361327298234163e+18,2024-09-17,NEG,not ironic,
22942857,479,479,1.8361327293200632e+18,2024-09-17,POS,not ironic,
22942858,480,480,1.836132728607032e+18,2024-09-17,POS,not ironic,
22942859,481,481,1.8361327270595505e+18,2024-09-17,NEG,ironic,
22942860,482,482,1.8361327260487232e+18,2024-09-17,POS,not ironic,
22942861,483,483,1.836132726014874e+18,2024-09-17,NEG,not ironic,
22942862,484,484,1.8361327259604585e+18,2024-09-17,NEG,ironic,
22942863,485,485,1.8361327254069944e+18,2024-09-17,NEG,not ironic,
22942864,486,486,1.836132720948188e+18,2024-09-17,NEG,ironic,
22942865,487,487,1.836132720113784e+18,2024-09-17,NEU,not ironic,
22942866,488,488,1.836132719824376e+18,2024-09-17,NEG,not ironic,
22942867,489,489,1.836132713268679e+18,2024-09-17,NEU,not ironic,
22942868,490,490,1.836132712647996e+18,2024-09-17,POS,not ironic,
22942869,491,491,1.8361327112092472e+18,2024-09-17,POS,not ironic,
22942870,492,492,1.836132710017868e+18,2024-09-17,NEG,ironic,
22942871,493,493,1.8361327100052933e+18,2024-09-17,NEG,not ironic,
22942872,494,494,1.8361327098878285e+18,2024-09-17,NEG,ironic,
22942873,495,495,1.8361327096993265e+18,2024-09-17,POS,not ironic,
22942874,496,496,1.8361327096571945e+18,2024-09-17,NEG,not ironic,
22942875,497,497,1.836132708923396e+18,2024-09-17,NEU,not ironic,
22942877,499,499,1.8361327079712927e+18,2024-09-17,NEG,not ironic,
22942878,500,500,1.8361327078200115e+18,2024-09-17,NEU,ironic,
22942879,501,501,1.836132707677672e+18,2024-09-17,NEG,ironic,
22942880,502,502,1.8361327068220915e+18,2024-09-17,NEG,not ironic,
22942881,503,503,1.836132705077204e+18,2024-09-17,POS,ironic,
22942882,504,504,1.836132703890289e+18,2024-09-17,NEU,ironic,
22942883,505,505,1.8361327019860173e+18,2024-09-17,POS,ironic,
22942884,506,506,1.8361327000650097e+18,2024-09-17,NEG,not ironic,
22942885,507,507,1.836132698903188e+18,2024-09-17,NEG,ironic,
22942886,508,508,1.83613269777893e+18,2024-09-17,NEG,ironic,
22942887,509,509,1.8361326956903508e+18,2024-09-17,NEU,not ironic,
22942888,510,510,1.836132695652328e+18,2024-09-17,POS,not ironic,
22942889,511,511,1.836132695341998e+18,2024-09-17,NEU,not ironic,
22942890,512,512,1.8361326943104248e+18,2024-09-17,NEG,ironic,
22942891,513,513,1.836132689700676e+18,2024-09-17,NEG,ironic,
22942892,514,514,1.83613268846776e+18,2024-09-17,NEG,not ironic,
22942893,515,515,1.836132685343003e+18,2024-09-17,NEG,not ironic,
22942894,516,516,1.836132684579398e+18,2024-09-17,NEU,ironic,
22942895,517,517,1.836132682516042e+18,2024-09-17,NEU,ironic,
22942896,518,518,1.836132681022673e+18,2024-09-17,NEU,ironic,
22942897,519,519,1.836132680767046e+18,2024-09-17,NEU,ironic,
22942898,520,520,1.836132679823336e+18,2024-09-17,NEG,ironic,
22942899,521,521,1.8361326794875333e+18,2024-09-17,NEU,ironic,
22942900,522,522,1.8361326788753864e+18,2024-09-17,POS,ironic,
22942901,523,523,1.8361326762623347e+18,2024-09-17,NEG,not ironic,
22942902,524,524,1.8361326749073736e+18,2024-09-17,NEU,ironic,
22942903,525,525,1.8361326724413112e+18,2024-09-17,NEG,ironic,
22942904,526,526,1.836132672269083e+18,2024-09-17,NEG,ironic,
22942905,527,527,1.8361326719000087e+18,2024-09-17,NEG,ironic,
22942906,528,528,1.836132670843294e+18,2024-09-17,NEG,not ironic,
22942907,529,529,1.836132670839112e+18,2024-09-17,POS,ironic,
22942908,530,530,1.8361326707214287e+18,2024-09-17,NEU,ironic,
22942909,531,531,1.8361326700503447e+18,2024-09-17,NEG,ironic,
22942910,532,532,1.83613266980701e+18,2024-09-17,NEG,ironic,
22942911,533,533,1.8361326693040287e+18,2024-09-17,NEG,ironic,
22942912,534,534,1.836132668808828e+18,2024-09-17,NEG,ironic,
22942913,535,535,1.8361326685571727e+18,2024-09-17,NEG,not ironic,
22942914,536,536,1.8361326676637617e+18,2024-09-17,NEG,ironic,
22942915,537,537,1.83613266743752e+18,2024-09-17,NEU,not ironic,
22942916,538,538,1.836132667324273e+18,2024-09-17,NEG,not ironic,
22942917,539,539,1.8361326665984745e+18,2024-09-17,POS,ironic,
22942918,540,540,1.8361326663802964e+18,2024-09-17,NEG,ironic,
22942919,541,541,1.836132666086683e+18,2024-09-17,NEU,ironic,
22942920,542,542,1.8361326657597967e+18,2024-09-17,NEU,ironic,
22942921,543,543,1.8361326636372173e+18,2024-09-17,NEG,not ironic,
22942922,544,544,1.836132662815396e+18,2024-09-17,NEU,not ironic,
22942923,545,545,1.8361326624462927e+18,2024-09-17,NEG,not ironic,
22942924,546,546,1.836132662295024e+18,2024-09-17,NEG,not ironic,
22942925,547,547,1.8361326619427963e+18,2024-09-17,POS,not ironic,
22942926,548,548,1.8361326614647967e+18,2024-09-17,NEG,not ironic,
22942927,549,549,1.836132659501704e+18,2024-09-17,NEU,not ironic,
22942928,550,550,1.8361326589650573e+18,2024-09-17,NEG,not ironic,
22942929,551,551,1.836132658901844e+18,2024-09-17,NEG,ironic,
22942930,552,552,1.8361326578616364e+18,2024-09-17,NEU,ironic,
22942931,553,553,1.8361326575597404e+18,2024-09-17,NEU,not ironic,
22942932,554,554,1.836132656964072e+18,2024-09-17,NEG,ironic,
22942933,555,555,1.836132654732972e+18,2024-09-17,NEG,ironic,
22942934,556,556,1.8361326532982868e+18,2024-09-17,NEU,not ironic,
22942935,557,557,1.836132652740485e+18,2024-09-17,NEG,ironic,
22942936,558,558,1.8361326493556687e+18,2024-09-17,NEU,not ironic,
22942937,559,559,1.8361326486719767e+18,2024-09-17,NEG,not ironic,
22942938,560,560,1.8361326465204964e+18,2024-09-17,NEG,ironic,
22942939,561,561,1.8361326463779185e+18,2024-09-17,NEG,ironic,
22942940,562,562,1.8361326451447928e+18,2024-09-17,NEU,ironic,
22942941,563,563,1.8361326443479488e+18,2024-09-17,NEG,ironic,
22942942,564,564,1.836132642363724e+18,2024-09-17,NEG,not ironic,
22942943,565,565,1.83613264142864e+18,2024-09-17,POS,not ironic,
22942944,566,566,1.836132640874992e+18,2024-09-17,NEG,not ironic,
22942945,567,567,1.83613264066499e+18,2024-09-17,NEG,not ironic,
22942946,568,568,1.8361326398051697e+18,2024-09-17,NEU,ironic,
22942947,569,569,1.8361326393270769e+18,2024-09-17,NEG,not ironic,
22942948,570,570,1.8361326392641367e+18,2024-09-17,NEG,not ironic,
22942949,571,571,1.8361326391217728e+18,2024-09-17,NEG,not ironic,
22942950,572,572,1.8361326361562035e+18,2024-09-17,NEG,not ironic,
22942951,573,573,1.836132636139623e+18,2024-09-17,POS,ironic,
22942952,574,574,1.8361326353972308e+18,2024-09-17,NEG,not ironic,
22942953,575,575,1.836132635049104e+18,2024-09-17,NEG,not ironic,
22942954,576,576,1.8361326331614825e+18,2024-09-17,NEU,not ironic,
22942955,577,577,1.8361326328177336e+18,2024-09-17,POS,not ironic,
22942956,578,578,1.8361326303724588e+18,2024-09-17,NEG,not ironic,
22942958,580,580,1.8361326277213883e+18,2024-09-17,NEG,not ironic,
22942959,581,581,1.8361326270631488e+18,2024-09-17,NEG,not ironic,
22942960,582,582,1.8361326251000177e+18,2024-09-17,POS,not ironic,
22942961,583,583,1.8361326244920404e+18,2024-09-17,NEG,not ironic,
22942962,584,584,1.8361326223823345e+18,2024-09-17,NEU,not ironic,
22942963,585,585,1.8361326220593687e+18,2024-09-17,NEU,ironic,
22942964,586,586,1.8361326219165128e+18,2024-09-17,NEG,not ironic,
22942965,587,587,1.8361326215769992e+18,2024-09-17,NEG,not ironic,
22942966,588,588,1.8361326211072369e+18,2024-09-17,NEU,not ironic,
22942967,589,589,1.836132620817576e+18,2024-09-17,NEU,not ironic,
22942968,590,590,1.8361326207546616e+18,2024-09-17,NEG,ironic,
22942969,591,591,1.8361326201844905e+18,2024-09-17,NEU,not ironic,
22942970,592,592,1.836132619144049e+18,2024-09-17,NEU,ironic,
22942971,593,593,1.8361326175127475e+18,2024-09-17,NEG,not ironic,
22942972,594,594,1.836132616728167e+18,2024-09-17,NEG,ironic,
22942973,595,595,1.8361326155747697e+18,2024-09-17,NEU,not ironic,
22942974,596,596,1.8361326155117688e+18,2024-09-17,NEU,not ironic,
22942975,597,597,1.8361326147736248e+18,2024-09-17,NEU,not ironic,
22942976,598,598,1.8361326143082703e+18,2024-09-17,NEU,not ironic,
22942977,599,599,1.83613261410248e+18,2024-09-17,NEU,not ironic,
22942978,600,600,1.8361326122195067e+18,2024-09-17,NEG,ironic,
22942979,601,601,1.8361326115859863e+18,2024-09-17,NEU,ironic,
22942980,602,602,1.8361326111373768e+18,2024-09-17,NEG,not ironic,
22942981,603,603,1.8361326079455112e+18,2024-09-17,NEU,ironic,
22942982,604,604,1.83613260759294e+18,2024-09-17,POS,not ironic,
22942983,605,605,1.8361326063597647e+18,2024-09-17,NEG,ironic,
22942984,606,606,1.8361326045607245e+18,2024-09-17,NEG,not ironic,
22942985,607,607,1.8361326041955825e+18,2024-09-17,NEG,ironic,
22942986,608,608,1.8361326041328888e+18,2024-09-17,POS,not ironic,
22942987,609,609,1.83613260401938e+18,2024-09-17,NEU,not ironic,
22942988,610,610,1.836132600555148e+18,2024-09-17,NEU,ironic,
22942990,612,612,1.8361325974639084e+18,2024-09-17,NEU,ironic,
22942991,613,613,1.8361325970526287e+18,2024-09-17,NEG,ironic,
22942992,614,614,1.836132596096602e+18,2024-09-17,NEG,not ironic,
22942993,615,615,1.836132595429708e+18,2024-09-17,NEG,not ironic,
22942994,616,616,1.8361325936091057e+18,2024-09-17,NEG,not ironic,
22942995,617,617,1.8361325921540383e+18,2024-09-17,NEG,ironic,
22942996,618,618,1.83613258996453e+18,2024-09-17,NEG,ironic,
22942997,619,619,1.8361325894693563e+18,2024-09-17,NEG,not ironic,
22942998,620,620,1.8361325888991767e+18,2024-09-17,NEG,ironic,
22942999,621,621,1.8361325884207923e+18,2024-09-17,NEU,not ironic,
22943000,622,622,1.836132587598648e+18,2024-09-17,NEU,not ironic,
22943001,623,623,1.836132586600485e+18,2024-09-17,NEG,not ironic,
22943002,624,624,1.8361325863781327e+18,2024-09-17,NEG,not ironic,
22943003,625,625,1.8361325860845568e+18,2024-09-17,NEG,not ironic,
22943004,626,626,1.8361325859084045e+18,2024-09-17,NEG,not ironic,
22943005,627,627,1.83613258508236e+18,2024-09-17,POS,not ironic,
22943006,628,628,1.8361325815298624e+18,2024-09-17,NEG,ironic,
22943007,629,629,1.83613258125274e+18,2024-09-17,NEG,ironic,
22943008,630,630,1.8361325810768e+18,2024-09-17,NEG,not ironic,
22943009,631,631,1.836132580803896e+18,2024-09-17,NEG,not ironic,
22943010,632,632,1.8361325806068004e+18,2024-09-17,NEG,not ironic,
22943011,633,633,1.8361325800782848e+18,2024-09-17,NEG,not ironic,
22943012,634,634,1.8361325793362163e+18,2024-09-17,NEU,not ironic,
22943013,635,635,1.836132579063345e+18,2024-09-17,NEU,not ironic,
22943014,636,636,1.8361325783166648e+18,2024-09-17,NEG,not ironic,
22943015,637,637,1.836132578077627e+18,2024-09-17,NEG,ironic,
22943016,638,638,1.83613257782202e+18,2024-09-17,NEG,ironic,
22943017,639,639,1.836132576760652e+18,2024-09-17,POS,not ironic,
22943018,640,640,1.836132575280272e+18,2024-09-17,NEU,not ironic,
22943019,641,641,1.8361325750828608e+18,2024-09-17,NEG,not ironic,
22943020,642,642,1.8361325742020728e+18,2024-09-17,NEU,not ironic,
22943021,643,643,1.83613257395907e+18,2024-09-17,NEG,not ironic,
22943022,644,644,1.83613257295222e+18,2024-09-17,NEG,ironic,
22943023,645,645,1.8361325726291763e+18,2024-09-17,NEU,not ironic,
22943024,646,646,1.836132572000068e+18,2024-09-17,NEG,ironic,
22943025,647,647,1.836132570268152e+18,2024-09-17,POS,not ironic,
22943026,648,648,1.8361325691607816e+18,2024-09-17,NEG,not ironic,
22943027,649,649,1.836132568988632e+18,2024-09-17,POS,ironic,
22943028,650,650,1.8361325675669463e+18,2024-09-17,NEG,not ironic,
22943029,651,651,1.836132567382397e+18,2024-09-17,NEG,not ironic,
22943030,652,652,1.8361325669000888e+18,2024-09-17,NEG,ironic,
22943031,653,653,1.8361325657969505e+18,2024-09-17,POS,not ironic,
22943032,654,654,1.8361325654569736e+18,2024-09-17,NEU,not ironic,
22943033,655,655,1.8361325653982705e+18,2024-09-17,NEG,not ironic,
22943034,656,656,1.836132562869076e+18,2024-09-17,NEG,not ironic,
22943035,657,657,1.836132562692912e+18,2024-09-17,NEG,not ironic,
22943036,658,658,1.836132562609074e+18,2024-09-17,NEG,ironic,
22943037,659,659,1.8361325605331272e+18,2024-09-17,NEG,ironic,
22943038,660,660,1.836132559580808e+18,2024-09-17,NEG,not ironic,
22943039,661,661,1.8361325582553047e+18,2024-09-17,NEU,not ironic,
22943040,662,662,1.8361325549880325e+18,2024-09-17,NEG,ironic,
22943041,663,663,1.8361325548831173e+18,2024-09-17,NEG,ironic,
22943042,664,664,1.836132554195559e+18,2024-09-17,POS,not ironic,
22943043,665,665,1.8361325538386985e+18,2024-09-17,NEU,not ironic,
22943044,666,666,1.8361325538222733e+18,2024-09-17,NEG,ironic,
22943045,667,667,1.8361325535160284e+18,2024-09-17,POS,ironic,
22943046,668,668,1.8361325518048177e+18,2024-09-17,NEG,not ironic,
22943047,669,669,1.8361325513475364e+18,2024-09-17,NEU,not ironic,
22943048,670,670,1.8361325498375864e+18,2024-09-17,NEU,not ironic,
22943049,671,671,1.8361325497786985e+18,2024-09-17,NEG,ironic,
22943050,672,672,1.83613254787446e+18,2024-09-17,NEG,ironic,
22943051,673,673,1.836132546465108e+18,2024-09-17,NEG,not ironic,
22943052,674,674,1.8361325464190733e+18,2024-09-17,NEU,not ironic,
22943053,675,675,1.8361325460166124e+18,2024-09-17,NEG,not ironic,
22943054,676,676,1.8361325452865293e+18,2024-09-17,NEU,not ironic,
22943055,677,677,1.8361325442801708e+18,2024-09-17,NEG,ironic,
22943056,678,678,1.836132543764271e+18,2024-09-17,NEG,not ironic,
22943057,679,679,1.8361325427492493e+18,2024-09-17,NEG,ironic,
22943059,681,681,1.836132539628504e+18,2024-09-17,NEU,not ironic,
22943060,682,682,1.8361325391376548e+18,2024-09-17,NEU,not ironic,
22943061,683,683,1.8361325374770097e+18,2024-09-17,NEG,ironic,
22943062,684,684,1.8361325365582607e+18,2024-09-17,NEG,ironic,
22943063,685,685,1.8361325358370125e+18,2024-09-17,NEG,not ironic,
22943064,686,686,1.836132535660876e+18,2024-09-17,NEG,ironic,
22943065,687,687,1.836132535656706e+18,2024-09-17,POS,ironic,
22943066,688,688,1.8361325352833884e+18,2024-09-17,NEU,not ironic,
22943067,689,689,1.836132534486471e+18,2024-09-17,POS,not ironic,
22943068,690,690,1.8361325340080783e+18,2024-09-17,NEU,not ironic,
22943069,691,691,1.836132531458184e+18,2024-09-17,POS,ironic,
22943070,692,692,1.8361325314075768e+18,2024-09-17,NEG,ironic,
22943071,693,693,1.8361325286854863e+18,2024-09-17,NEU,ironic,
22943072,694,694,1.8361325286689715e+18,2024-09-17,NEG,not ironic,
22943073,695,695,1.8361325285051151e+18,2024-09-17,NEG,not ironic,
22943074,696,696,1.8361325282912177e+18,2024-09-17,NEG,not ironic,
22943077,699,699,1.836132526185722e+18,2024-09-17,NEG,not ironic,
22943078,700,700,1.836132525149753e+18,2024-09-17,NEG,not ironic,
22943079,701,701,1.8361325249612063e+18,2024-09-17,NEG,not ironic,
22943080,702,702,1.8361325246799795e+18,2024-09-17,POS,not ironic,
22943081,703,703,1.8361325245164047e+18,2024-09-17,POS,not ironic,
22943082,704,704,1.836132524033999e+18,2024-09-17,NEG,ironic,
22943083,705,705,1.8361325231699927e+18,2024-09-17,NEG,not ironic,
22943084,706,706,1.836132522284966e+18,2024-09-17,NEU,ironic,
22943085,707,707,1.836132521999741e+18,2024-09-17,NEG,ironic,
22943086,708,708,1.836132520628564e+18,2024-09-17,NEG,not ironic,
22943087,709,709,1.8361325202591247e+18,2024-09-17,NEU,ironic,
22943088,710,710,1.8361325190346511e+18,2024-09-17,POS,ironic,
22943089,711,711,1.8361325187368591e+18,2024-09-17,NEU,not ironic,
22943090,712,712,1.8361325186445844e+18,2024-09-17,NEU,ironic,
22943091,713,713,1.8361325184810068e+18,2024-09-17,POS,not ironic,
22943092,714,714,1.8361325183633528e+18,2024-09-17,NEU,not ironic,
22943093,715,715,1.8361325183549645e+18,2024-09-17,NEG,not ironic,
22943094,716,716,1.8361325170591373e+18,2024-09-17,NEG,ironic,
22943095,717,717,1.8361325147268672e+18,2024-09-17,NEU,not ironic,
22943096,718,718,1.8361325134433487e+18,2024-09-17,NEU,not ironic,
22943097,719,719,1.8361325114595607e+18,2024-09-17,NEG,ironic,
22943098,720,720,1.836132507756172e+18,2024-09-17,POS,not ironic,
22943099,721,721,1.8361325066235249e+18,2024-09-17,POS,not ironic,
22943100,722,722,1.8361325057261284e+18,2024-09-17,NEU,not ironic,
22943101,723,723,1.8361325041616527e+18,2024-09-17,NEG,not ironic,
22943102,724,724,1.836132503201198e+18,2024-09-17,NEG,not ironic,
22943103,725,725,1.8361325028949484e+18,2024-09-17,NEG,ironic,
22943104,726,726,1.836132501405745e+18,2024-09-17,NEG,not ironic,
22943105,727,727,1.8361325002986988e+18,2024-09-17,NEU,not ironic,
22943106,728,728,1.8361324993840947e+18,2024-09-17,NEG,ironic,
22943107,729,729,1.836132498910159e+18,2024-09-17,NEG,ironic,
22943108,730,730,1.8361324977440927e+18,2024-09-17,NEU,ironic,
22943109,731,731,1.836132496817234e+18,2024-09-17,NEU,not ironic,
22943110,732,732,1.836132495294608e+18,2024-09-17,POS,ironic,
22943111,733,733,1.8361324942209272e+18,2024-09-17,POS,not ironic,
22943112,734,734,1.836132493378097e+18,2024-09-17,NEU,not ironic,
22943113,735,735,1.836132491586872e+18,2024-09-17,NEG,ironic,
22943114,736,736,1.8361324901191967e+18,2024-09-17,NEG,not ironic,
22943115,737,737,1.8361324898252475e+18,2024-09-17,NEU,not ironic,
22943116,738,738,1.836132489749824e+18,2024-09-17,NEG,not ironic,
22943117,739,739,1.8361324896409723e+18,2024-09-17,NEU,ironic,
22943118,740,740,1.836132488097469e+18,2024-09-17,NEU,not ironic,
22943119,741,741,1.836132487078216e+18,2024-09-17,NEG,ironic,
22943120,742,742,1.836132486197244e+18,2024-09-17,NEG,not ironic,
22943121,743,743,1.836132483865232e+18,2024-09-17,NEG,ironic,
22943122,744,744,1.8361324838484047e+18,2024-09-17,NEU,not ironic,
22943123,745,745,1.8361324809839288e+18,2024-09-17,NEG,not ironic,
22943124,746,746,1.83613248061483e+18,2024-09-17,NEG,not ironic,
22943125,747,747,1.8361324805477207e+18,2024-09-17,NEG,not ironic,
22943126,748,748,1.836132479998013e+18,2024-09-17,NEG,ironic,
22943127,749,749,1.8361324784838984e+18,2024-09-17,NEG,ironic,
22943128,750,750,1.8361324783960435e+18,2024-09-17,NEG,ironic,
22943129,751,751,1.8361324783747768e+18,2024-09-17,NEU,not ironic,
22943130,752,752,1.8361324779806103e+18,2024-09-17,NEU,ironic,
22943131,753,753,1.8361324778423951e+18,2024-09-17,NEU,not ironic,
22943132,754,754,1.8361324775697656e+18,2024-09-17,NEG,not ironic,
22943133,755,755,1.8361324756905083e+18,2024-09-17,NEU,not ironic,
22943134,756,756,1.8361324755310472e+18,2024-09-17,NEG,not ironic,
22943135,757,757,1.8361324748938e+18,2024-09-17,NEG,ironic,
22943136,758,758,1.836132470078747e+18,2024-09-17,NEG,not ironic,
22943137,759,759,1.836132469374096e+18,2024-09-17,NEG,ironic,
22943138,760,760,1.8361324675661376e+18,2024-09-17,NEU,ironic,
22943139,761,761,1.8361324673773937e+18,2024-09-17,NEU,not ironic,
22943140,762,762,1.8361324659347863e+18,2024-09-17,NEU,not ironic,
22943141,763,763,1.8361324653056369e+18,2024-09-17,NEG,ironic,
22943142,764,764,1.836132465230144e+18,2024-09-17,NEU,ironic,
22943143,765,765,1.8361324648817787e+18,2024-09-17,NEU,not ironic,
22943144,766,766,1.8361324644874488e+18,2024-09-17,NEG,ironic,
22943145,767,767,1.836132463371764e+18,2024-09-17,NEU,ironic,
22943147,769,769,1.836132461232952e+18,2024-09-17,NEG,ironic,
22943148,770,770,1.8361324594377887e+18,2024-09-17,NEG,not ironic,
22943149,771,771,1.8361324589554893e+18,2024-09-17,NEU,not ironic,
22943150,772,772,1.83613245859054e+18,2024-09-17,POS,not ironic,
22943151,773,773,1.8361324584687089e+18,2024-09-17,NEG,not ironic,
22943152,774,774,1.8361324564050865e+18,2024-09-17,NEU,not ironic,
22943153,775,775,1.8361324561492247e+18,2024-09-17,NEG,ironic,
22943154,776,776,1.8361324559647048e+18,2024-09-17,NEU,ironic,
22943155,777,777,1.8361324546477133e+18,2024-09-17,NEU,not ironic,
22943156,778,778,1.836132452391166e+18,2024-09-17,POS,not ironic,
22943157,779,779,1.836132449467961e+18,2024-09-17,NEG,ironic,
22943158,780,780,1.836132445587911e+18,2024-09-17,NEG,ironic,
22943159,781,781,1.8361324454621555e+18,2024-09-17,NEG,not ironic,
22943160,782,782,1.8361324436420403e+18,2024-09-17,NEG,ironic,
22943161,783,783,1.8361324425095785e+18,2024-09-17,NEG,not ironic,
22943162,784,784,1.83613243928388e+18,2024-09-17,NEG,ironic,
22943163,785,785,1.836132439040636e+18,2024-09-17,NEG,not ironic,
22943164,786,786,1.8361324388015475e+18,2024-09-17,NEG,ironic,
22943165,787,787,1.836132438394966e+18,2024-09-17,NEG,ironic,
22943166,788,788,1.8361324369016056e+18,2024-09-17,NEU,not ironic,
22943167,789,789,1.8361324361842967e+18,2024-09-17,NEG,not ironic,
22943168,790,790,1.8361324355805883e+18,2024-09-17,NEU,not ironic,
22943169,791,791,1.8361324353790807e+18,2024-09-17,NEU,not ironic,
22943170,792,792,1.8361324352909683e+18,2024-09-17,NEU,ironic,
22943171,793,793,1.8361324352534323e+18,2024-09-17,NEU,ironic,
22943172,794,794,1.836132435123492e+18,2024-09-17,NEU,not ironic,
22943173,795,795,1.8361324351063409e+18,2024-09-17,NEG,ironic,
22943174,796,796,1.8361324343307185e+18,2024-09-17,NEG,not ironic,
22943175,797,797,1.8361324335799048e+18,2024-09-17,NEG,not ironic,
22943176,798,798,1.8361324333741056e+18,2024-09-17,NEG,not ironic,
22943177,799,799,1.8361324332021312e+18,2024-09-17,NEG,ironic,
22943178,800,800,1.836132433085039e+18,2024-09-17,POS,not ironic,
22943179,801,801,1.8361324324094528e+18,2024-09-17,NEG,not ironic,
22943180,802,802,1.8361324318518769e+18,2024-09-17,NEG,not ironic,
22943181,803,803,1.8361324308240097e+18,2024-09-17,NEU,not ironic,
22943182,804,804,1.836132430186713e+18,2024-09-17,NEG,ironic,
22943183,805,805,1.8361324295533773e+18,2024-09-17,NEG,not ironic,
22943184,806,806,1.836132428844532e+18,2024-09-17,NEU,not ironic,
22943185,807,807,1.836132427124872e+18,2024-09-17,NEG,ironic,
22943186,808,808,1.8361324259546235e+18,2024-09-17,NEU,not ironic,
22943187,809,809,1.8361324258247027e+18,2024-09-17,NEU,ironic,
22943188,810,810,1.8361324251829084e+18,2024-09-17,NEG,ironic,
22943189,811,811,1.8361324243773563e+18,2024-09-17,NEG,not ironic,
22943190,812,812,1.8361324238952945e+18,2024-09-17,NEU,not ironic,
22943191,813,813,1.836132423651783e+18,2024-09-17,NEG,ironic,
22943192,814,814,1.8361324222047032e+18,2024-09-17,NEU,not ironic,
22943193,815,815,1.836132421953e+18,2024-09-17,NEG,not ironic,
22943194,816,816,1.8361324216639409e+18,2024-09-17,NEG,not ironic,
22943195,817,817,1.836132419319272e+18,2024-09-17,POS,ironic,
22943196,818,818,1.836132419046417e+18,2024-09-17,NEU,not ironic,
22943197,819,819,1.8361324181781588e+18,2024-09-17,NEG,ironic,
22943198,820,820,1.8361324146801544e+18,2024-09-17,NEU,ironic,
22943199,821,821,1.8361324146213809e+18,2024-09-17,NEG,not ironic,
22943200,822,822,1.8361324132627213e+18,2024-09-17,POS,not ironic,
22943201,823,823,1.836132411337511e+18,2024-09-17,NEU,ironic,
22943202,824,824,1.8361324102763315e+18,2024-09-17,NEG,ironic,
22943203,825,825,1.8361324095129887e+18,2024-09-17,NEG,not ironic,
22943204,826,826,1.83613240743268e+18,2024-09-17,POS,not ironic,
22943205,827,827,1.8361324072729728e+18,2024-09-17,NEG,ironic,
22943206,828,828,1.8361324063628703e+18,2024-09-17,NEG,not ironic,
22943207,829,829,1.8361324062372367e+18,2024-09-17,NEU,not ironic,
22943208,830,830,1.836132405586887e+18,2024-09-17,NEG,not ironic,
22943209,831,831,1.8361324054193687e+18,2024-09-17,NEG,ironic,
22943210,832,832,1.8361324045257364e+18,2024-09-17,NEG,ironic,
22943211,833,833,1.8361324035864369e+18,2024-09-17,NEG,not ironic,
22943212,834,834,1.83613240119543e+18,2024-09-17,POS,ironic,
22943213,835,835,1.8361324008433623e+18,2024-09-17,POS,not ironic,
22943214,836,836,1.8361323963006853e+18,2024-09-17,NEU,not ironic,
22943215,837,837,1.836132396275524e+18,2024-09-17,NEG,not ironic,
22943216,838,838,1.8361323955037268e+18,2024-09-17,NEG,ironic,
22943217,839,839,1.8361323945391232e+18,2024-09-17,NEG,not ironic,
22943218,840,840,1.8361323924586624e+18,2024-09-17,NEU,not ironic,
22943219,841,841,1.836132391913436e+18,2024-09-17,NEG,not ironic,
22943220,842,842,1.8361323913055155e+18,2024-09-17,NEG,ironic,
22943221,843,843,1.8361323909993925e+18,2024-09-17,POS,ironic,
22943222,844,844,1.8361323909151624e+18,2024-09-17,POS,ironic,
22943223,845,845,1.8361323901814413e+18,2024-09-17,NEU,not ironic,
22943224,846,846,1.8361323898120563e+18,2024-09-17,NEG,ironic,
22943225,847,847,1.8361323890363968e+18,2024-09-17,NEG,ironic,
22943226,848,848,1.836132388973482e+18,2024-09-17,NEU,ironic,
22943227,849,849,1.836132387996177e+18,2024-09-17,NEU,not ironic,
22943228,850,850,1.83613238733326e+18,2024-09-17,NEG,not ironic,
22943229,851,851,1.8361323872367864e+18,2024-09-17,NEG,not ironic,
22943230,852,852,1.8361323869895764e+18,2024-09-17,NEU,ironic,
22943231,853,853,1.8361323857352625e+18,2024-09-17,NEG,not ironic,
22943232,854,854,1.8361323854081108e+18,2024-09-17,NEG,not ironic,
22943233,855,855,1.8361323847789937e+18,2024-09-17,NEU,not ironic,
22943234,856,856,1.8361323847748e+18,2024-09-17,NEU,not ironic,
22943235,857,857,1.836132383591924e+18,2024-09-17,NEU,ironic,
22943236,858,858,1.8361323827111608e+18,2024-09-17,NEG,ironic,
22943237,859,859,1.8361323824007168e+18,2024-09-17,NEU,not ironic,
22943239,861,861,1.83613237816062e+18,2024-09-17,POS,not ironic,
22943240,862,862,1.8361323780428964e+18,2024-09-17,NEG,not ironic,
22943241,863,863,1.83613237652872e+18,2024-09-17,NEG,not ironic,
22943242,864,864,1.8361323761850985e+18,2024-09-17,NEU,not ironic,
22943243,865,865,1.83613237536268e+18,2024-09-17,NEG,ironic,
22943244,866,866,1.8361323746538665e+18,2024-09-17,NEU,not ironic,
22943245,867,867,1.8361323735762657e+18,2024-09-17,NEG,not ironic,
22943246,868,868,1.836132373546832e+18,2024-09-17,NEU,not ironic,
22943247,869,869,1.836132373081264e+18,2024-09-17,POS,ironic,
22943248,870,870,1.8361323712816827e+18,2024-09-17,POS,ironic,
22943249,871,871,1.836132371239928e+18,2024-09-17,NEG,not ironic,
22943250,872,872,1.8361323694570908e+18,2024-09-17,NEG,ironic,
22943251,873,873,1.83613236875665e+18,2024-09-17,NEG,not ironic,
22943252,874,874,1.836132366936372e+18,2024-09-17,NEU,not ironic,
22943253,875,875,1.836132361563768e+18,2024-09-17,NEG,ironic,
22943254,876,876,1.8361323613162417e+18,2024-09-17,NEG,ironic,
22943255,877,877,1.836132360745628e+18,2024-09-17,POS,not ironic,
22943256,878,878,1.8361323581537367e+18,2024-09-17,NEG,ironic,
22943257,879,879,1.8361323549657743e+18,2024-09-17,NEG,not ironic,
22943258,880,880,1.8361323538626647e+18,2024-09-17,NEG,not ironic,
22943259,881,881,1.8361323521346604e+18,2024-09-17,NEU,ironic,
22943260,882,882,1.836132351304176e+18,2024-09-17,NEG,not ironic,
22943261,883,883,1.836132350797009e+18,2024-09-17,NEG,ironic,
22943262,884,884,1.836132349106324e+18,2024-09-17,NEG,not ironic,
22943263,885,885,1.836132346891772e+18,2024-09-17,NEG,ironic,
22943264,886,886,1.8361323460529444e+18,2024-09-17,POS,not ironic,
22943265,887,887,1.836132345642128e+18,2024-09-17,NEU,not ironic,
22943266,888,888,1.836132345080148e+18,2024-09-17,NEU,ironic,
22943267,889,889,1.8361323443499832e+18,2024-09-17,POS,not ironic,
22943268,890,890,1.83613234405644e+18,2024-09-17,NEU,ironic,
22943269,891,891,1.8361323437253304e+18,2024-09-17,NEG,not ironic,
22943270,892,892,1.8361323417665907e+18,2024-09-17,NEG,not ironic,
22943271,893,893,1.8361323400424945e+18,2024-09-17,NEG,ironic,
22943272,894,894,1.8361323399334587e+18,2024-09-17,NEU,not ironic,
22943273,895,895,1.8361323393503928e+18,2024-09-17,POS,not ironic,
22943274,896,896,1.836132338167857e+18,2024-09-17,NEG,ironic,
22943275,897,897,1.836132337144468e+18,2024-09-17,NEU,not ironic,
22943276,898,898,1.836132336716677e+18,2024-09-17,NEU,not ironic,
22943277,899,899,1.8361323361923727e+18,2024-09-17,NEU,ironic,
22943278,900,900,1.8361323356303608e+18,2024-09-17,NEG,not ironic,
22943279,901,901,1.8361323354833428e+18,2024-09-17,NEU,not ironic,
22943280,902,902,1.8361323348121928e+18,2024-09-17,NEG,ironic,
22943281,903,903,1.8361323346405217e+18,2024-09-17,POS,not ironic,
22943282,904,904,1.836132334426538e+18,2024-09-17,NEG,ironic,
22943283,905,905,1.8361323333736e+18,2024-09-17,NEG,not ironic,
22943284,906,906,1.8361323328453056e+18,2024-09-17,NEG,not ironic,
22943285,907,907,1.836132331519906e+18,2024-09-17,NEG,not ironic,
22943286,908,908,1.8361323309828137e+18,2024-09-17,NEU,ironic,
22943287,909,909,1.8361323306473024e+18,2024-09-17,NEU,not ironic,
22943288,910,910,1.8361323294143657e+18,2024-09-17,POS,not ironic,
22943289,911,911,1.836132328730493e+18,2024-09-17,NEG,not ironic,
22943290,912,912,1.8361323282525435e+18,2024-09-17,NEG,not ironic,
22943291,913,913,1.836132327900017e+18,2024-09-17,NEG,not ironic,
22943292,914,914,1.8361323277911447e+18,2024-09-17,NEG,not ironic,
22943293,915,915,1.8361323275773176e+18,2024-09-17,NEG,not ironic,
22943294,916,916,1.836132326629368e+18,2024-09-17,NEU,not ironic,
22943295,917,917,1.836132326251909e+18,2024-09-17,NEG,not ironic,
22943296,918,918,1.8361323258953444e+18,2024-09-17,NEG,ironic,
22943297,919,919,1.836132325345944e+18,2024-09-17,NEG,not ironic,
22943298,920,920,1.8361323250478904e+18,2024-09-17,NEU,not ironic,
22943299,921,921,1.8361323245489728e+18,2024-09-17,NEG,ironic,
22943300,922,922,1.8361323232529329e+18,2024-09-17,POS,not ironic,
22943301,923,923,1.836132321516524e+18,2024-09-17,NEU,not ironic,
22943302,924,924,1.8361323186724744e+18,2024-09-17,NEU,not ironic,
22943303,925,925,1.836132318555054e+18,2024-09-17,NEG,not ironic,
22943305,927,927,1.8361323172383007e+18,2024-09-17,NEG,not ironic,
22943306,928,928,1.836132315635876e+18,2024-09-17,NEG,ironic,
22943307,929,929,1.8361323155815631e+18,2024-09-17,NEG,ironic,
22943308,930,930,1.8361323155313009e+18,2024-09-17,NEU,not ironic,
22943309,931,931,1.8361323142939e+18,2024-09-17,NEG,not ironic,
22943310,932,932,1.8361323135851072e+18,2024-09-17,NEG,not ironic,
22943311,933,933,1.836132313295676e+18,2024-09-17,NEU,not ironic,
22943313,935,935,1.8361323115967288e+18,2024-09-17,NEG,not ironic,
22943314,936,936,1.8361323115214927e+18,2024-09-17,NEU,ironic,
22943315,937,937,1.8361323113996124e+18,2024-09-17,POS,not ironic,
22943316,938,938,1.8361323101664384e+18,2024-09-17,NEG,not ironic,
22943317,939,939,1.8361323082203464e+18,2024-09-17,NEG,not ironic,
22943318,940,940,1.8361323037072548e+18,2024-09-17,NEG,not ironic,
22943319,941,941,1.8361323007672689e+18,2024-09-17,NEU,not ironic,
22943320,942,942,1.836132300343366e+18,2024-09-17,NEG,not ironic,
22943321,943,943,1.8361322998233367e+18,2024-09-17,NEU,ironic,
22943322,944,944,1.8361322995173583e+18,2024-09-17,NEU,not ironic,
22943323,945,945,1.8361322981584284e+18,2024-09-17,POS,ironic,
22943324,946,946,1.8361322962500244e+18,2024-09-17,NEU,ironic,
22943325,947,947,1.8361322955996897e+18,2024-09-17,NEU,not ironic,
22943326,948,948,1.8361322944128988e+18,2024-09-17,NEG,not ironic,
22943327,949,949,1.8361322940099832e+18,2024-09-17,NEU,not ironic,
22943328,950,950,1.83613229310822e+18,2024-09-17,NEG,not ironic,
22943329,951,951,1.836132292961416e+18,2024-09-17,NEU,not ironic,
22943330,952,952,1.8361322924749327e+18,2024-09-17,NEU,not ironic,
22943331,953,953,1.8361322907554647e+18,2024-09-17,NEG,not ironic,
22943332,954,954,1.8361322901134664e+18,2024-09-17,NEG,ironic,
22943333,955,955,1.8361322898660232e+18,2024-09-17,NEG,not ironic,
22943334,956,956,1.8361322898453176e+18,2024-09-17,NEG,ironic,
22943335,957,957,1.8361322885741404e+18,2024-09-17,NEG,ironic,
22943336,958,958,1.8361322849084247e+18,2024-09-17,NEG,not ironic,
22943337,959,959,1.8361322844430835e+18,2024-09-17,NEG,not ironic,
22943338,960,960,1.8361322839607624e+18,2024-09-17,POS,ironic,
22943339,961,961,1.836132283193136e+18,2024-09-17,NEG,ironic,
22943340,962,962,1.8361322791579323e+18,2024-09-17,NEU,ironic,
22943341,963,963,1.836132277077541e+18,2024-09-17,NEG,ironic,
22943342,964,964,1.836132276742296e+18,2024-09-17,NEU,not ironic,
22943343,965,965,1.8361322764193344e+18,2024-09-17,NEG,ironic,
22943344,966,966,1.8361322742802184e+18,2024-09-17,NEG,ironic,
22943345,967,967,1.8361322727283464e+18,2024-09-17,NEU,ironic,
22943346,968,968,1.8361322724429417e+18,2024-09-17,NEG,ironic,
22943348,970,970,1.8361322715033928e+18,2024-09-17,NEG,not ironic,
22943349,971,971,1.8361322708323208e+18,2024-09-17,NEG,ironic,
22943350,972,972,1.8361322700857103e+18,2024-09-17,NEG,ironic,
22943351,973,973,1.8361322697168243e+18,2024-09-17,NEG,not ironic,
22943352,974,974,1.8361322680598607e+18,2024-09-17,NEG,ironic,
22943353,975,975,1.836132267380413e+18,2024-09-17,NEG,ironic,
22943354,976,976,1.8361322665794967e+18,2024-09-17,NEG,not ironic,
22943355,977,977,1.8361322645578424e+18,2024-09-17,NEG,ironic,
22943356,978,978,1.8361322620454748e+18,2024-09-17,NEG,not ironic,
22943357,979,979,1.8361322619951025e+18,2024-09-17,NEG,ironic,
22943358,980,980,1.836132259960664e+18,2024-09-17,POS,ironic,
22943359,981,981,1.836132259138802e+18,2024-09-17,NEU,ironic,
22943360,982,982,1.8361322578886085e+18,2024-09-17,NEG,not ironic,
22943361,983,983,1.836132257196601e+18,2024-09-17,NEG,ironic,
22943362,984,984,1.8361322565509407e+18,2024-09-17,NEU,not ironic,
22943363,985,985,1.836132254948692e+18,2024-09-17,NEG,not ironic,
22943364,986,986,1.8361322548562248e+18,2024-09-17,NEG,ironic,
22943365,987,987,1.8361322538495263e+18,2024-09-17,NEU,not ironic,
22943366,988,988,1.8361322521930345e+18,2024-09-17,NEG,not ironic,
22943367,989,989,1.836132251928793e+18,2024-09-17,NEU,not ironic,
22943368,990,990,1.836132251626816e+18,2024-09-17,NEG,ironic,
22943369,991,991,1.83613224877446e+18,2024-09-17,NEU,not ironic,
22943370,992,992,1.836132247688352e+18,2024-09-17,NEG,not ironic,
22943371,993,993,1.8361322475245448e+18,2024-09-17,NEU,not ironic,
22943372,994,994,1.8361322470130688e+18,2024-09-17,NEG,not ironic,
22943373,995,995,1.8361322470128888e+18,2024-09-17,NEU,ironic,
22943374,996,996,1.8361322460985265e+18,2024-09-17,NEG,not ironic,
22943375,997,997,1.8361322460819333e+18,2024-09-17,NEG,not ironic,
22943376,998,998,1.8361322454109025e+18,2024-09-17,NEG,not ironic,
22943377,999,999,1.8361322450540708e+18,2024-09-17,POS,not ironic,
22943378,1000,1000,1.8361322447898337e+18,2024-09-17,NEU,not ironic,
22943379,1001,1001,1.836132244580164e+18,2024-09-17,NEG,not ironic,
22943380,1002,1002,1.8361322439845604e+18,2024-09-17,NEU,not ironic,
22943381,1003,1003,1.836132243955156e+18,2024-09-17,NEG,not ironic,
22943382,1004,1004,1.836132243690992e+18,2024-09-17,NEG,not ironic,
22943383,1005,1005,1.8361322419882929e+18,2024-09-17,NEG,ironic,
22943384,1006,1006,1.8361322416777047e+18,2024-09-17,NEU,not ironic,
22943385,1007,1007,1.836132240394457e+18,2024-09-17,NEG,not ironic,
22943386,1008,1008,1.836132240088007e+18,2024-09-17,NEG,ironic,
22943387,1009,1009,1.8361322399873684e+18,2024-09-17,NEG,not ironic,
22943388,1010,1010,1.8361322390100787e+18,2024-09-17,NEU,not ironic,
22943389,1011,1011,1.836132238548992e+18,2024-09-17,POS,not ironic,
22943390,1012,1012,1.836132238473508e+18,2024-09-17,NEG,not ironic,
22943391,1013,1013,1.8361322381756703e+18,2024-09-17,POS,not ironic,
22943392,1014,1014,1.8361322368542108e+18,2024-09-17,NEG,not ironic,
22943393,1015,1015,1.836132236665533e+18,2024-09-17,NEG,ironic,
22943394,1016,1016,1.836132236426621e+18,2024-09-17,POS,ironic,
22943395,1017,1017,1.8361322358604147e+18,2024-09-17,NEU,ironic,
22943396,1018,1018,1.8361322357849167e+18,2024-09-17,NEG,ironic,
22943397,1019,1019,1.836132235197752e+18,2024-09-17,NEG,not ironic,
22943398,1020,1020,1.836132234711176e+18,2024-09-17,NEG,ironic,
22943399,1021,1021,1.8361322344047903e+18,2024-09-17,NEU,not ironic,
22943400,1022,1022,1.8361322340778355e+18,2024-09-17,NEG,ironic,
22943401,1023,1023,1.836132233645904e+18,2024-09-17,NEG,not ironic,
22943402,1024,1024,1.836132232588857e+18,2024-09-17,NEG,not ironic,
22943403,1025,1025,1.8361322316742733e+18,2024-09-17,NEG,ironic,
22943404,1026,1026,1.836132229342466e+18,2024-09-17,NEU,not ironic,
22943405,1027,1027,1.836132229254104e+18,2024-09-17,NEU,not ironic,
22943406,1028,1028,1.83613222911178e+18,2024-09-17,NEU,not ironic,
22943407,1029,1029,1.836132228524335e+18,2024-09-17,NEU,ironic,
22943408,1030,1030,1.8361322284364805e+18,2024-09-17,NEG,not ironic,
22943409,1031,1031,1.8361322234956844e+18,2024-09-17,NEG,not ironic,
22943410,1032,1032,1.8361322234240783e+18,2024-09-17,NEU,not ironic,
22943412,1034,1034,1.8361322217715635e+18,2024-09-17,NEU,not ironic,
22943413,1035,1035,1.8361322217170417e+18,2024-09-17,NEU,not ironic,
22943414,1036,1036,1.8361322195026289e+18,2024-09-17,NEU,not ironic,
22943415,1037,1037,1.836132217929789e+18,2024-09-17,NEU,not ironic,
22943417,1039,1039,1.836132217665487e+18,2024-09-17,NEG,ironic,
22943418,1040,1040,1.8361322173551447e+18,2024-09-17,NEG,not ironic,
22943419,1041,1041,1.8361322172752407e+18,2024-09-17,NEG,not ironic,
22943420,1042,1042,1.8361322162897925e+18,2024-09-17,POS,ironic,
22943421,1043,1043,1.83613221495994e+18,2024-09-17,NEG,not ironic,
22943422,1044,1044,1.8361322140455936e+18,2024-09-17,NEG,ironic,
22943423,1045,1045,1.836132213991043e+18,2024-09-17,NEU,not ironic,
22943424,1046,1046,1.8361322126029988e+18,2024-09-17,NEG,ironic,
22943425,1047,1047,1.836132211860656e+18,2024-09-17,NEG,ironic,
22943426,1048,1048,1.8361322116800512e+18,2024-09-17,NEG,not ironic,
22943427,1049,1049,1.8361322100567905e+18,2024-09-17,NEG,ironic,
22943428,1050,1050,1.83613220837938e+18,2024-09-17,NEU,not ironic,
22943429,1051,1051,1.8361322081151383e+18,2024-09-17,NEG,ironic,
22943431,1053,1053,1.8361322070832952e+18,2024-09-17,NEG,not ironic,
22943432,1054,1054,1.8361322067099976e+18,2024-09-17,NEG,not ironic,
22943433,1055,1055,1.836132206604936e+18,2024-09-17,NEG,ironic,
22943434,1056,1056,1.83613220617708e+18,2024-09-17,NEG,ironic,
22943435,1057,1057,1.8361322060889705e+18,2024-09-17,NEG,ironic,
22943436,1058,1058,1.836132205904696e+18,2024-09-17,NEG,ironic,
22943437,1059,1059,1.836132204201608e+18,2024-09-17,NEG,not ironic,
22943439,1061,1061,1.8361322013370985e+18,2024-09-17,POS,ironic,
22943440,1062,1062,1.836132200351138e+18,2024-09-17,NEG,ironic,
22943441,1063,1063,1.8361321981662088e+18,2024-09-17,POS,not ironic,
22943442,1064,1064,1.8361321954608788e+18,2024-09-17,NEU,ironic,
22943443,1065,1065,1.836132195418936e+18,2024-09-17,NEG,not ironic,
22943445,1067,1067,1.836132195125326e+18,2024-09-17,NEG,not ironic,
22943446,1068,1068,1.8361321949701773e+18,2024-09-17,NEU,ironic,
22943447,1069,1069,1.8361321941732275e+18,2024-09-17,NEG,not ironic,
22943448,1070,1070,1.8361321932754168e+18,2024-09-17,NEU,not ironic,
22943449,1071,1071,1.8361321932544653e+18,2024-09-17,NEU,ironic,
22943450,1072,1072,1.836132191010722e+18,2024-09-17,NEG,ironic,
22943451,1073,1073,1.8361321908342748e+18,2024-09-17,NEG,ironic,
22943452,1074,1074,1.83613219058684e+18,2024-09-17,POS,ironic,
22943453,1075,1075,1.8361321897898888e+18,2024-09-17,NEU,not ironic,
22943454,1076,1076,1.8361321896601684e+18,2024-09-17,POS,not ironic,
22943455,1077,1077,1.8361321887625748e+18,2024-09-17,NEG,ironic,
22943456,1078,1078,1.8361321876634383e+18,2024-09-17,NEG,not ironic,
22943457,1079,1079,1.8361321853316344e+18,2024-09-17,NEG,not ironic,
22943458,1080,1080,1.836132183154865e+18,2024-09-17,NEG,not ironic,
22943459,1081,1081,1.83613218267664e+18,2024-09-17,NEU,not ironic,
22943460,1082,1082,1.836132179195368e+18,2024-09-17,NEG,ironic,
22943461,1083,1083,1.8361321786668849e+18,2024-09-17,NEU,ironic,
22943462,1084,1084,1.8361321772783493e+18,2024-09-17,NEU,ironic,
22943463,1085,1085,1.8361321770853417e+18,2024-09-17,NEG,not ironic,
22943464,1086,1086,1.83613217602028e+18,2024-09-17,NEG,ironic,
22943465,1087,1087,1.836132174145425e+18,2024-09-17,POS,not ironic,
22943466,1088,1088,1.836132172882756e+18,2024-09-17,NEU,ironic,
22943467,1089,1089,1.83613217266883e+18,2024-09-17,NEU,not ironic,
22943468,1090,1090,1.8361321725471007e+18,2024-09-17,POS,not ironic,
22943469,1091,1091,1.836132172371034e+18,2024-09-17,NEU,not ironic,
22943470,1092,1092,1.836132170991076e+18,2024-09-17,NEU,not ironic,
22943471,1093,1093,1.8361321708487025e+18,2024-09-17,NEG,ironic,
22943472,1094,1094,1.8361321689820288e+18,2024-09-17,NEU,not ironic,
22943473,1095,1095,1.8361321688018824e+18,2024-09-17,POS,ironic,
22943474,1096,1096,1.8361321680888504e+18,2024-09-17,NEG,ironic,
22943475,1097,1097,1.836132167677772e+18,2024-09-17,NEU,not ironic,
22943476,1098,1098,1.8361321671115697e+18,2024-09-17,NEG,ironic,
22943477,1099,1099,1.8361321667676288e+18,2024-09-17,NEG,not ironic,
22943478,1100,1100,1.8361321656726807e+18,2024-09-17,NEU,ironic,
22943479,1101,1101,1.836132162862535e+18,2024-09-17,NEG,ironic,
22943480,1102,1102,1.8361321627534505e+18,2024-09-17,NEG,ironic,
22943481,1103,1103,1.8361321622839337e+18,2024-09-17,NEU,not ironic,
22943482,1104,1104,1.8361321619190828e+18,2024-09-17,NEU,not ironic,
22943483,1105,1105,1.8361321602662072e+18,2024-09-17,NEG,ironic,
22943484,1106,1106,1.8361321601280617e+18,2024-09-17,NEU,not ironic,
22943485,1107,1107,1.8361321595534991e+18,2024-09-17,NEG,ironic,
22943486,1108,1108,1.8361321589243497e+18,2024-09-17,NEG,not ironic,
22943487,1109,1109,1.8361321583538708e+18,2024-09-17,POS,ironic,
22943488,1110,1110,1.836132157460484e+18,2024-09-17,NEU,not ironic,
22943489,1111,1111,1.836132156692976e+18,2024-09-17,NEG,ironic,
22943490,1112,1112,1.8361321560428047e+18,2024-09-17,NEU,not ironic,
22943491,1113,1113,1.8361321555395256e+18,2024-09-17,NEG,not ironic,
22943492,1114,1114,1.8361321543022223e+18,2024-09-17,NEG,ironic,
22943493,1115,1115,1.8361321541931213e+18,2024-09-17,NEG,ironic,
22943494,1116,1116,1.836132154163798e+18,2024-09-17,NEU,ironic,
22943495,1117,1117,1.8361321534420503e+18,2024-09-17,NEG,not ironic,
22943497,1119,1119,1.8361321531697807e+18,2024-09-17,NEG,ironic,
22943498,1120,1120,1.836132152590664e+18,2024-09-17,NEU,ironic,
22943499,1121,1121,1.836132152569926e+18,2024-09-17,NEU,not ironic,
22943500,1122,1122,1.83613215020012e+18,2024-09-17,NEU,not ironic,
22943501,1123,1123,1.8361321497049457e+18,2024-09-17,NEG,ironic,
22943502,1124,1124,1.836132149587559e+18,2024-09-17,NEG,ironic,
22943503,1125,1125,1.8361321494868465e+18,2024-09-17,NEG,ironic,
22943505,1127,1127,1.836132148077826e+18,2024-09-17,NEG,not ironic,
22943506,1128,1128,1.8361321479265567e+18,2024-09-17,NEU,not ironic,
22943507,1129,1129,1.836132145267454e+18,2024-09-17,NEG,not ironic,
22943508,1130,1130,1.8361321452087416e+18,2024-09-17,NEG,ironic,
22943509,1131,1131,1.8361321451499768e+18,2024-09-17,NEG,not ironic,
22943510,1132,1132,1.836132145091482e+18,2024-09-17,NEU,not ironic,
22943511,1133,1133,1.8361321443071475e+18,2024-09-17,NEG,not ironic,
22943512,1134,1134,1.836132144227205e+18,2024-09-17,NEU,not ironic,
22943513,1135,1135,1.83613214392966e+18,2024-09-17,NEU,ironic,
22943514,1136,1136,1.836132143807824e+18,2024-09-17,NEG,not ironic,
22943515,1137,1137,1.836132143480616e+18,2024-09-17,POS,ironic,
22943516,1138,1138,1.8361321426710927e+18,2024-09-17,NEU,not ironic,
22943517,1139,1139,1.8361321419119247e+18,2024-09-17,NEG,not ironic,
22943518,1140,1140,1.8361321374704192e+18,2024-09-17,NEU,not ironic,
22943519,1141,1141,1.8361321372436849e+18,2024-09-17,NEG,ironic,
22943520,1142,1142,1.8361321370845555e+18,2024-09-17,NEU,ironic,
22943521,1143,1143,1.836132136195412e+18,2024-09-17,NEG,ironic,
22943522,1144,1144,1.8361321354820856e+18,2024-09-17,NEU,not ironic,
22943523,1145,1145,1.8361321353939968e+18,2024-09-17,NEG,ironic,
22943524,1146,1146,1.836132134651581e+18,2024-09-17,NEG,ironic,
22943525,1147,1147,1.8361321340644068e+18,2024-09-17,NEU,not ironic,
22943526,1148,1148,1.836132133338768e+18,2024-09-17,NEG,not ironic,
22943527,1149,1149,1.836132132789588e+18,2024-09-17,NEG,ironic,
22943528,1150,1150,1.836132132701508e+18,2024-09-17,NEU,not ironic,
22943529,1151,1151,1.8361321318165176e+18,2024-09-17,NEU,ironic,
22943530,1152,1152,1.8361321304908844e+18,2024-09-17,NEU,not ironic,
22943531,1153,1153,1.836132130310456e+18,2024-09-17,NEG,ironic,
22943532,1154,1154,1.8361321296897108e+18,2024-09-17,NEG,not ironic,
22943533,1155,1155,1.8361321241493217e+18,2024-09-17,NEG,not ironic,
22943534,1156,1156,1.836132123431892e+18,2024-09-17,NEG,not ironic,
22943535,1157,1157,1.8361321232053617e+18,2024-09-17,NEU,not ironic,
22943536,1158,1158,1.83613212255529e+18,2024-09-17,NEU,not ironic,
22943537,1159,1159,1.836132122374906e+18,2024-09-17,NEU,not ironic,
22943538,1160,1160,1.836132121540465e+18,2024-09-17,NEG,not ironic,
22943539,1161,1161,1.836132121079092e+18,2024-09-17,NEU,ironic,
22943540,1162,1162,1.836132120877564e+18,2024-09-17,NEG,ironic,
22943541,1163,1163,1.83613212052938e+18,2024-09-17,NEU,not ironic,
22943542,1164,1164,1.8361321205255048e+18,2024-09-17,NEG,ironic,
22943543,1165,1165,1.8361321202651343e+18,2024-09-17,NEG,not ironic,
22943544,1166,1166,1.8361321200093184e+18,2024-09-17,NEG,ironic,
22943545,1167,1167,1.8361321197704689e+18,2024-09-17,NEG,not ironic,
22943546,1168,1168,1.836132118092756e+18,2024-09-17,NEG,not ironic,
22943547,1169,1169,1.836132117203542e+18,2024-09-17,NEG,ironic,
22943548,1170,1170,1.8361321163561208e+18,2024-09-17,NEU,ironic,
22943549,1171,1171,1.8361321160921167e+18,2024-09-17,NEU,ironic,
22943550,1172,1172,1.836132115848573e+18,2024-09-17,NEU,not ironic,
22943551,1173,1173,1.8361321117549325e+18,2024-09-17,NEG,ironic,
22943552,1174,1174,1.8361321113061745e+18,2024-09-17,NEU,ironic,
22943553,1175,1175,1.8361321107569457e+18,2024-09-17,NEU,ironic,
22943554,1176,1176,1.8361321094608689e+18,2024-09-17,NEG,not ironic,
22943555,1177,1177,1.8361321076699016e+18,2024-09-17,NEU,not ironic,
22943556,1178,1178,1.836132107522856e+18,2024-09-17,NEG,not ironic,
22943557,1179,1179,1.8361321068562063e+18,2024-09-17,NEU,not ironic,
22943558,1180,1180,1.8361321067346289e+18,2024-09-17,NEU,not ironic,
22943559,1181,1181,1.8361321063274783e+18,2024-09-17,NEU,not ironic,
22943560,1182,1182,1.836132011980772e+18,2024-09-17,NEG,ironic,
22943561,1183,1183,1.8361320119304684e+18,2024-09-17,NEG,ironic,
22943562,1184,1184,1.8361320105925263e+18,2024-09-17,NEG,ironic,
22943563,1185,1185,1.8361320065410376e+18,2024-09-17,NEG,not ironic,
22943564,1186,1186,1.83613200631432e+18,2024-09-17,NEG,not ironic,
22943565,1187,1187,1.836132004498412e+18,2024-09-17,POS,not ironic,
22943566,1188,1188,1.8361320036760497e+18,2024-09-17,NEG,not ironic,
22943567,1189,1189,1.8361320035336888e+18,2024-09-17,NEG,not ironic,
22943568,1190,1190,1.8361320020908813e+18,2024-09-17,NEG,ironic,
22943569,1191,1191,1.836132000916177e+18,2024-09-17,NEU,ironic,
22943570,1192,1192,1.8361319996453235e+18,2024-09-17,NEU,not ironic,
22943571,1193,1193,1.836131997602718e+18,2024-09-17,NEU,not ironic,
22943572,1194,1194,1.836131997296612e+18,2024-09-17,NEU,ironic,
22943573,1195,1195,1.8361319964409288e+18,2024-09-17,NEG,not ironic,
22943574,1196,1196,1.8361319954761649e+18,2024-09-17,NEG,not ironic,
22943575,1197,1197,1.8361319941720108e+18,2024-09-17,NEG,ironic,
22943577,1199,1199,1.8361319899314056e+18,2024-09-17,NEG,ironic,
22943578,1200,1200,1.836131989868495e+18,2024-09-17,NEU,not ironic,
22943579,1201,1201,1.8361319897677248e+18,2024-09-17,NEU,ironic,
22943580,1202,1202,1.8361319892938097e+18,2024-09-17,NEG,ironic,
22943581,1203,1203,1.8361319829729807e+18,2024-09-17,NEU,not ironic,
22943582,1204,1204,1.836131981752701e+18,2024-09-17,NEG,not ironic,
22943583,1205,1205,1.836131981526266e+18,2024-09-17,NEG,ironic,
22943584,1206,1206,1.836131981492376e+18,2024-09-17,NEG,ironic,
22943585,1207,1207,1.836131981433979e+18,2024-09-17,NEG,ironic,
22943586,1208,1208,1.8361319810478528e+18,2024-09-17,NEU,not ironic,
22943587,1209,1209,1.8361319794748948e+18,2024-09-17,NEG,not ironic,
22943588,1210,1210,1.836131979063944e+18,2024-09-17,NEU,not ironic,
22943589,1211,1211,1.836131977323516e+18,2024-09-17,NEG,ironic,
22943590,1212,1212,1.8361319769919567e+18,2024-09-17,NEU,ironic,
22943591,1213,1213,1.836131972487484e+18,2024-09-17,NEU,not ironic,
22943592,1214,1214,1.8361319719797883e+18,2024-09-17,POS,not ironic,
22943593,1215,1215,1.836131971535348e+18,2024-09-17,NEG,ironic,
22943594,1216,1216,1.836131970067416e+18,2024-09-17,POS,ironic,
22943595,1217,1217,1.8361319691989e+18,2024-09-17,NEG,ironic,
22943596,1218,1218,1.836131966988456e+18,2024-09-17,NEG,ironic,
22943597,1219,1219,1.8361319668838927e+18,2024-09-17,NEU,not ironic,
22943598,1220,1220,1.836131965017244e+18,2024-09-17,NEG,ironic,
22943599,1221,1221,1.83613196431698e+18,2024-09-17,NEU,ironic,
22943600,1222,1222,1.8361319636079447e+18,2024-09-17,NEG,not ironic,
22943601,1223,1223,1.836131963607872e+18,2024-09-17,NEU,not ironic,
22943602,1224,1224,1.8361319630920087e+18,2024-09-17,NEG,not ironic,
22943603,1225,1225,1.8361319613891628e+18,2024-09-17,NEG,ironic,
22943604,1226,1226,1.836131960717992e+18,2024-09-17,NEU,not ironic,
22943605,1227,1227,1.8361319605631383e+18,2024-09-17,NEU,not ironic,
22943606,1228,1228,1.8361319603573143e+18,2024-09-17,NEU,ironic,
22943607,1229,1229,1.8361319598917105e+18,2024-09-17,NEG,not ironic,
22943608,1230,1230,1.8361319598626284e+18,2024-09-17,NEG,not ironic,
22943609,1231,1231,1.8361319597995128e+18,2024-09-17,NEG,ironic,
22943610,1232,1232,1.8361319596653e+18,2024-09-17,NEU,not ironic,
22943611,1233,1233,1.8361319593380705e+18,2024-09-17,POS,not ironic,
22943612,1234,1234,1.8361319593299192e+18,2024-09-17,POS,ironic,
22943613,1235,1235,1.8361319582182031e+18,2024-09-17,NEG,ironic,
22943614,1236,1236,1.8361319579665208e+18,2024-09-17,NEU,ironic,
22943615,1237,1237,1.8361319562806684e+18,2024-09-17,NEG,not ironic,
22943616,1238,1238,1.8361319562468723e+18,2024-09-17,NEG,ironic,
22943617,1239,1239,1.8361319546991985e+18,2024-09-17,NEG,not ironic,
22943618,1240,1240,1.836131954556834e+18,2024-09-17,POS,not ironic,
22943619,1241,1241,1.836131953306932e+18,2024-09-17,NEG,not ironic,
22943620,1242,1242,1.8361319530636567e+18,2024-09-17,NEG,ironic,
22943621,1243,1243,1.8361319528623352e+18,2024-09-17,POS,not ironic,
22943622,1244,1244,1.8361319521448223e+18,2024-09-17,NEG,ironic,
22943623,1245,1245,1.836131952077972e+18,2024-09-17,NEG,not ironic,
22943624,1246,1246,1.836131951176024e+18,2024-09-17,NEG,not ironic,
22943625,1247,1247,1.8361319497208013e+18,2024-09-17,NEG,not ironic,
22943626,1248,1248,1.8361319490413243e+18,2024-09-17,NEG,not ironic,
22943627,1249,1249,1.836131948596478e+18,2024-09-17,POS,ironic,
22943628,1250,1250,1.8361319475521088e+18,2024-09-17,NEG,ironic,
22943629,1251,1251,1.8361319468309384e+18,2024-09-17,NEU,ironic,
22943630,1252,1252,1.83613194517418e+18,2024-09-17,NEU,not ironic,
22943631,1253,1253,1.836131943743652e+18,2024-09-17,NEG,not ironic,
22943632,1254,1254,1.836131943655838e+18,2024-09-17,NEG,ironic,
22943633,1255,1255,1.8361319423639923e+18,2024-09-17,NEG,ironic,
22943634,1256,1256,1.836131940849918e+18,2024-09-17,NEG,not ironic,
22943635,1257,1257,1.8361319403965809e+18,2024-09-17,NEU,not ironic,
22943636,1258,1258,1.8361319403256207e+18,2024-09-17,NEG,ironic,
22943637,1259,1259,1.836131939566392e+18,2024-09-17,NEG,not ironic,
22943638,1260,1260,1.8361319395328128e+18,2024-09-17,NEG,not ironic,
22943639,1261,1261,1.8361319394781184e+18,2024-09-17,NEG,not ironic,
22943640,1262,1262,1.836131939323122e+18,2024-09-17,NEU,not ironic,
22943641,1263,1263,1.8361319390292667e+18,2024-09-17,NEU,not ironic,
22943642,1264,1264,1.8361319376367903e+18,2024-09-17,NEG,not ironic,
22943643,1265,1265,1.8361319371378893e+18,2024-09-17,NEU,ironic,
22943644,1266,1266,1.836131937070568e+18,2024-09-17,NEG,not ironic,
22943645,1267,1267,1.8361319370076529e+18,2024-09-17,NEU,ironic,
22943646,1268,1268,1.8361319368988145e+18,2024-09-17,NEG,ironic,
22943647,1269,1269,1.836131936663941e+18,2024-09-17,NEG,not ironic,
22943648,1270,1270,1.836131934721684e+18,2024-09-17,NEU,not ironic,
22943649,1271,1271,1.8361319330355853e+18,2024-09-17,NEG,not ironic,
22943650,1272,1272,1.8361319326625672e+18,2024-09-17,NEU,ironic,
22943651,1273,1273,1.8361319313747315e+18,2024-09-17,NEG,ironic,
22943652,1274,1274,1.8361319307623017e+18,2024-09-17,NEG,ironic,
22943653,1275,1275,1.8361319304689088e+18,2024-09-17,NEG,not ironic,
22943654,1276,1276,1.8361319300660065e+18,2024-09-17,NEU,ironic,
22943655,1277,1277,1.8361319300369777e+18,2024-09-17,NEU,ironic,
22943656,1278,1278,1.836131929533596e+18,2024-09-17,NEG,not ironic,
22943658,1280,1280,1.8361319288162017e+18,2024-09-17,NEU,not ironic,
22943659,1281,1281,1.83613192874902e+18,2024-09-17,POS,not ironic,
22943660,1282,1282,1.8361319274784568e+18,2024-09-17,POS,not ironic,
22943661,1283,1283,1.8361319269960297e+18,2024-09-17,NEU,not ironic,
22943662,1284,1284,1.836131926777959e+18,2024-09-17,NEG,not ironic,
22943663,1285,1285,1.836131926261863e+18,2024-09-17,NEG,ironic,
22943664,1286,1286,1.836131925737546e+18,2024-09-17,NEU,not ironic,
22943665,1287,1287,1.836131924982854e+18,2024-09-17,NEG,ironic,
22943666,1288,1288,1.836131922155602e+18,2024-09-17,NEU,ironic,
22943667,1289,1289,1.8361319209560064e+18,2024-09-17,NEU,not ironic,
22943668,1290,1290,1.8361319202474112e+18,2024-09-17,NEG,ironic,
22943669,1291,1291,1.836131919605404e+18,2024-09-17,NEG,ironic,
22943670,1292,1292,1.8361319190855724e+18,2024-09-17,NEG,ironic,
22943671,1293,1293,1.836131917546296e+18,2024-09-17,POS,not ironic,
22943672,1294,1294,1.836131916803904e+18,2024-09-17,NEU,not ironic,
22943673,1295,1295,1.8361319151721272e+18,2024-09-17,NEG,not ironic,
22943674,1296,1296,1.8361319139305884e+18,2024-09-17,NEG,not ironic,
22943675,1297,1297,1.83613191234098e+18,2024-09-17,POS,not ironic,
22943676,1298,1298,1.836131912311804e+18,2024-09-17,NEG,ironic,
22943677,1299,1299,1.836131907538686e+18,2024-09-17,NEG,ironic,
22943678,1300,1300,1.8361319066492728e+18,2024-09-17,NEG,not ironic,
22943679,1301,1301,1.8361319060077647e+18,2024-09-17,NEG,ironic,
22943680,1302,1302,1.8361319048289075e+18,2024-09-17,NEU,ironic,
22943682,1304,1304,1.8361319046108204e+18,2024-09-17,NEG,not ironic,
22943684,1306,1306,1.8361319014441367e+18,2024-09-17,NEG,not ironic,
22943685,1307,1307,1.8361319002699569e+18,2024-09-17,NEG,not ironic,
22943686,1308,1308,1.83613189892778e+18,2024-09-17,NEG,ironic,
22943687,1309,1309,1.8361318977363315e+18,2024-09-17,NEG,ironic,
22943688,1310,1310,1.8361318963147328e+18,2024-09-17,NEU,not ironic,
22943689,1311,1311,1.8361318959411607e+18,2024-09-17,NEU,ironic,
22943690,1312,1312,1.836131895450428e+18,2024-09-17,NEU,not ironic,
22943691,1313,1313,1.836131895245226e+18,2024-09-17,NEU,not ironic,
22943692,1314,1314,1.8361318944773489e+18,2024-09-17,NEG,not ironic,
22943693,1315,1315,1.836131893399688e+18,2024-09-17,NEG,not ironic,
22943694,1316,1316,1.8361318931522235e+18,2024-09-17,NEU,not ironic,
22943695,1317,1317,1.836131892740916e+18,2024-09-17,NEG,not ironic,
22943696,1318,1318,1.8361318920698063e+18,2024-09-17,NEU,not ironic,
22943697,1319,1319,1.836131891931431e+18,2024-09-17,NEG,ironic,
22943698,1320,1320,1.8361318888152888e+18,2024-09-17,NEU,ironic,
22943699,1321,1321,1.8361318877539533e+18,2024-09-17,NEG,not ironic,
22943700,1322,1322,1.8361318869318743e+18,2024-09-17,NEG,not ironic,
22943701,1323,1323,1.8361318864664653e+18,2024-09-17,NEG,not ironic,
22943702,1324,1324,1.836131885929382e+18,2024-09-17,NEG,ironic,
22943703,1325,1325,1.836131885610664e+18,2024-09-17,NEG,not ironic,
22943704,1326,1326,1.8361318830227663e+18,2024-09-17,NEG,ironic,
22943705,1327,1327,1.836131882519663e+18,2024-09-17,NEG,ironic,
22943706,1328,1328,1.8361318822386967e+18,2024-09-17,NEG,not ironic,
22943707,1329,1329,1.8361318808923507e+18,2024-09-17,NEG,ironic,
22943708,1330,1330,1.8361318785641928e+18,2024-09-17,NEG,ironic,
22943709,1331,1331,1.8361318780567148e+18,2024-09-17,NEG,not ironic,
22943710,1332,1332,1.836131877712724e+18,2024-09-17,NEU,not ironic,
22943711,1333,1333,1.836131877322928e+18,2024-09-17,NEG,not ironic,
22943712,1334,1334,1.8361318770919547e+18,2024-09-17,NEU,ironic,
22943713,1335,1335,1.836131876534392e+18,2024-09-17,POS,not ironic,
22943714,1336,1336,1.8361318728515628e+18,2024-09-17,NEU,not ironic,
22943715,1337,1337,1.8361318711572928e+18,2024-09-17,NEU,not ironic,
22943716,1338,1338,1.8361318694038328e+18,2024-09-17,POS,not ironic,
22943717,1339,1339,1.836131869160849e+18,2024-09-17,NEG,not ironic,
22943718,1340,1340,1.8361318690098056e+18,2024-09-17,NEG,not ironic,
22943720,1342,1342,1.8361318683049536e+18,2024-09-17,NEG,not ironic,
22943721,1343,1343,1.8361318682336543e+18,2024-09-17,NEU,ironic,
22943722,1344,1344,1.836131866992108e+18,2024-09-17,NEG,ironic,
22943723,1345,1345,1.8361318668707064e+18,2024-09-17,NEG,not ironic,
22943724,1346,1346,1.836131866661e+18,2024-09-17,NEG,ironic,
22943725,1347,1347,1.8361318663422607e+18,2024-09-17,NEG,ironic,
22943726,1348,1348,1.8361318660232727e+18,2024-09-17,NEG,not ironic,
22943727,1349,1349,1.8361318655828664e+18,2024-09-17,NEG,not ironic,
22943728,1350,1350,1.836131865104913e+18,2024-09-17,NEU,not ironic,
22943729,1351,1351,1.8361318638380324e+18,2024-09-17,NEU,not ironic,
22943730,1352,1352,1.8361318638338376e+18,2024-09-17,NEG,ironic,
22943731,1353,1353,1.8361318636998208e+18,2024-09-17,NEG,not ironic,
22943732,1354,1354,1.8361318634479168e+18,2024-09-17,NEU,not ironic,
22943733,1355,1355,1.8361318633936364e+18,2024-09-17,NEU,not ironic,
22943734,1356,1356,1.836131861958902e+18,2024-09-17,NEU,not ironic,
22943735,1357,1357,1.836131861950796e+18,2024-09-17,NEU,not ironic,
22943736,1358,1358,1.8361318618417075e+18,2024-09-17,NEU,not ironic,
22943737,1359,1359,1.8361318616107707e+18,2024-09-17,POS,ironic,
22943738,1360,1360,1.8361318612542423e+18,2024-09-17,NEU,not ironic,
22943739,1361,1361,1.836131860545704e+18,2024-09-17,POS,not ironic,
22943740,1362,1362,1.8361318599960576e+18,2024-09-17,NEU,not ironic,
22943741,1363,1363,1.8361318598492204e+18,2024-09-17,NEU,not ironic,
22943742,1364,1364,1.8361318586414897e+18,2024-09-17,NEU,ironic,
22943743,1365,1365,1.8361318576138647e+18,2024-09-17,NEG,not ironic,
22943744,1366,1366,1.8361318555416617e+18,2024-09-17,NEU,not ironic,
22943745,1367,1367,1.8361318551686065e+18,2024-09-17,NEG,ironic,
22943746,1368,1368,1.8361318544808105e+18,2024-09-17,NEG,ironic,
22943747,1369,1369,1.836131853310235e+18,2024-09-17,POS,ironic,
22943748,1370,1370,1.83613185300412e+18,2024-09-17,NEU,not ironic,
22943749,1371,1371,1.836131852501029e+18,2024-09-17,NEG,not ironic,
22943750,1372,1372,1.8361318499380472e+18,2024-09-17,NEU,ironic,
22943751,1373,1373,1.836131849497649e+18,2024-09-17,NEG,not ironic,
22943752,1374,1374,1.836131849409593e+18,2024-09-17,NEU,not ironic,
22943753,1375,1375,1.836131849103344e+18,2024-09-17,NEG,ironic,
22943754,1376,1376,1.836131848642008e+18,2024-09-17,NEG,not ironic,
22943755,1377,1377,1.8361318478408625e+18,2024-09-17,NEG,not ironic,
22943756,1378,1378,1.8361318469184105e+18,2024-09-17,NEG,not ironic,
22943757,1379,1379,1.836131845739586e+18,2024-09-17,NEG,not ironic,
22943758,1380,1380,1.8361318455298583e+18,2024-09-17,NEG,not ironic,
22943759,1381,1381,1.8361318441921208e+18,2024-09-17,NEG,ironic,
22943760,1382,1382,1.8361318437517107e+18,2024-09-17,NEG,ironic,
22943761,1383,1383,1.8361318433530432e+18,2024-09-17,NEG,ironic,
22943762,1384,1384,1.8361318432651924e+18,2024-09-17,NEG,ironic,
22943763,1385,1385,1.836131842933551e+18,2024-09-17,NEG,not ironic,
22943764,1386,1386,1.8361318428370616e+18,2024-09-17,NEG,ironic,
22943765,1387,1387,1.836131842548024e+18,2024-09-17,NEG,not ironic,
22943766,1388,1388,1.836131841830692e+18,2024-09-17,NEG,not ironic,
22943767,1389,1389,1.836131841830478e+18,2024-09-17,NEG,not ironic,
22943768,1390,1390,1.836131841532924e+18,2024-09-17,NEU,not ironic,
22943769,1391,1391,1.8361318397039785e+18,2024-09-17,NEG,ironic,
22943770,1392,1392,1.836131839670653e+18,2024-09-17,NEG,ironic,
22943771,1393,1393,1.836131839485817e+18,2024-09-17,NEU,not ironic,
22943772,1394,1394,1.836131839293211e+18,2024-09-17,NEG,ironic,
22943773,1395,1395,1.836131839217668e+18,2024-09-17,NEU,not ironic,
22943774,1396,1396,1.8361318378964828e+18,2024-09-17,POS,ironic,
22943775,1397,1397,1.8361318366546537e+18,2024-09-17,NEG,not ironic,
22943776,1398,1398,1.836131836386493e+18,2024-09-17,NEU,not ironic,
22943777,1399,1399,1.8361318361139e+18,2024-09-17,NEG,not ironic,
22943778,1400,1400,1.8361318339703032e+18,2024-09-17,NEU,ironic,
22943779,1401,1401,1.836131833773179e+18,2024-09-17,NEU,ironic,
22943780,1402,1402,1.8361318316553216e+18,2024-09-17,NEU,not ironic,
22943781,1403,1403,1.8361318310091244e+18,2024-09-17,NEG,ironic,
22943782,1404,1404,1.836131830174777e+18,2024-09-17,NEG,not ironic,
22943783,1405,1405,1.8361318293482496e+18,2024-09-17,NEG,not ironic,
22943784,1406,1406,1.8361318268739087e+18,2024-09-17,POS,not ironic,
22943785,1407,1407,1.8361318268193505e+18,2024-09-17,NEG,ironic,
22943786,1408,1408,1.8361318254939057e+18,2024-09-17,NEU,not ironic,
22943787,1409,1409,1.8361318250786696e+18,2024-09-17,NEU,ironic,
22943788,1410,1410,1.8361318248060275e+18,2024-09-17,NEU,not ironic,
22943789,1411,1411,1.8361318237238927e+18,2024-09-17,POS,not ironic,
22943790,1412,1412,1.8361318236862093e+18,2024-09-17,NEU,not ironic,
22943791,1413,1413,1.836131823489e+18,2024-09-17,NEG,not ironic,
22943792,1414,1414,1.8361318232457587e+18,2024-09-17,NEG,not ironic,
22943793,1415,1415,1.836131822696092e+18,2024-09-17,NEG,ironic,
22943794,1416,1416,1.8361318206495665e+18,2024-09-17,NEG,ironic,
22943795,1417,1417,1.8361318205821207e+18,2024-09-17,NEU,not ironic,
22943796,1418,1418,1.836131818363343e+18,2024-09-17,NEG,ironic,
22943797,1419,1419,1.8361318172018035e+18,2024-09-17,NEU,not ironic,
22943798,1420,1420,1.836131816844964e+18,2024-09-17,NEU,not ironic,
22943799,1421,1421,1.8361318158260347e+18,2024-09-17,NEU,not ironic,
22943800,1422,1422,1.836131812952716e+18,2024-09-17,NEG,not ironic,
22943801,1423,1423,1.836131811975664e+18,2024-09-17,NEU,not ironic,
22943802,1424,1424,1.836131810209583e+18,2024-09-17,NEU,ironic,
22943803,1425,1425,1.8361318096436352e+18,2024-09-17,NEU,not ironic,
22943804,1426,1426,1.836131809400148e+18,2024-09-17,NEG,not ironic,
22943805,1427,1427,1.836131809022596e+18,2024-09-17,NEU,ironic,
22943806,1428,1428,1.8361318075297016e+18,2024-09-17,NEU,ironic,
22943807,1429,1429,1.8361318063969897e+18,2024-09-17,POS,not ironic,
22943808,1430,1430,1.8361318045978872e+18,2024-09-17,NEG,ironic,
22943809,1431,1431,1.836131804061012e+18,2024-09-17,NEU,not ironic,
22943810,1432,1432,1.8361318037671365e+18,2024-09-17,NEU,not ironic,
22943811,1433,1433,1.8361318036120044e+18,2024-09-17,NEG,not ironic,
22943812,1434,1434,1.8361318031802084e+18,2024-09-17,NEG,not ironic,
22943813,1435,1435,1.8361318026723983e+18,2024-09-17,NEG,not ironic,
22943814,1436,1436,1.836131802601444e+18,2024-09-17,NEG,not ironic,
22943817,1439,1439,1.8361318005291827e+18,2024-09-17,NEG,not ironic,
22943818,1440,1440,1.836131798037992e+18,2024-09-17,NEU,not ironic,
22943819,1441,1441,1.836131797991653e+18,2024-09-17,POS,ironic,
22943820,1442,1442,1.8361317978156887e+18,2024-09-17,POS,ironic,
22943821,1443,1443,1.8361317976563635e+18,2024-09-17,NEG,not ironic,
22943822,1444,1444,1.836131796750414e+18,2024-09-17,NEG,ironic,
22943824,1446,1446,1.8361317959196047e+18,2024-09-17,POS,not ironic,
22943825,1447,1447,1.8361317950891584e+18,2024-09-17,NEG,ironic,
22943826,1448,1448,1.836131793935729e+18,2024-09-17,POS,not ironic,
22943827,1449,1449,1.8361317919310848e+18,2024-09-17,NEU,ironic,
22943828,1450,1450,1.8361317906853645e+18,2024-09-17,NEG,not ironic,
22943829,1451,1451,1.8361317903498936e+18,2024-09-17,NEU,not ironic,
22943830,1452,1452,1.836131790286644e+18,2024-09-17,NEU,ironic,
22943831,1453,1453,1.8361317897204905e+18,2024-09-17,NEG,not ironic,
22943832,1454,1454,1.8361317881392407e+18,2024-09-17,NEG,ironic,
22943833,1455,1455,1.836131787552052e+18,2024-09-17,POS,ironic,
22943834,1456,1456,1.836131787019342e+18,2024-09-17,NEG,ironic,
22943835,1457,1457,1.836131786679592e+18,2024-09-17,NEG,ironic,
22943836,1458,1458,1.8361317855596751e+18,2024-09-17,NEU,not ironic,
22943837,1459,1459,1.836131785295496e+18,2024-09-17,NEG,not ironic,
22943838,1460,1460,1.836131785060815e+18,2024-09-17,NEG,not ironic,
22943839,1461,1461,1.836131782443328e+18,2024-09-17,NEG,not ironic,
22943840,1462,1462,1.836131781491492e+18,2024-09-17,NEU,not ironic,
22943841,1463,1463,1.8361317812565448e+18,2024-09-17,NEU,not ironic,
22943842,1464,1464,1.836131780023456e+18,2024-09-17,NEU,not ironic,
22943843,1465,1465,1.8361317790336164e+18,2024-09-17,NEU,not ironic,
22943844,1466,1466,1.8361317779892183e+18,2024-09-17,NEG,ironic,
22943845,1467,1467,1.8361317776621325e+18,2024-09-17,NEU,not ironic,
22943846,1468,1468,1.8361317773600727e+18,2024-09-17,NEU,not ironic,
22943847,1469,1469,1.83613177496488e+18,2024-09-17,NEU,not ironic,
22943848,1470,1470,1.8361317743107889e+18,2024-09-17,NEU,not ironic,
22943849,1471,1471,1.836131773681668e+18,2024-09-17,NEU,not ironic,
22943850,1472,1472,1.8361317736226816e+18,2024-09-17,NEU,not ironic,
22943851,1473,1473,1.8361317736187533e+18,2024-09-17,NEU,not ironic,
22943852,1474,1474,1.836131773178344e+18,2024-09-17,NEU,not ironic,
22943853,1475,1475,1.836131772796433e+18,2024-09-17,POS,not ironic,
22943854,1476,1476,1.836131772398212e+18,2024-09-17,NEU,ironic,
22943855,1477,1477,1.8361317701581537e+18,2024-09-17,NEG,not ironic,
22943856,1478,1478,1.836131769520636e+18,2024-09-17,NEG,not ironic,
22943857,1479,1479,1.836131769218929e+18,2024-09-17,NEG,ironic,
22943858,1480,1480,1.836131768195572e+18,2024-09-17,NEU,not ironic,
22943860,1482,1482,1.836131765217383e+18,2024-09-17,NEG,not ironic,
22943861,1483,1483,1.8361317641899584e+18,2024-09-17,NEG,ironic,
22943862,1484,1484,1.8361317640390088e+18,2024-09-17,NEG,ironic,
22943863,1485,1485,1.8361317638751688e+18,2024-09-17,NEG,ironic,
22943864,1486,1486,1.836131763686642e+18,2024-09-17,NEG,ironic,
22943865,1487,1487,1.83613176330494e+18,2024-09-17,NEU,ironic,
22943866,1488,1488,1.8361317622102472e+18,2024-09-17,NEG,not ironic,
22943867,1489,1489,1.8361317610524017e+18,2024-09-17,NEU,not ironic,
22943868,1490,1490,1.8361317602261e+18,2024-09-17,NEU,ironic,
22943869,1491,1491,1.8361317588252224e+18,2024-09-17,NEG,ironic,
22943870,1492,1492,1.8361317578397816e+18,2024-09-17,NEG,not ironic,
22943871,1493,1493,1.836131756212204e+18,2024-09-17,NEG,ironic,
22943872,1494,1494,1.8361317561578867e+18,2024-09-17,NEG,not ironic,
22943873,1495,1495,1.8361317556249805e+18,2024-09-17,NEU,not ironic,
22943874,1496,1496,1.836131755092296e+18,2024-09-17,NEG,not ironic,
22943875,1497,1497,1.8361317542953784e+18,2024-09-17,NEG,ironic,
22943876,1498,1498,1.8361317530538929e+18,2024-09-17,NEG,ironic,
22943877,1499,1499,1.836131752504628e+18,2024-09-17,NEG,not ironic,
22943878,1500,1500,1.836131752198234e+18,2024-09-17,NEU,ironic,
22943879,1501,1501,1.8361317509233743e+18,2024-09-17,NEU,not ironic,
22943880,1502,1502,1.836131750214292e+18,2024-09-17,NEG,not ironic,
22943881,1503,1503,1.836131749862216e+18,2024-09-17,NEG,ironic,
22943882,1504,1504,1.8361317494008425e+18,2024-09-17,NEG,not ironic,
22943883,1505,1505,1.8361317487420585e+18,2024-09-17,POS,ironic,
22943884,1506,1506,1.836131747815384e+18,2024-09-17,NEU,ironic,
22943885,1507,1507,1.8361317468462733e+18,2024-09-17,NEU,not ironic,
22943887,1509,1509,1.8361317455166592e+18,2024-09-17,NEU,not ironic,
22943888,1510,1510,1.83613174335658e+18,2024-09-17,NEG,ironic,
22943889,1511,1511,1.8361317433356209e+18,2024-09-17,NEG,not ironic,
22943890,1512,1512,1.8361317429623967e+18,2024-09-17,NEU,not ironic,
22943891,1513,1513,1.836131742819754e+18,2024-09-17,NEG,ironic,
22943892,1514,1514,1.8361317417627853e+18,2024-09-17,NEG,ironic,
22943893,1515,1515,1.836131741137871e+18,2024-09-17,NEG,not ironic,
22943894,1516,1516,1.8361317407980792e+18,2024-09-17,NEU,ironic,
22943895,1517,1517,1.8361317406974733e+18,2024-09-17,NEG,not ironic,
22943896,1518,1518,1.8361317381349417e+18,2024-09-17,NEU,not ironic,
22943897,1519,1519,1.83613173736319e+18,2024-09-17,NEG,ironic,
22943898,1520,1520,1.8361317369311767e+18,2024-09-17,POS,ironic,
22943899,1521,1521,1.836131736423682e+18,2024-09-17,NEG,not ironic,
22943900,1522,1522,1.8361317363943424e+18,2024-09-17,POS,ironic,
22943901,1523,1523,1.8361317361342592e+18,2024-09-17,NEU,not ironic,
22943902,1524,1524,1.8361317347165844e+18,2024-09-17,POS,not ironic,
22943903,1525,1525,1.8361317334582927e+18,2024-09-17,NEG,ironic,
22943904,1526,1526,1.836131732732404e+18,2024-09-17,NEU,ironic,
22943905,1527,1527,1.8361317326653563e+18,2024-09-17,NEU,ironic,
22943906,1528,1528,1.8361317323843505e+18,2024-09-17,NEU,not ironic,
22943907,1529,1529,1.836131732170372e+18,2024-09-17,NEG,ironic,
22943908,1530,1530,1.8361317318812344e+18,2024-09-17,NEU,not ironic,
22943909,1531,1531,1.8361317314995817e+18,2024-09-17,NEU,not ironic,
22943910,1532,1532,1.836131730887185e+18,2024-09-17,NEU,not ironic,
22943911,1533,1533,1.836131729930621e+18,2024-09-17,NEG,ironic,
22943912,1534,1534,1.8361317296035185e+18,2024-09-17,NEU,not ironic,
22943913,1535,1535,1.8361317283371008e+18,2024-09-17,NEU,not ironic,
22943914,1536,1536,1.8361317283284465e+18,2024-09-17,NEG,ironic,
22943915,1537,1537,1.836131727456244e+18,2024-09-17,NEU,not ironic,
22943916,1538,1538,1.8361317270407567e+18,2024-09-17,NEU,ironic,
22943917,1539,1539,1.8361317269485284e+18,2024-09-17,POS,not ironic,
22943918,1540,1540,1.8361317219197624e+18,2024-09-17,NEG,not ironic,
22943919,1541,1541,1.8361317213197028e+18,2024-09-17,NEG,not ironic,
22943920,1542,1542,1.8361317184885268e+18,2024-09-17,NEU,not ironic,
22943921,1543,1543,1.8361317182326705e+18,2024-09-17,NEG,ironic,
22943922,1544,1544,1.8361317172598912e+18,2024-09-17,NEG,ironic,
22943923,1545,1545,1.8361317172135327e+18,2024-09-17,NEG,ironic,
22943924,1546,1546,1.8361317156408847e+18,2024-09-17,NEG,not ironic,
22943925,1547,1547,1.836131714726531e+18,2024-09-17,NEU,not ironic,
22943926,1548,1548,1.8361317137238385e+18,2024-09-17,POS,not ironic,
22943927,1549,1549,1.8361317134302697e+18,2024-09-17,NEU,not ironic,
22943928,1550,1550,1.8361317125622705e+18,2024-09-17,NEG,ironic,
22943929,1551,1551,1.836131712125776e+18,2024-09-17,NEU,not ironic,
22943930,1552,1552,1.836131711740228e+18,2024-09-17,NEU,not ironic,
22943931,1553,1553,1.8361317112744264e+18,2024-09-17,NEU,not ironic,
22943932,1554,1554,1.8361317106493809e+18,2024-09-17,NEU,not ironic,
22943933,1555,1555,1.8361317105864584e+18,2024-09-17,NEG,not ironic,
22943934,1556,1556,1.8361317096050445e+18,2024-09-17,NEG,not ironic,
22943935,1557,1557,1.8361317095044047e+18,2024-09-17,NEU,ironic,
22943936,1558,1558,1.836131709101777e+18,2024-09-17,NEG,ironic,
22943937,1559,1559,1.8361317090096745e+18,2024-09-17,NEU,ironic,
22943938,1560,1560,1.8361317078940047e+18,2024-09-17,NEG,not ironic,
22943939,1561,1561,1.8361317063753933e+18,2024-09-17,NEU,not ironic,
22943940,1562,1562,1.836131705960436e+18,2024-09-17,NEU,not ironic,
22943941,1563,1563,1.836131703024448e+18,2024-09-17,NEG,ironic,
22943942,1564,1564,1.8361317026176527e+18,2024-09-17,NEG,ironic,
22943943,1565,1565,1.8361317016946445e+18,2024-09-17,POS,ironic,
22943944,1566,1566,1.8361317011621888e+18,2024-09-17,NEG,not ironic,
22943946,1568,1568,1.8361316992621327e+18,2024-09-17,NEU,not ironic,
22943947,1569,1569,1.836131699169616e+18,2024-09-17,NEG,not ironic,
22943948,1570,1570,1.8361316987375785e+18,2024-09-17,NEG,ironic,
22943949,1571,1571,1.836131696506557e+18,2024-09-17,NEU,not ironic,
22943950,1572,1572,1.836131695667389e+18,2024-09-17,NEG,ironic,
22943951,1573,1573,1.8361316952731405e+18,2024-09-17,NEG,ironic,
22943952,1574,1574,1.836131695248184e+18,2024-09-17,POS,not ironic,
22943953,1575,1575,1.8361316949376123e+18,2024-09-17,NEU,not ironic,
22943954,1576,1576,1.8361316928364588e+18,2024-09-17,NEU,not ironic,
22943955,1577,1577,1.8361316928361928e+18,2024-09-17,POS,ironic,
22943956,1578,1578,1.8361316923202683e+18,2024-09-17,POS,not ironic,
22943957,1579,1579,1.8361316908145705e+18,2024-09-17,NEU,not ironic,
22943958,1580,1580,1.8361316907935624e+18,2024-09-17,NEG,ironic,
22943959,1581,1581,1.836131688767984e+18,2024-09-17,NEU,ironic,
22943960,1582,1582,1.836131687945679e+18,2024-09-17,POS,not ironic,
22943961,1583,1583,1.836131687392064e+18,2024-09-17,NEU,not ironic,
22943962,1584,1584,1.8361316872623104e+18,2024-09-17,NEG,not ironic,
22943963,1585,1585,1.8361316866328497e+18,2024-09-17,NEG,not ironic,
22943964,1586,1586,1.8361316854502848e+18,2024-09-17,POS,not ironic,
22943965,1587,1587,1.8361316844056745e+18,2024-09-17,NEG,not ironic,
22943966,1588,1588,1.8361316822875013e+18,2024-09-17,POS,not ironic,
22943967,1589,1589,1.8361316809624407e+18,2024-09-17,NEG,ironic,
22943968,1590,1590,1.8361316792340603e+18,2024-09-17,NEU,ironic,
22943969,1591,1591,1.836131677816656e+18,2024-09-17,NEG,ironic,
22943970,1592,1592,1.8361316772042875e+18,2024-09-17,NEU,ironic,
22943971,1593,1593,1.8361316770574543e+18,2024-09-17,POS,not ironic,
22943972,1594,1594,1.8361316761428915e+18,2024-09-17,NEU,ironic,
22943973,1595,1595,1.8361316752369293e+18,2024-09-17,NEU,not ironic,
22943974,1596,1596,1.836131674255492e+18,2024-09-17,NEG,not ironic,
22943975,1597,1597,1.836131674083697e+18,2024-09-17,NEG,ironic,
22943976,1598,1598,1.836131672070247e+18,2024-09-17,NEG,ironic,
22943977,1599,1599,1.8361316699101307e+18,2024-09-17,POS,not ironic,
22943978,1600,1600,1.8361316696584973e+18,2024-09-17,NEG,ironic,
22943979,1601,1601,1.8361316693606605e+18,2024-09-17,NEU,not ironic,
22943980,1602,1602,1.8361316692809564e+18,2024-09-17,NEU,not ironic,
22943981,1603,1603,1.836131667771044e+18,2024-09-17,NEG,ironic,
22943982,1604,1604,1.836131666953405e+18,2024-09-17,NEG,not ironic,
22943983,1605,1605,1.836131666445624e+18,2024-09-17,NEG,ironic,
22943984,1606,1606,1.836131666118468e+18,2024-09-17,NEU,not ironic,
22943985,1607,1607,1.836131665946776e+18,2024-09-17,NEG,not ironic,
22943986,1608,1608,1.83613166578326e+18,2024-09-17,NEU,not ironic,
22943987,1609,1609,1.8361316638957527e+18,2024-09-17,NEU,ironic,
22943988,1610,1610,1.8361316637657784e+18,2024-09-17,POS,not ironic,
22943989,1611,1611,1.8361316617063176e+18,2024-09-17,NEU,ironic,
22943990,1612,1612,1.8361316608171407e+18,2024-09-17,NEG,ironic,
22943991,1613,1613,1.836131659931898e+18,2024-09-17,NEG,ironic,
22943992,1614,1614,1.836131659533734e+18,2024-09-17,NEU,not ironic,
22943993,1615,1615,1.8361316583423145e+18,2024-09-17,NEG,not ironic,
22943995,1617,1617,1.836131655943111e+18,2024-09-17,NEG,not ironic,
22943996,1618,1618,1.8361316550119424e+18,2024-09-17,NEG,not ironic,
22943997,1619,1619,1.836131654357644e+18,2024-09-17,NEU,not ironic,
22943998,1620,1620,1.8361316533386977e+18,2024-09-17,NEG,not ironic,
22943999,1621,1621,1.8361316530828447e+18,2024-09-17,NEG,not ironic,
22944000,1622,1622,1.8361316528354145e+18,2024-09-17,NEU,not ironic,
22944001,1623,1623,1.8361316515854623e+18,2024-09-17,NEG,not ironic,
22944002,1624,1624,1.836131651195409e+18,2024-09-17,NEG,ironic,
22944003,1625,1625,1.8361316511366884e+18,2024-09-17,NEU,ironic,
22944004,1626,1626,1.8361316504359767e+18,2024-09-17,NEU,not ironic,
22944005,1627,1627,1.836131648662016e+18,2024-09-17,NEG,ironic,
22944006,1628,1628,1.8361316485737272e+18,2024-09-17,NEG,ironic,
22944007,1629,1629,1.836131648485696e+18,2024-09-17,NEU,not ironic,
22944008,1630,1630,1.8361316482801009e+18,2024-09-17,NEU,ironic,
22944009,1631,1631,1.8361316465314163e+18,2024-09-17,NEU,ironic,
22944010,1632,1632,1.8361316464052388e+18,2024-09-17,NEG,not ironic,
22944011,1633,1633,1.8361316416698647e+18,2024-09-17,NEG,ironic,
22944012,1634,1634,1.836131641657561e+18,2024-09-17,NEG,ironic,
22944013,1635,1635,1.8361316412798449e+18,2024-09-17,NEG,ironic,
22944014,1636,1636,1.8361316403028127e+18,2024-09-17,NEU,not ironic,
22944015,1637,1637,1.836131638469944e+18,2024-09-17,NEG,not ironic,
22944016,1638,1638,1.836131638272828e+18,2024-09-17,NEU,not ironic,
22944018,1640,1640,1.8361316382389128e+18,2024-09-17,NEG,not ironic,
22944019,1641,1641,1.836131637119062e+18,2024-09-17,NEG,ironic,
22944020,1642,1642,1.8361316367628083e+18,2024-09-17,NEG,not ironic,
22944021,1643,1643,1.8361316337007247e+18,2024-09-17,NEG,not ironic,
22944022,1644,1644,1.836131633176445e+18,2024-09-17,NEG,not ironic,
22944023,1645,1645,1.836131630894756e+18,2024-09-17,NEG,ironic,
22944024,1646,1646,1.8361316297247665e+18,2024-09-17,NEU,ironic,
22944025,1647,1647,1.836131629108024e+18,2024-09-17,NEU,not ironic,
22944026,1648,1648,1.8361316285249416e+18,2024-09-17,NEU,not ironic,
22944027,1649,1649,1.836131628357423e+18,2024-09-17,NEU,ironic,
22944028,1650,1650,1.8361316282064448e+18,2024-09-17,NEG,ironic,
22944029,1651,1651,1.8361316280931825e+18,2024-09-17,NEU,not ironic,
22944030,1652,1652,1.836131627443089e+18,2024-09-17,NEG,not ironic,
22944031,1653,1653,1.836131627002672e+18,2024-09-17,NEU,ironic,
22944033,1655,1655,1.8361316255723768e+18,2024-09-17,NEU,ironic,
22944034,1656,1656,1.836131625370862e+18,2024-09-17,NEG,not ironic,
22944035,1657,1657,1.8361316219944013e+18,2024-09-17,POS,ironic,
22944036,1658,1658,1.836131621499724e+18,2024-09-17,POS,not ironic,
22944037,1659,1659,1.8361316210593423e+18,2024-09-17,NEG,not ironic,
22944038,1660,1660,1.8361316208705905e+18,2024-09-17,NEG,not ironic,
22944039,1661,1661,1.8361316207909235e+18,2024-09-17,NEG,not ironic,
22944040,1662,1662,1.83613161967494e+18,2024-09-17,NEU,not ironic,
22944042,1664,1664,1.836131618521572e+18,2024-09-17,NEG,not ironic,
22944043,1665,1665,1.8361316181233216e+18,2024-09-17,NEU,ironic,
22944044,1666,1666,1.8361316174981573e+18,2024-09-17,NEG,ironic,
22944045,1667,1667,1.8361316164286423e+18,2024-09-17,POS,not ironic,
22944046,1668,1668,1.8361316142685064e+18,2024-09-17,POS,ironic,
22944047,1669,1669,1.8361316114079503e+18,2024-09-17,NEU,ironic,
22944048,1670,1670,1.8361316097680264e+18,2024-09-17,NEG,not ironic,
22944049,1671,1671,1.836131609377936e+18,2024-09-17,NEU,not ironic,
22944050,1672,1672,1.8361316081912087e+18,2024-09-17,NEG,not ironic,
22944051,1673,1673,1.8361316073269248e+18,2024-09-17,POS,not ironic,
22944052,1674,1674,1.8361316065090929e+18,2024-09-17,NEU,not ironic,
22944053,1675,1675,1.8361316043324493e+18,2024-09-17,NEU,ironic,
22944054,1676,1676,1.836131603615224e+18,2024-09-17,NEG,not ironic,
22944055,1677,1677,1.836131603493593e+18,2024-09-17,NEU,not ironic,
22944056,1678,1678,1.8361316025119168e+18,2024-09-17,NEG,not ironic,
22944058,1680,1680,1.8361316014675195e+18,2024-09-17,NEG,ironic,
22944059,1681,1681,1.8361316000459328e+18,2024-09-17,NEG,not ironic,
22944060,1682,1682,1.8361315990725512e+18,2024-09-17,NEG,not ironic,
22944061,1683,1683,1.8361315978185032e+18,2024-09-17,POS,not ironic,
22944062,1684,1684,1.836131597780948e+18,2024-09-17,NEG,ironic,
22944063,1685,1685,1.83613159680786e+18,2024-09-17,NEG,not ironic,
22944064,1686,1686,1.8361315966986e+18,2024-09-17,NEU,not ironic,
22944065,1687,1687,1.8361315954150687e+18,2024-09-17,NEG,not ironic,
22944066,1688,1688,1.836131592424616e+18,2024-09-17,POS,not ironic,
22944067,1689,1689,1.8361315913636623e+18,2024-09-17,NEU,not ironic,
22944068,1690,1690,1.8361315906797568e+18,2024-09-17,NEU,not ironic,
22944069,1691,1691,1.8361315903486405e+18,2024-09-17,NEU,not ironic,
22944070,1692,1692,1.8361315901221768e+18,2024-09-17,NEU,not ironic,
22944071,1693,1693,1.836131590046634e+18,2024-09-17,NEG,not ironic,
22944072,1694,1694,1.8361315894297969e+18,2024-09-17,NEG,not ironic,
22944073,1695,1695,1.8361315891197087e+18,2024-09-17,NEG,ironic,
22944074,1696,1696,1.836131588897149e+18,2024-09-17,NEG,not ironic,
22944075,1697,1697,1.8361315887588147e+18,2024-09-17,NEG,not ironic,
22944076,1698,1698,1.836131587420803e+18,2024-09-17,NEU,not ironic,
22944077,1699,1699,1.836131587370685e+18,2024-09-17,NEG,not ironic,
22944078,1700,1700,1.8361315866576527e+18,2024-09-17,NEG,not ironic,
22944079,1701,1701,1.8361315865567729e+18,2024-09-17,NEG,not ironic,
22944080,1702,1702,1.836131585701327e+18,2024-09-17,NEG,ironic,
22944081,1703,1703,1.8361315852399767e+18,2024-09-17,NEG,ironic,
22944082,1704,1704,1.836131583495148e+18,2024-09-17,NEG,ironic,
22944083,1705,1705,1.836131583113466e+18,2024-09-17,NEG,ironic,
22944084,1706,1706,1.8361315829035287e+18,2024-09-17,NEU,not ironic,
22944085,1707,1707,1.8361315823162824e+18,2024-09-17,NEU,not ironic,
22944086,1708,1708,1.8361315823121567e+18,2024-09-17,NEU,not ironic,
22944087,1709,1709,1.8361315814818816e+18,2024-09-17,NEG,ironic,
22944088,1710,1710,1.836131581427172e+18,2024-09-17,NEG,not ironic,
22944089,1711,1711,1.8361315811292897e+18,2024-09-17,NEG,ironic,
22944090,1712,1712,1.8361315756476047e+18,2024-09-17,NEG,not ironic,
22944091,1713,1713,1.836131575404336e+18,2024-09-17,POS,ironic,
22944092,1714,1714,1.8361315747624223e+18,2024-09-17,POS,ironic,
22944093,1715,1715,1.8361315742254697e+18,2024-09-17,NEG,ironic,
22944094,1716,1716,1.836131573651116e+18,2024-09-17,NEG,not ironic,
22944095,1717,1717,1.836131573168538e+18,2024-09-17,NEG,not ironic,
22944096,1718,1718,1.8361315730639127e+18,2024-09-17,NEG,ironic,
22944097,1719,1719,1.83613157258974e+18,2024-09-17,NEU,ironic,
22944099,1721,1721,1.8361315717636795e+18,2024-09-17,NEU,not ironic,
22944100,1722,1722,1.83613157025774e+18,2024-09-17,NEU,not ironic,
22944101,1723,1723,1.8361315701279007e+18,2024-09-17,NEG,ironic,
22944102,1724,1724,1.8361315699724408e+18,2024-09-17,NEG,ironic,
22944103,1725,1725,1.8361315698007447e+18,2024-09-17,NEU,not ironic,
22944104,1726,1726,1.8361315677578447e+18,2024-09-17,NEG,not ironic,
22944105,1727,1727,1.836131566734472e+18,2024-09-17,NEU,not ironic,
22944106,1728,1728,1.836131566562452e+18,2024-09-17,NEG,not ironic,
22944107,1729,1729,1.8361315653838648e+18,2024-09-17,NEU,ironic,
22944108,1730,1730,1.836131564788273e+18,2024-09-17,NEU,not ironic,
22944109,1731,1731,1.8361315644068493e+18,2024-09-17,NEG,ironic,
22944110,1732,1732,1.8361315630476864e+18,2024-09-17,POS,not ironic,
22944112,1734,1734,1.836131562548793e+18,2024-09-17,POS,not ironic,
22944113,1735,1735,1.8361315625401428e+18,2024-09-17,NEU,ironic,
22944114,1736,1736,1.836131561344762e+18,2024-09-17,NEG,not ironic,
22944115,1737,1737,1.8361315610259988e+18,2024-09-17,NEG,ironic,
22944116,1738,1738,1.8361315602123697e+18,2024-09-17,NEG,not ironic,
22944117,1739,1739,1.8361315589834225e+18,2024-09-17,NEU,not ironic,
22944118,1740,1740,1.8361315573434737e+18,2024-09-17,NEU,not ironic,
22944119,1741,1741,1.8361315573311409e+18,2024-09-17,NEG,ironic,
22944120,1742,1742,1.836131556567716e+18,2024-09-17,NEG,ironic,
22944121,1743,1743,1.8361315550871268e+18,2024-09-17,NEU,not ironic,
22944122,1744,1744,1.8361315528261064e+18,2024-09-17,NEG,ironic,
22944123,1745,1745,1.836131552029512e+18,2024-09-17,NEG,ironic,
22944124,1746,1746,1.8361315514085007e+18,2024-09-17,NEU,not ironic,
22944125,1747,1747,1.8361315513206413e+18,2024-09-17,NEG,ironic,
22944126,1748,1748,1.836131550603224e+18,2024-09-17,NEU,not ironic,
22944128,1750,1750,1.8361315499910472e+18,2024-09-17,NEG,not ironic,
22944129,1751,1751,1.8361315499488755e+18,2024-09-17,NEG,ironic,
22944130,1752,1752,1.836131549600977e+18,2024-09-17,NEG,not ironic,
22944131,1753,1753,1.8361315492736207e+18,2024-09-17,NEG,not ironic,
22944132,1754,1754,1.836131548690813e+18,2024-09-17,NEG,ironic,
22944133,1755,1755,1.8361315478433464e+18,2024-09-17,NEG,not ironic,
22944134,1756,1756,1.8361315477006664e+18,2024-09-17,NEU,not ironic,
22944135,1757,1757,1.8361315466815608e+18,2024-09-17,NEG,not ironic,
22944136,1758,1758,1.836131545872261e+18,2024-09-17,POS,ironic,
22944137,1759,1759,1.8361315446849828e+18,2024-09-17,NEG,not ironic,
22944139,1761,1761,1.836131541052985e+18,2024-09-17,NEG,ironic,
22944140,1762,1762,1.836131540335768e+18,2024-09-17,NEG,not ironic,
22944141,1763,1763,1.8361315400209124e+18,2024-09-17,NEG,not ironic,
22944142,1764,1764,1.83613153976114e+18,2024-09-17,NEU,not ironic,
22944143,1765,1765,1.8361315397398687e+18,2024-09-17,NEG,ironic,
22944144,1766,1766,1.8361315370516603e+18,2024-09-17,NEG,ironic,
22944145,1767,1767,1.836131535629796e+18,2024-09-17,NEG,ironic,
22944146,1768,1768,1.8361315350803297e+18,2024-09-17,POS,not ironic,
22944147,1769,1769,1.8361315346357007e+18,2024-09-17,NEG,ironic,
22944148,1770,1770,1.836131533985583e+18,2024-09-17,NEG,ironic,
22944149,1771,1771,1.836131533352244e+18,2024-09-17,NEG,not ironic,
22944150,1772,1772,1.8361315325508728e+18,2024-09-17,NEG,ironic,
22944151,1773,1773,1.8361315315275249e+18,2024-09-17,NEG,not ironic,
22944152,1774,1774,1.8361315307098888e+18,2024-09-17,NEU,not ironic,
22944153,1775,1775,1.8361315283816983e+18,2024-09-17,NEU,not ironic,
22944154,1776,1776,1.8361315281468416e+18,2024-09-17,NEG,ironic,
22944155,1777,1777,1.8361315275011976e+18,2024-09-17,NEG,ironic,
22944156,1778,1778,1.8361315269305303e+18,2024-09-17,NEG,not ironic,
22944157,1779,1779,1.8361315260035768e+18,2024-09-17,POS,not ironic,
22944158,1780,1780,1.836131524753728e+18,2024-09-17,NEG,not ironic,
22944159,1781,1781,1.8361315239402447e+18,2024-09-17,NEU,ironic,
22944160,1782,1782,1.8361315234282289e+18,2024-09-17,NEU,not ironic,
22944161,1783,1783,1.8361315234034363e+18,2024-09-17,POS,not ironic,
22944162,1784,1784,1.836131521171985e+18,2024-09-17,NEG,ironic,
22944164,1786,1786,1.8361315188060984e+18,2024-09-17,POS,not ironic,
22944165,1787,1787,1.8361315181811635e+18,2024-09-17,NEG,not ironic,
22944166,1788,1788,1.8361315181602944e+18,2024-09-17,NEG,ironic,
22944167,1789,1789,1.8361315179841167e+18,2024-09-17,NEG,not ironic,
22944168,1790,1790,1.8361315175059704e+18,2024-09-17,NEG,ironic,
22944169,1791,1791,1.836131516998652e+18,2024-09-17,POS,not ironic,
22944171,1793,1793,1.83613151686842e+18,2024-09-17,NEU,not ironic,
22944172,1794,1794,1.836131516780524e+18,2024-09-17,NEG,ironic,
22944173,1795,1795,1.836131515727832e+18,2024-09-17,NEU,not ironic,
22944174,1796,1796,1.8361315147127567e+18,2024-09-17,NEG,not ironic,
22944175,1797,1797,1.83613151457824e+18,2024-09-17,NEU,not ironic,
22944176,1798,1798,1.8361315142385787e+18,2024-09-17,NEG,not ironic,
22944177,1799,1799,1.8361315136180431e+18,2024-09-17,NEG,ironic,
22944178,1800,1800,1.8361315135300444e+18,2024-09-17,NEG,ironic,
22944180,1802,1802,1.8361315104765087e+18,2024-09-17,NEU,not ironic,
22944181,1803,1803,1.8361315103420088e+18,2024-09-17,NEG,not ironic,
22944182,1804,1804,1.836131509163688e+18,2024-09-17,NEG,not ironic,
22944183,1805,1805,1.8361315083458028e+18,2024-09-17,NEU,not ironic,
22944184,1806,1806,1.836131507208921e+18,2024-09-17,NEG,not ironic,
22944185,1807,1807,1.836131507183752e+18,2024-09-17,NEG,not ironic,
22944186,1808,1808,1.83613150706636e+18,2024-09-17,NEG,not ironic,
22944187,1809,1809,1.836131506819121e+18,2024-09-17,NEU,not ironic,
22944188,1810,1810,1.836131506571604e+18,2024-09-17,NEU,not ironic,
22944189,1811,1811,1.8361315056446712e+18,2024-09-17,NEG,not ironic,
22944190,1812,1812,1.8361315048645307e+18,2024-09-17,NEG,ironic,
22944191,1813,1813,1.8361315042687347e+18,2024-09-17,NEG,ironic,
22944192,1814,1814,1.836131504067388e+18,2024-09-17,NEG,ironic,
22944193,1815,1815,1.836131502947468e+18,2024-09-17,NEG,not ironic,
22944194,1816,1816,1.836131502754804e+18,2024-09-17,NEG,ironic,
22944195,1817,1817,1.8361315025322888e+18,2024-09-17,NEG,not ironic,
22944196,1818,1818,1.8361315020207928e+18,2024-09-17,NEG,not ironic,
22944197,1819,1819,1.8361315016891845e+18,2024-09-17,NEU,not ironic,
22944198,1820,1820,1.8361315016346217e+18,2024-09-17,NEG,not ironic,
22944199,1821,1821,1.836131500032741e+18,2024-09-17,NEG,not ironic,
22944200,1822,1822,1.8361314988622927e+18,2024-09-17,NEG,ironic,
22944201,1823,1823,1.836131497671299e+18,2024-09-17,NEG,not ironic,
22944202,1824,1824,1.836131496962462e+18,2024-09-17,NEG,ironic,
22944203,1825,1825,1.836131495939052e+18,2024-09-17,NEG,ironic,
22944204,1826,1826,1.8361314959013809e+18,2024-09-17,NEG,not ironic,
22944206,1828,1828,1.836131493921592e+18,2024-09-17,NEU,ironic,
22944207,1829,1829,1.8361314932967096e+18,2024-09-17,NEG,not ironic,
22944208,1830,1830,1.8361314922354967e+18,2024-09-17,NEU,not ironic,
22944209,1831,1831,1.836131490985608e+18,2024-09-17,NEG,ironic,
22944210,1832,1832,1.8361314900374244e+18,2024-09-17,NEU,ironic,
22944211,1833,1833,1.836131489832216e+18,2024-09-17,NEU,not ironic,
22944212,1834,1834,1.8361314896431145e+18,2024-09-17,NEU,ironic,
22944213,1835,1835,1.836131489378976e+18,2024-09-17,NEG,not ironic,
22944214,1836,1836,1.8361314886197783e+18,2024-09-17,POS,not ironic,
22944215,1837,1837,1.8361314881251208e+18,2024-09-17,NEG,not ironic,
22944216,1838,1838,1.836131488103879e+18,2024-09-17,NEU,not ironic,
22944217,1839,1839,1.836131487667663e+18,2024-09-17,NEG,ironic,
22944218,1840,1840,1.8361314872398072e+18,2024-09-17,NEU,not ironic,
22944219,1841,1841,1.836131487210705e+18,2024-09-17,NEU,not ironic,
22944220,1842,1842,1.8361314869674028e+18,2024-09-17,NEG,ironic,
22944221,1843,1843,1.8361314861996524e+18,2024-09-17,NEG,ironic,
22944222,1844,1844,1.836131485708932e+18,2024-09-17,NEG,ironic,
22944223,1845,1845,1.836131485512012e+18,2024-09-17,NEU,not ironic,
22944224,1846,1846,1.8361314853232684e+18,2024-09-17,NEG,ironic,
22944225,1847,1847,1.8361314842325484e+18,2024-09-17,NEG,ironic,
22944226,1848,1848,1.8361314834106647e+18,2024-09-17,NEG,not ironic,
22944227,1849,1849,1.8361314825843548e+18,2024-09-17,POS,not ironic,
22944228,1850,1850,1.8361314824038484e+18,2024-09-17,NEG,not ironic,
22944229,1851,1851,1.8361314810367304e+18,2024-09-17,NEG,not ironic,
22944230,1852,1852,1.8361314805582807e+18,2024-09-17,NEU,not ironic,
22944231,1853,1853,1.8361314779746304e+18,2024-09-17,NEG,ironic,
22944232,1854,1854,1.8361314768676288e+18,2024-09-17,NEU,not ironic,
22944233,1855,1855,1.836131474388718e+18,2024-09-17,POS,not ironic,
22944234,1856,1856,1.836131471813416e+18,2024-09-17,POS,ironic,
22944235,1857,1857,1.8361314693342825e+18,2024-09-17,NEG,ironic,
22944236,1858,1858,1.8361314692839547e+18,2024-09-17,NEG,ironic,
22944237,1859,1859,1.83613146835284e+18,2024-09-17,POS,ironic,
22944238,1860,1860,1.8361314669438728e+18,2024-09-17,NEG,ironic,
22944239,1861,1861,1.836131465890812e+18,2024-09-17,NEU,ironic,
22944240,1862,1862,1.8361314655175844e+18,2024-09-17,POS,ironic,
22944241,1863,1863,1.8361314649808937e+18,2024-09-17,NEU,ironic,
22944242,1864,1864,1.836131463533671e+18,2024-09-17,NEG,ironic,
22944243,1865,1865,1.836131463181284e+18,2024-09-17,NEG,not ironic,
22944244,1866,1866,1.836131461633593e+18,2024-09-17,NEG,not ironic,
22944245,1867,1867,1.8361314614616312e+18,2024-09-17,NEG,ironic,
22944246,1868,1868,1.836131459280626e+18,2024-09-17,NEG,not ironic,
22944247,1869,1869,1.8361314587981908e+18,2024-09-17,NEG,not ironic,
22944248,1870,1870,1.836131458429178e+18,2024-09-17,NEG,ironic,
22944249,1871,1871,1.8361314579300027e+18,2024-09-17,NEG,ironic,
22944250,1872,1872,1.836131456516604e+18,2024-09-17,NEG,not ironic,
22944251,1873,1873,1.8361314549775608e+18,2024-09-17,NEG,not ironic,
22944252,1874,1874,1.836131454839067e+18,2024-09-17,NEU,not ironic,
22944253,1875,1875,1.8361314545916032e+18,2024-09-17,NEG,not ironic,
22944254,1876,1876,1.8361314525486984e+18,2024-09-17,NEG,ironic,
22944255,1877,1877,1.836131450992591e+18,2024-09-17,NEG,not ironic,
22944256,1878,1878,1.8361314496672847e+18,2024-09-17,NEG,ironic,
22944257,1879,1879,1.8361314470709988e+18,2024-09-17,NEU,not ironic,
22944258,1880,1880,1.8361314448650688e+18,2024-09-17,NEU,not ironic,
22944259,1881,1881,1.8361314443449265e+18,2024-09-17,NEG,ironic,
22944260,1882,1882,1.836131442541392e+18,2024-09-17,NEU,not ironic,
22944261,1883,1883,1.836131441018614e+18,2024-09-17,NEG,not ironic,
22944262,1884,1884,1.8361314404608084e+18,2024-09-17,NEU,not ironic,
22944263,1885,1885,1.8361314373653384e+18,2024-09-17,NEU,not ironic,
22944264,1886,1886,1.8361314370133363e+18,2024-09-17,NEG,not ironic,
22944265,1887,1887,1.8361314348991288e+18,2024-09-17,NEG,ironic,
22944266,1888,1888,1.8361314329070515e+18,2024-09-17,NEG,not ironic,
22944267,1889,1889,1.8361314326553928e+18,2024-09-17,POS,not ironic,
22944268,1890,1890,1.836131432579896e+18,2024-09-17,NEG,ironic,
22944269,1891,1891,1.8361314319337068e+18,2024-09-17,POS,not ironic,
22944270,1892,1892,1.8361314318249208e+18,2024-09-17,NEU,ironic,
22944271,1893,1893,1.836131431619204e+18,2024-09-17,NEU,not ironic,
22944272,1894,1894,1.8361314314180444e+18,2024-09-17,POS,not ironic,
22944273,1895,1895,1.8361314296942308e+18,2024-09-17,NEG,ironic,
22944274,1896,1896,1.83613142634716e+18,2024-09-17,NEU,not ironic,
22944275,1897,1897,1.836131424677618e+18,2024-09-17,NEG,not ironic,
22944276,1898,1898,1.8361314240193009e+18,2024-09-17,NEU,not ironic,
22944277,1899,1899,1.8361314238557435e+18,2024-09-17,NEG,not ironic,
22944278,1900,1900,1.8361314238179948e+18,2024-09-17,NEU,ironic,
22944279,1901,1901,1.8361314231928627e+18,2024-09-17,NEU,ironic,
22944280,1902,1902,1.836131422962332e+18,2024-09-17,NEG,not ironic,
22944281,1903,1903,1.8361314226223803e+18,2024-09-17,NEG,ironic,
22944282,1904,1904,1.836131422307804e+18,2024-09-17,NEG,ironic,
22944283,1905,1905,1.8361314205839608e+18,2024-09-17,POS,not ironic,
22944284,1906,1906,1.8361314183274127e+18,2024-09-17,NEU,ironic,
22944285,1907,1907,1.8361314167755528e+18,2024-09-17,NEU,not ironic,
22944286,1908,1908,1.8361314163896364e+18,2024-09-17,NEG,not ironic,
22944287,1909,1909,1.8361314160375524e+18,2024-09-17,NEU,ironic,
22944288,1910,1910,1.8361314159956173e+18,2024-09-17,NEG,not ironic,
22944289,1911,1911,1.836131415848592e+18,2024-09-17,NEG,ironic,
22944290,1912,1912,1.836131415597159e+18,2024-09-17,NEG,not ironic,
22944291,1913,1913,1.8361314149383992e+18,2024-09-17,NEG,ironic,
22944292,1914,1914,1.836131414796038e+18,2024-09-17,NEU,not ironic,
22944293,1915,1915,1.836131413432898e+18,2024-09-17,NEG,not ironic,
22944294,1916,1916,1.836131411360912e+18,2024-09-17,NEU,ironic,
22944295,1917,1917,1.8361314112770253e+18,2024-09-17,NEU,not ironic,
22944296,1918,1918,1.836131411088327e+18,2024-09-17,NEG,not ironic,
22944297,1919,1919,1.836131410572112e+18,2024-09-17,NEU,not ironic,
22944298,1920,1920,1.8361314104088049e+18,2024-09-17,NEG,ironic,
22944299,1921,1921,1.836131409452241e+18,2024-09-17,NEG,ironic,
22944300,1922,1922,1.836131409423144e+18,2024-09-17,NEU,not ironic,
22944301,1923,1923,1.8361314092341005e+18,2024-09-17,NEG,not ironic,
22944302,1924,1924,1.836131408395346e+18,2024-09-17,NEU,ironic,
22944303,1925,1925,1.8361314069650232e+18,2024-09-17,POS,not ironic,
22944304,1926,1926,1.836131406050685e+18,2024-09-17,NEG,ironic,
22944305,1927,1927,1.8361314057782927e+18,2024-09-17,NEU,not ironic,
22944306,1928,1928,1.8361314044109496e+18,2024-09-17,NEG,ironic,
22944307,1929,1929,1.8361314043142024e+18,2024-09-17,NEG,not ironic,
22944308,1930,1930,1.836131403202696e+18,2024-09-17,POS,not ironic,
22944309,1931,1931,1.8361314009674263e+18,2024-09-17,POS,not ironic,
22944310,1932,1932,1.83613139970916e+18,2024-09-17,NEU,ironic,
22944311,1933,1933,1.8361313996502016e+18,2024-09-17,NEG,not ironic,
22944312,1934,1934,1.83613139817402e+18,2024-09-17,NEU,not ironic,
22944313,1935,1935,1.8361313943865472e+18,2024-09-17,NEG,not ironic,
22944314,1936,1936,1.8361313942775808e+18,2024-09-17,NEG,not ironic,
22944315,1937,1937,1.8361313936022528e+18,2024-09-17,NEU,ironic,
22944316,1938,1938,1.8361313918112847e+18,2024-09-17,NEG,ironic,
22944317,1939,1939,1.83613139166428e+18,2024-09-17,NEG,ironic,
22944318,1940,1940,1.836131391467328e+18,2024-09-17,NEU,ironic,
22944319,1941,1941,1.8361313902758748e+18,2024-09-17,NEU,not ironic,
22944320,1942,1942,1.8361313901290995e+18,2024-09-17,NEU,not ironic,
22944321,1943,1943,1.8361313900158856e+18,2024-09-17,NEU,not ironic,
22944322,1944,1944,1.8361313894247304e+18,2024-09-17,NEG,not ironic,
22944323,1945,1945,1.8361313893240384e+18,2024-09-17,NEU,not ironic,
22944324,1946,1946,1.8361313888624724e+18,2024-09-17,NEG,not ironic,
22944325,1947,1947,1.836131388371932e+18,2024-09-17,NEU,not ironic,
22944326,1948,1948,1.8361313873902065e+18,2024-09-17,NEU,not ironic,
22944327,1949,1949,1.83613138696267e+18,2024-09-17,NEG,not ironic,
22944328,1950,1950,1.836131386744304e+18,2024-09-17,NEG,not ironic,
22944329,1951,1951,1.8361313840389737e+18,2024-09-17,NEG,ironic,
22944330,1952,1952,1.8361313836953564e+18,2024-09-17,NEG,ironic,
22944331,1953,1953,1.8361313823571028e+18,2024-09-17,NEG,ironic,
22944332,1954,1954,1.8361313821601672e+18,2024-09-17,NEU,not ironic,
22944333,1955,1955,1.836131382034301e+18,2024-09-17,POS,ironic,
22944334,1956,1956,1.8361313802557524e+18,2024-09-17,NEU,not ironic,
22944335,1957,1957,1.836131380146644e+18,2024-09-17,NEG,not ironic,
22944336,1958,1958,1.8361313798994368e+18,2024-09-17,NEG,ironic,
22944337,1959,1959,1.8361313795051727e+18,2024-09-17,POS,ironic,
22944338,1960,1960,1.8361313791274112e+18,2024-09-17,NEG,ironic,
22944340,1962,1962,1.8361313782634537e+18,2024-09-17,NEG,not ironic,
22944341,1963,1963,1.8361313781879729e+18,2024-09-17,NEG,not ironic,
22944342,1964,1964,1.8361313769256755e+18,2024-09-17,POS,ironic,
22944343,1965,1965,1.8361313762084493e+18,2024-09-17,NEG,ironic,
22944344,1966,1966,1.836131376082592e+18,2024-09-17,NEG,not ironic,
22944345,1967,1967,1.836131371993244e+18,2024-09-17,NEG,not ironic,
22944346,1968,1968,1.8361313716447724e+18,2024-09-17,NEG,ironic,
22944347,1969,1969,1.836131371305308e+18,2024-09-17,NEU,not ironic,
22944348,1970,1970,1.8361313705419448e+18,2024-09-17,POS,ironic,
22944349,1971,1971,1.8361313690445783e+18,2024-09-17,NEG,ironic,
22944350,1972,1972,1.8361313689814016e+18,2024-09-17,NEG,not ironic,
22944351,1973,1973,1.836131368239064e+18,2024-09-17,NEG,not ironic,
22944352,1974,1974,1.8361313675891548e+18,2024-09-17,NEG,not ironic,
22944353,1975,1975,1.8361313672326392e+18,2024-09-17,NEG,not ironic,
22944354,1976,1976,1.8361313663770007e+18,2024-09-17,NEU,not ironic,
22944355,1977,1977,1.83613136475358e+18,2024-09-17,NEU,not ironic,
22944357,1979,1979,1.836131362119783e+18,2024-09-17,NEG,ironic,
22944358,1980,1980,1.836131360081351e+18,2024-09-17,NEG,ironic,
22944359,1981,1981,1.8361313598923945e+18,2024-09-17,POS,ironic,
22944360,1982,1982,1.8361313594771743e+18,2024-09-17,NEU,not ironic,
22944361,1983,1983,1.8361313588228173e+18,2024-09-17,NEG,ironic,
22944362,1984,1984,1.836131358655288e+18,2024-09-17,NEG,not ironic,
22944363,1985,1985,1.8361313577158287e+18,2024-09-17,NEG,not ironic,
22944364,1986,1986,1.8361313567678508e+18,2024-09-17,NEU,ironic,
22944365,1987,1987,1.836131355727696e+18,2024-09-17,NEU,not ironic,
22944366,1988,1988,1.836131355576668e+18,2024-09-17,POS,not ironic,
22944367,1989,1989,1.8361313538695864e+18,2024-09-17,NEG,ironic,
22944368,1990,1990,1.8361313530978345e+18,2024-09-17,NEG,ironic,
22944369,1991,1991,1.836131352779068e+18,2024-09-17,NEU,not ironic,
22944370,1992,1992,1.8361313524349297e+18,2024-09-17,NEG,not ironic,
22944371,1993,1993,1.8361313519860488e+18,2024-09-17,NEG,ironic,
22944372,1994,1994,1.836131350241489e+18,2024-09-17,NEU,not ironic,
22944373,1995,1995,1.8361313494402207e+18,2024-09-17,NEU,not ironic,
22944374,1996,1996,1.8361313490417585e+18,2024-09-17,NEU,ironic,
22944375,1997,1997,1.83613134770394e+18,2024-09-17,POS,ironic,
22944376,1998,1998,1.8361313453761948e+18,2024-09-17,NEG,not ironic,
22944377,1999,1999,1.8361313452335145e+18,2024-09-17,NEG,ironic,
22944378,2000,2000,1.8361313434928788e+18,2024-09-17,NEG,ironic,
22944379,2001,2001,1.8361313420165368e+18,2024-09-17,NEG,ironic,
22944380,2002,2002,1.8361313417312668e+18,2024-09-17,NEG,not ironic,
22944381,2003,2003,1.8361313412531405e+18,2024-09-17,NEU,not ironic,
22944382,2004,2004,1.8361313410977505e+18,2024-09-17,NEU,not ironic,
22944383,2005,2005,1.8361313408379663e+18,2024-09-17,NEG,not ironic,
22944384,2006,2006,1.836131339923333e+18,2024-09-17,NEU,not ironic,
22944385,2007,2007,1.8361313396296625e+18,2024-09-17,NEG,ironic,
22944386,2008,2008,1.836131339470242e+18,2024-09-17,NEG,ironic,
22944387,2009,2009,1.8361313394409964e+18,2024-09-17,NEG,not ironic,
22944388,2010,2010,1.8361313366307884e+18,2024-09-17,NEU,not ironic,
22944389,2011,2011,1.8361313355108767e+18,2024-09-17,NEG,ironic,
22944390,2012,2012,1.836131334596817e+18,2024-09-17,NEG,not ironic,
22944391,2013,2013,1.8361313319837084e+18,2024-09-17,NEG,ironic,
22944392,2014,2014,1.836131331870196e+18,2024-09-17,NEU,not ironic,
22944393,2015,2015,1.8361313316857329e+18,2024-09-17,NEG,not ironic,
22944394,2016,2016,1.8361313315433065e+18,2024-09-17,POS,ironic,
22944395,2017,2017,1.836131330985464e+18,2024-09-17,NEU,not ironic,
22944396,2018,2018,1.8361313308722176e+18,2024-09-17,NEU,not ironic,
22944397,2019,2019,1.8361313290936484e+18,2024-09-17,NEU,not ironic,
22944398,2020,2020,1.836131326401073e+18,2024-09-17,NEU,not ironic,
22944399,2021,2021,1.8361313235529e+18,2024-09-17,POS,ironic,
22944400,2022,2022,1.8361313231334607e+18,2024-09-17,NEG,not ironic,
22944402,2024,2024,1.8361313219381207e+18,2024-09-17,NEG,ironic,
22944403,2025,2025,1.836131321829032e+18,2024-09-17,NEG,ironic,
22944404,2026,2026,1.8361313195728325e+18,2024-09-17,NEG,not ironic,
22944405,2027,2027,1.8361313186458217e+18,2024-09-17,POS,ironic,
22944406,2028,2028,1.836131318641444e+18,2024-09-17,NEU,ironic,
22944407,2029,2029,1.8361313176054336e+18,2024-09-17,NEU,not ironic,
22944408,2030,2030,1.8361313175550769e+18,2024-09-17,NEU,not ironic,
22944409,2031,2031,1.8361313154872364e+18,2024-09-17,NEG,not ironic,
22944410,2032,2032,1.8361313141872768e+18,2024-09-17,NEG,not ironic,
22944411,2033,2033,1.8361313139060165e+18,2024-09-17,NEU,not ironic,
22944412,2034,2034,1.8361313134071808e+18,2024-09-17,NEG,ironic,
22944413,2035,2035,1.83613131275681e+18,2024-09-17,NEG,not ironic,
22944414,2036,2036,1.836131311242876e+18,2024-09-17,NEU,ironic,
22944415,2037,2037,1.83613131082764e+18,2024-09-17,NEG,not ironic,
22944416,2038,2038,1.8361313085543265e+18,2024-09-17,NEG,not ironic,
22944417,2039,2039,1.836131307275064e+18,2024-09-17,NEG,ironic,
22944418,2040,2040,1.836131306826056e+18,2024-09-17,NEG,not ironic,
22944420,2042,2042,1.8361313061968973e+18,2024-09-17,NEG,not ironic,
22944421,2043,2043,1.836131305404404e+18,2024-09-17,NEU,not ironic,
22944422,2044,2044,1.83613130449424e+18,2024-09-17,NEU,not ironic,
22944423,2045,2045,1.836131302249988e+18,2024-09-17,NEG,not ironic,
22944424,2046,2046,1.8361313019312527e+18,2024-09-17,NEU,ironic,
22944425,2047,2047,1.836131300836807e+18,2024-09-17,NEU,not ironic,
22944426,2048,2048,1.8361313007193416e+18,2024-09-17,NEU,not ironic,
22944427,2049,2049,1.8361312976699028e+18,2024-09-17,NEG,ironic,
22944429,2051,2051,1.836131295983997e+18,2024-09-17,NEG,ironic,
22944430,2052,2052,1.836131294356357e+18,2024-09-17,NEG,ironic,
22944431,2053,2053,1.836131294243128e+18,2024-09-17,NEU,not ironic,
22944432,2054,2054,1.8361312932535465e+18,2024-09-17,NEU,not ironic,
22944433,2055,2055,1.8361312915296463e+18,2024-09-17,NEG,ironic,
22944434,2056,2056,1.8361312914748908e+18,2024-09-17,NEG,ironic,
22944435,2057,2057,1.8361312880987628e+18,2024-09-17,NEG,ironic,
22944436,2058,2058,1.8361312879265423e+18,2024-09-17,NEG,ironic,
22944437,2059,2059,1.836131287616132e+18,2024-09-17,POS,ironic,
22944438,2060,2060,1.8361312869453207e+18,2024-09-17,NEU,ironic,
22944439,2061,2061,1.8361312832875848e+18,2024-09-17,NEU,not ironic,
22944440,2062,2062,1.836131283178496e+18,2024-09-17,NEG,not ironic,
22944441,2063,2063,1.8361312829313807e+18,2024-09-17,NEU,ironic,
22944442,2064,2064,1.83613128274652e+18,2024-09-17,NEG,not ironic,
22944443,2065,2065,1.8361312827381148e+18,2024-09-17,NEG,ironic,
22944444,2066,2066,1.83613128153462e+18,2024-09-17,NEG,ironic,
22944445,2067,2067,1.8361312806202616e+18,2024-09-17,NEG,ironic,
22944446,2068,2068,1.8361312801463048e+18,2024-09-17,NEU,not ironic,
22944447,2069,2069,1.8361312798986404e+18,2024-09-17,NEG,ironic,
22944448,2070,2070,1.8361312797518075e+18,2024-09-17,NEG,ironic,
22944449,2071,2071,1.836131278799942e+18,2024-09-17,POS,ironic,
22944450,2072,2072,1.8361312785899643e+18,2024-09-17,NEG,not ironic,
22944451,2073,2073,1.8361312776713708e+18,2024-09-17,POS,ironic,
22944452,2074,2074,1.8361312766147013e+18,2024-09-17,NEG,not ironic,
22944453,2075,2075,1.83613127505442e+18,2024-09-17,NEU,not ironic,
22944454,2076,2076,1.836131274777297e+18,2024-09-17,POS,not ironic,
22944455,2077,2077,1.836131273267352e+18,2024-09-17,NEG,ironic,
22944456,2078,2078,1.836131273217085e+18,2024-09-17,NEU,ironic,
22944457,2079,2079,1.83613127294888e+18,2024-09-17,POS,not ironic,
22944458,2080,2080,1.836131271916876e+18,2024-09-17,NEG,ironic,
22944459,2081,2081,1.8361312714554289e+18,2024-09-17,NEG,ironic,
22944460,2082,2082,1.8361312707846884e+18,2024-09-17,POS,not ironic,
22944461,2083,2083,1.8361312699203628e+18,2024-09-17,POS,not ironic,
22944462,2084,2084,1.8361312697737915e+18,2024-09-17,NEG,not ironic,
22944463,2085,2085,1.8361312695431048e+18,2024-09-17,NEG,ironic,
22944464,2086,2086,1.836131268502991e+18,2024-09-17,NEG,not ironic,
22944465,2087,2087,1.8361312684736392e+18,2024-09-17,NEG,ironic,
22944466,2088,2088,1.8361312683852104e+18,2024-09-17,NEG,not ironic,
22944467,2089,2089,1.8361312667411008e+18,2024-09-17,NEG,not ironic,
22944468,2090,2090,1.8361312664560645e+18,2024-09-17,NEG,not ironic,
22944469,2091,2091,1.8361312664390328e+18,2024-09-17,NEU,not ironic,
22944470,2092,2092,1.836131265491407e+18,2024-09-17,NEG,ironic,
22944471,2093,2093,1.836131263150801e+18,2024-09-17,NEU,not ironic,
22944472,2094,2094,1.8361312628657728e+18,2024-09-17,NEG,ironic,
22944473,2095,2095,1.8361312621569275e+18,2024-09-17,NEG,not ironic,
22944474,2096,2096,1.8361312612257792e+18,2024-09-17,NEG,not ironic,
22944475,2097,2097,1.8361312583820616e+18,2024-09-17,NEU,ironic,
22944476,2098,2098,1.8361312580127457e+18,2024-09-17,NEG,not ironic,
22944477,2099,2099,1.836131256758612e+18,2024-09-17,NEU,not ironic,
22944478,2100,2100,1.836131256389575e+18,2024-09-17,NEG,ironic,
22944479,2101,2101,1.8361312561801336e+18,2024-09-17,NEG,not ironic,
22944480,2102,2102,1.836131254518916e+18,2024-09-17,NEG,not ironic,
22944481,2103,2103,1.8361312540658647e+18,2024-09-17,NEG,ironic,
22944482,2104,2104,1.836131253189592e+18,2024-09-17,NEG,ironic,
22944483,2105,2105,1.8361312523506488e+18,2024-09-17,NEU,ironic,
22944484,2106,2106,1.836131252212036e+18,2024-09-17,NEG,not ironic,
22944485,2107,2107,1.8361312500016456e+18,2024-09-17,NEG,ironic,
22944487,2109,2109,1.83613124958659e+18,2024-09-17,NEU,ironic,
22944488,2110,2110,1.8361312488358257e+18,2024-09-17,NEG,not ironic,
22944489,2111,2111,1.8361312483912297e+18,2024-09-17,NEU,ironic,
22944491,2113,2113,1.836131247208424e+18,2024-09-17,NEG,ironic,
22944492,2114,2114,1.8361312442388687e+18,2024-09-17,NEG,not ironic,
22944493,2115,2115,1.8361312430138573e+18,2024-09-17,POS,ironic,
22944494,2116,2116,1.8361312410763635e+18,2024-09-17,NEG,ironic,
22944495,2117,2117,1.8361312393774817e+18,2024-09-17,NEU,not ironic,
22944496,2118,2118,1.8361312390670835e+18,2024-09-17,NEG,ironic,
22944499,2121,2121,1.8361312377923057e+18,2024-09-17,NEG,not ironic,
22944501,2123,2123,1.8361312358751685e+18,2024-09-17,NEG,ironic,
22944502,2124,2124,1.8361312357789573e+18,2024-09-17,NEG,ironic,
22944503,2125,2125,1.8361312348685804e+18,2024-09-17,NEG,ironic,
22944504,2126,2126,1.8361312347178148e+18,2024-09-17,NEG,ironic,
22944505,2127,2127,1.8361312328681103e+18,2024-09-17,NEG,ironic,
22944506,2128,2128,1.8361312310142285e+18,2024-09-17,NEG,ironic,
22944507,2129,2129,1.8361312306491315e+18,2024-09-17,NEG,not ironic,
22944508,2130,2130,1.836131230548456e+18,2024-09-17,NEG,not ironic,
22944509,2131,2131,1.836131229516624e+18,2024-09-17,NEU,ironic,
22944510,2132,2132,1.8361312286360576e+18,2024-09-17,NEU,not ironic,
22944511,2133,2133,1.8361312274113208e+18,2024-09-17,NEU,ironic,
22944512,2134,2134,1.836131227100926e+18,2024-09-17,NEG,ironic,
22944513,2135,2135,1.8361312258426675e+18,2024-09-17,NEU,not ironic,
22944514,2136,2136,1.8361312240765668e+18,2024-09-17,NEG,not ironic,
22944515,2137,2137,1.836131223774622e+18,2024-09-17,NEG,ironic,
22944516,2138,2138,1.8361312225792904e+18,2024-09-17,NEG,not ironic,
22944517,2139,2139,1.8361312222395228e+18,2024-09-17,NEU,not ironic,
22944518,2140,2140,1.8361312217110164e+18,2024-09-17,NEU,not ironic,
22944519,2141,2141,1.8361312201551547e+18,2024-09-17,NEG,ironic,
22944520,2142,2142,1.8361312193792287e+18,2024-09-17,NEG,ironic,
22944521,2143,2143,1.836131217885848e+18,2024-09-17,NEG,not ironic,
22944522,2144,2144,1.836131216493265e+18,2024-09-17,NEG,ironic,
22944523,2145,2145,1.8361312132639337e+18,2024-09-17,NEG,not ironic,
22944524,2146,2146,1.8361312126138163e+18,2024-09-17,POS,not ironic,
22944525,2147,2147,1.8361312103488924e+18,2024-09-17,NEU,ironic,
22944526,2148,2148,1.8361312094804667e+18,2024-09-17,NEG,not ironic,
22944527,2149,2149,1.8361312091115727e+18,2024-09-17,NEU,not ironic,
22944528,2150,2150,1.8361312080504507e+18,2024-09-17,NEG,ironic,
22944529,2151,2151,1.8361312056887217e+18,2024-09-17,NEU,not ironic,
22944530,2152,2152,1.8361312053241324e+18,2024-09-17,NEG,not ironic,
22944531,2153,2153,1.8361312049759644e+18,2024-09-17,NEU,not ironic,
22944532,2154,2154,1.836131204740837e+18,2024-09-17,NEG,not ironic,
22944533,2155,2155,1.8361312040071823e+18,2024-09-17,NEU,ironic,
22944534,2156,2156,1.8361312029333632e+18,2024-09-17,NEU,ironic,
22944535,2157,2157,1.836131202912392e+18,2024-09-17,NEU,ironic,
22944536,2158,2158,1.836131201909724e+18,2024-09-17,NEU,not ironic,
22944537,2159,2159,1.836131201825776e+18,2024-09-17,NEG,ironic,
22944538,2160,2160,1.836131201565799e+18,2024-09-17,NEU,ironic,
22944539,2161,2161,1.836131201033073e+18,2024-09-17,NEG,ironic,
22944540,2162,2162,1.836131199447683e+18,2024-09-17,NEU,not ironic,
22944541,2163,2163,1.836131195471442e+18,2024-09-17,NEG,ironic,
22944542,2164,2164,1.8361311954423977e+18,2024-09-17,NEG,ironic,
22944543,2165,2165,1.836131195056448e+18,2024-09-17,NEG,not ironic,
22944544,2166,2166,1.836131194259542e+18,2024-09-17,NEU,ironic,
22944545,2167,2167,1.8361311938902103e+18,2024-09-17,POS,not ironic,
22944546,2168,2168,1.8361311937855857e+18,2024-09-17,POS,ironic,
22944547,2169,2169,1.8361311931228856e+18,2024-09-17,NEU,ironic,
22944548,2170,2170,1.836131191638172e+18,2024-09-17,NEG,ironic,
22944549,2171,2171,1.8361311915038843e+18,2024-09-17,NEG,ironic,
22944550,2172,2172,1.8361311910967465e+18,2024-09-17,NEG,ironic,
22944551,2173,2173,1.8361311910758075e+18,2024-09-17,NEU,not ironic,
22944552,2174,2174,1.8361311900610967e+18,2024-09-17,NEU,not ironic,
22944553,2175,2175,1.8361311879301448e+18,2024-09-17,NEU,ironic,
22944554,2176,2176,1.8361311873096177e+18,2024-09-17,NEU,ironic,
22944555,2177,2177,1.836131182213546e+18,2024-09-17,POS,not ironic,
22944556,2178,2178,1.836131179730244e+18,2024-09-17,NEG,ironic,
22944557,2179,2179,1.836131176127537e+18,2024-09-17,NEU,not ironic,
22944558,2180,2180,1.8361311759007992e+18,2024-09-17,NEG,ironic,
22944559,2181,2181,1.8361311739672576e+18,2024-09-17,POS,not ironic,
22944560,2182,2182,1.836131172872786e+18,2024-09-17,NEG,not ironic,
22944561,2183,2183,1.836131172751152e+18,2024-09-17,NEU,not ironic,
22944562,2184,2184,1.836131172436398e+18,2024-09-17,NEU,ironic,
22944563,2185,2185,1.8361311717528947e+18,2024-09-17,NEU,not ironic,
22944564,2186,2186,1.8361311672438088e+18,2024-09-17,NEU,ironic,
22944565,2187,2187,1.8361311670301207e+18,2024-09-17,NEU,ironic,
22944566,2188,2188,1.836131166987936e+18,2024-09-17,NEG,ironic,
22944567,2189,2189,1.836131166916657e+18,2024-09-17,NEG,not ironic,
22944568,2190,2190,1.8361311665519368e+18,2024-09-17,NEG,ironic,
22944569,2191,2191,1.8361311660150991e+18,2024-09-17,NEU,not ironic,
22944570,2192,2192,1.8361311660067515e+18,2024-09-17,NEG,ironic,
22944571,2193,2193,1.83613116505856e+18,2024-09-17,NEU,not ironic,
22944572,2194,2194,1.8361311639431744e+18,2024-09-17,POS,not ironic,
22944573,2195,2195,1.8361311639009528e+18,2024-09-17,NEG,not ironic,
22944575,2197,2197,1.8361311631669005e+18,2024-09-17,NEU,not ironic,
22944576,2198,2198,1.836131162332316e+18,2024-09-17,NEG,not ironic,
22944577,2199,2199,1.836131162298757e+18,2024-09-17,NEG,ironic,
22944578,2200,2200,1.8361311620179272e+18,2024-09-17,NEG,not ironic,
22944579,2201,2201,1.8361311613927388e+18,2024-09-17,NEU,ironic,
22944580,2202,2202,1.836131158469583e+18,2024-09-17,NEG,not ironic,
22944581,2203,2203,1.8361311576178808e+18,2024-09-17,NEG,not ironic,
22944582,2204,2204,1.83613115704744e+18,2024-09-17,NEU,ironic,
22944583,2205,2205,1.836131156267512e+18,2024-09-17,NEG,not ironic,
22944584,2206,2206,1.8361311555628933e+18,2024-09-17,NEG,not ironic,
22944585,2207,2207,1.8361311554454528e+18,2024-09-17,NEU,not ironic,
22944586,2208,2208,1.836131154271048e+18,2024-09-17,NEG,ironic,
22944588,2210,2210,1.836131151582503e+18,2024-09-17,NEU,not ironic,
22944589,2211,2211,1.8361311503787336e+18,2024-09-17,NEU,not ironic,
22944590,2212,2212,1.836131149531505e+18,2024-09-17,NEU,ironic,
22944591,2213,2213,1.8361311459411927e+18,2024-09-17,NEG,ironic,
22944592,2214,2214,1.8361311451649231e+18,2024-09-17,NEU,not ironic,
22944593,2215,2215,1.8361311449342976e+18,2024-09-17,NEG,ironic,
22944594,2216,2216,1.8361311447164928e+18,2024-09-17,NEU,not ironic,
22944595,2217,2217,1.836131144380625e+18,2024-09-17,POS,ironic,
22944596,2218,2218,1.8361311423256663e+18,2024-09-17,POS,not ironic,
22944597,2219,2219,1.836131139276464e+18,2024-09-17,NEU,not ironic,
22944598,2220,2220,1.83613113868082e+18,2024-09-17,NEG,not ironic,
22944599,2221,2221,1.8361311384373617e+18,2024-09-17,NEG,not ironic,
22944600,2222,2222,1.8361311383159767e+18,2024-09-17,NEG,ironic,
22944601,2223,2223,1.8361311377787497e+18,2024-09-17,NEU,ironic,
22944602,2224,2224,1.836131136809948e+18,2024-09-17,POS,not ironic,
22944603,2225,2225,1.8361311345284595e+18,2024-09-17,NEG,ironic,
22944604,2226,2226,1.836131133257286e+18,2024-09-17,NEU,not ironic,
22944605,2227,2227,1.8361311325529585e+18,2024-09-17,NEU,not ironic,
22944606,2228,2228,1.83613113191517e+18,2024-09-17,NEU,not ironic,
22944607,2229,2229,1.8361311301996424e+18,2024-09-17,NEG,ironic,
22944608,2230,2230,1.8361311300780365e+18,2024-09-17,NEG,ironic,
22944609,2231,2231,1.836131129763729e+18,2024-09-17,NEG,ironic,
22944610,2232,2232,1.8361311280019377e+18,2024-09-17,NEG,not ironic,
22944611,2233,2233,1.8361311277966008e+18,2024-09-17,NEU,not ironic,
22944612,2234,2234,1.836131126219559e+18,2024-09-17,NEG,ironic,
22944613,2235,2235,1.8361311259175936e+18,2024-09-17,NEU,ironic,
22944614,2236,2236,1.8361311254391603e+18,2024-09-17,NEG,ironic,
22944615,2237,2237,1.8361311240721124e+18,2024-09-17,NEG,not ironic,
22944616,2238,2238,1.83613112329588e+18,2024-09-17,NEG,not ironic,
22944617,2239,2239,1.8361311228640832e+18,2024-09-17,NEG,ironic,
22944618,2240,2240,1.8361311226083249e+18,2024-09-17,NEG,not ironic,
22944619,2241,2241,1.8361311198693663e+18,2024-09-17,NEU,ironic,
22944620,2242,2242,1.8361311196426245e+18,2024-09-17,NEU,ironic,
22944621,2243,2243,1.8361311189340283e+18,2024-09-17,NEG,not ironic,
22944622,2244,2244,1.8361311171179028e+18,2024-09-17,NEG,not ironic,
22944623,2245,2245,1.8361311153604887e+18,2024-09-17,NEG,ironic,
22944624,2246,2246,1.8361311147856568e+18,2024-09-17,NEG,not ironic,
22944625,2247,2247,1.836131113422476e+18,2024-09-17,POS,not ironic,
22944626,2248,2248,1.83613111201314e+18,2024-09-17,NEG,not ironic,
22944627,2249,2249,1.836131111140782e+18,2024-09-17,NEU,not ironic,
22944628,2250,2250,1.836131109526233e+18,2024-09-17,NEU,ironic,
22944629,2251,2251,1.8361311092074447e+18,2024-09-17,NEG,ironic,
22944630,2252,2252,1.836131108057989e+18,2024-09-17,NEG,not ironic,
22944631,2253,2253,1.8361311077266355e+18,2024-09-17,NEG,ironic,
22944632,2254,2254,1.8361311062711424e+18,2024-09-17,NEG,ironic,
22944633,2255,2255,1.8361311052981453e+18,2024-09-17,NEU,ironic,
22944634,2256,2256,1.8361311041616973e+18,2024-09-17,NEG,not ironic,
22944635,2257,2257,1.8361311040820104e+18,2024-09-17,NEG,ironic,
22944636,2258,2258,1.836131103209628e+18,2024-09-17,NEU,not ironic,
22944637,2259,2259,1.8361311028572687e+18,2024-09-17,NEG,ironic,
22944638,2260,2260,1.836131101997437e+18,2024-09-17,NEG,not ironic,
22944639,2261,2261,1.836131101628052e+18,2024-09-17,NEG,not ironic,
22944640,2262,2262,1.836131101536064e+18,2024-09-17,NEG,not ironic,
22944641,2263,2263,1.8361311008270464e+18,2024-09-17,POS,ironic,
22944642,2264,2264,1.8361311007221148e+18,2024-09-17,NEG,ironic,
22944643,2265,2265,1.836131100697248e+18,2024-09-17,NEG,not ironic,
22944644,2266,2266,1.8361311003110405e+18,2024-09-17,NEG,not ironic,
22944645,2267,2267,1.8361311000554783e+18,2024-09-17,POS,ironic,
22944646,2268,2268,1.8361311000552369e+18,2024-09-17,POS,ironic,
22944647,2269,2269,1.836131098750772e+18,2024-09-17,NEG,not ironic,
22944649,2271,2271,1.8361310955169385e+18,2024-09-17,NEG,not ironic,
22944650,2272,2272,1.8361310950390863e+18,2024-09-17,NEU,not ironic,
22944651,2273,2273,1.8361310939360087e+18,2024-09-17,NEU,not ironic,
22944652,2274,2274,1.836131092694471e+18,2024-09-17,NEU,not ironic,
22944653,2275,2275,1.83613109157016e+18,2024-09-17,NEG,not ironic,
22944654,2276,2276,1.8361310912139105e+18,2024-09-17,NEG,ironic,
22944655,2277,2277,1.8361310910375204e+18,2024-09-17,NEU,not ironic,
22944656,2278,2278,1.8361310899472013e+18,2024-09-17,NEG,not ironic,
22944657,2279,2279,1.8361310894438853e+18,2024-09-17,NEG,not ironic,
22944658,2280,2280,1.836131087862436e+18,2024-09-17,NEU,not ironic,
22944659,2281,2281,1.836131087833072e+18,2024-09-17,NEG,not ironic,
22944661,2283,2283,1.8361310853964188e+18,2024-09-17,POS,ironic,
22944662,2284,2284,1.8361310853961564e+18,2024-09-17,NEG,not ironic,
22944663,2285,2285,1.8361310851573064e+18,2024-09-17,POS,ironic,
22944664,2286,2286,1.8361310849770253e+18,2024-09-17,NEG,ironic,
22944665,2287,2287,1.8361310840416207e+18,2024-09-17,NEU,not ironic,
22944666,2288,2288,1.836131083961652e+18,2024-09-17,NEG,ironic,
22944667,2289,2289,1.836131083198567e+18,2024-09-17,NEU,not ironic,
22944668,2290,2290,1.8361310827833308e+18,2024-09-17,NEG,not ironic,
22944669,2291,2291,1.8361310817263657e+18,2024-09-17,NEG,not ironic,
22944670,2292,2292,1.8361310815795284e+18,2024-09-17,NEG,not ironic,
22944671,2293,2293,1.8361310808620524e+18,2024-09-17,POS,ironic,
22944672,2294,2294,1.8361310801115592e+18,2024-09-17,NEU,not ironic,
22944673,2295,2295,1.836131079998284e+18,2024-09-17,NEG,not ironic,
22944674,2296,2296,1.8361310793649723e+18,2024-09-17,POS,not ironic,
22944675,2297,2297,1.8361310784296428e+18,2024-09-17,NEG,ironic,
22944676,2298,2298,1.83613107703686e+18,2024-09-17,POS,not ironic,
22944677,2299,2299,1.8361310761686715e+18,2024-09-17,NEG,ironic,
22944678,2300,2300,1.8361310759296e+18,2024-09-17,NEG,ironic,
22944679,2301,2301,1.8361310758375631e+18,2024-09-17,NEG,ironic,
22944680,2302,2302,1.8361310755521009e+18,2024-09-17,NEG,not ironic,
22944681,2303,2303,1.836131075526972e+18,2024-09-17,NEG,ironic,
22944682,2304,2304,1.8361310754516915e+18,2024-09-17,NEU,not ironic,
22944683,2305,2305,1.836131075153892e+18,2024-09-17,NEG,not ironic,
22944684,2306,2306,1.8361310749019423e+18,2024-09-17,NEG,not ironic,
22944685,2307,2307,1.8361310748393969e+18,2024-09-17,NEG,ironic,
22944686,2308,2308,1.836131072867996e+18,2024-09-17,NEU,not ironic,
22944687,2309,2309,1.8361310717310733e+18,2024-09-17,NEG,not ironic,
22944688,2310,2310,1.8361310714793905e+18,2024-09-17,NEG,ironic,
22944689,2311,2311,1.8361310709973407e+18,2024-09-17,NEG,ironic,
22944690,2312,2312,1.8361310689335544e+18,2024-09-17,NEU,not ironic,
22944691,2313,2313,1.836131067893351e+18,2024-09-17,NEU,ironic,
22944692,2314,2314,1.836131067713213e+18,2024-09-17,NEU,not ironic,
22944693,2315,2315,1.8361310676542385e+18,2024-09-17,NEU,not ironic,
22944694,2316,2316,1.836131067343803e+18,2024-09-17,NEU,ironic,
22944695,2317,2317,1.836131067255751e+18,2024-09-17,NEU,ironic,
22944696,2318,2318,1.8361310652298816e+18,2024-09-17,POS,ironic,
22944697,2319,2319,1.836131064928207e+18,2024-09-17,NEG,ironic,
22944698,2320,2320,1.8361310643449649e+18,2024-09-17,NEG,not ironic,
22944699,2321,2321,1.8361310615391808e+18,2024-09-17,NEG,ironic,
22944700,2322,2322,1.836131060054164e+18,2024-09-17,NEG,ironic,
22944701,2323,2323,1.8361310598528328e+18,2024-09-17,NEU,not ironic,
22944702,2324,2324,1.8361310579402007e+18,2024-09-17,NEU,not ironic,
22944703,2325,2325,1.836131057780793e+18,2024-09-17,NEU,ironic,
22944704,2326,2326,1.8361310573448768e+18,2024-09-17,NEG,not ironic,
22944705,2327,2327,1.8361310560656136e+18,2024-09-17,POS,not ironic,
22944706,2328,2328,1.836131055679484e+18,2024-09-17,NEG,not ironic,
22944707,2329,2329,1.8361310552645427e+18,2024-09-17,NEG,ironic,
22944708,2330,2330,1.8361310540649272e+18,2024-09-17,NEG,ironic,
22944709,2331,2331,1.836131053565858e+18,2024-09-17,NEU,ironic,
22944710,2332,2332,1.8361310529658063e+18,2024-09-17,NEG,ironic,
22944711,2333,2333,1.8361310516823493e+18,2024-09-17,NEU,not ironic,
22944712,2334,2334,1.836131051627832e+18,2024-09-17,NEG,ironic,
22944713,2335,2335,1.836131051606836e+18,2024-09-17,NEG,not ironic,
22944714,2336,2336,1.8361310513092728e+18,2024-09-17,NEG,ironic,
22944715,2337,2337,1.836131051196068e+18,2024-09-17,NEU,not ironic,
22944716,2338,2338,1.8361310506966223e+18,2024-09-17,NEG,not ironic,
22944717,2339,2339,1.83613104987458e+18,2024-09-17,NEG,not ironic,
22944718,2340,2340,1.836131049396413e+18,2024-09-17,NEG,not ironic,
22944719,2341,2341,1.836131048805274e+18,2024-09-17,NEG,ironic,
22944720,2342,2342,1.83613104743791e+18,2024-09-17,NEG,not ironic,
22944721,2343,2343,1.836131047035036e+18,2024-09-17,NEU,not ironic,
22944722,2344,2344,1.8361310464690424e+18,2024-09-17,NEU,ironic,
22944723,2345,2345,1.83613104612096e+18,2024-09-17,NEG,not ironic,
22944724,2346,2346,1.8361310454747584e+18,2024-09-17,NEG,ironic,
22944725,2347,2347,1.836131045021827e+18,2024-09-17,NEG,not ironic,
22944726,2348,2348,1.83613104349948e+18,2024-09-17,NEU,not ironic,
22944727,2349,2349,1.836131043428176e+18,2024-09-17,NEG,not ironic,
22944728,2350,2350,1.836131043276911e+18,2024-09-17,NEG,not ironic,
22944729,2351,2351,1.8361310428575089e+18,2024-09-17,NEU,ironic,
22944730,2352,2352,1.836131042501231e+18,2024-09-17,POS,not ironic,
22944731,2353,2353,1.8361310415868764e+18,2024-09-17,NEG,ironic,
22944732,2354,2354,1.836131039321952e+18,2024-09-17,POS,ironic,
22944733,2355,2355,1.8361310380510784e+18,2024-09-17,NEG,not ironic,
22944734,2356,2356,1.836131037941842e+18,2024-09-17,NEG,not ironic,
22944735,2357,2357,1.8361310379249792e+18,2024-09-17,NEU,ironic,
22944736,2358,2358,1.8361310378959383e+18,2024-09-17,NEG,not ironic,
22944737,2359,2359,1.8361310373209828e+18,2024-09-17,NEG,ironic,
22944738,2360,2360,1.8361310364111053e+18,2024-09-17,NEU,not ironic,
22944739,2361,2361,1.8361310359162063e+18,2024-09-17,NEU,not ironic,
22944740,2362,2362,1.836131035785884e+18,2024-09-17,NEU,not ironic,
22944741,2363,2363,1.8361310340116887e+18,2024-09-17,NEU,not ironic,
22944742,2364,2364,1.8361310339867976e+18,2024-09-17,NEG,ironic,
22944743,2365,2365,1.836131032162276e+18,2024-09-17,POS,not ironic,
22944744,2366,2366,1.8361310316841208e+18,2024-09-17,NEU,not ironic,
22944745,2367,2367,1.8361310312395287e+18,2024-09-17,NEU,not ironic,
22944746,2368,2368,1.8361310311556424e+18,2024-09-17,NEU,not ironic,
22944747,2369,2369,1.8361310306607148e+18,2024-09-17,NEG,not ironic,
22944748,2370,2370,1.836131029167333e+18,2024-09-17,NEU,not ironic,
22944749,2371,2371,1.8361310282029304e+18,2024-09-17,NEG,not ironic,
22944750,2372,2372,1.836131028026417e+18,2024-09-17,NEG,not ironic,
22944751,2373,2373,1.8361310248978227e+18,2024-09-17,NEU,not ironic,
22944752,2374,2374,1.836131024499282e+18,2024-09-17,NEG,ironic,
22944753,2375,2375,1.8361310228383373e+18,2024-09-17,NEG,ironic,
22944754,2376,2376,1.8361310226915576e+18,2024-09-17,NEG,ironic,
22944755,2377,2377,1.8361310225109363e+18,2024-09-17,NEG,ironic,
22944756,2378,2378,1.8361310224438848e+18,2024-09-17,NEU,ironic,
22944757,2379,2379,1.8361310196965663e+18,2024-09-17,NEG,not ironic,
22944758,2380,2380,1.8361310193567992e+18,2024-09-17,NEG,ironic,
22944759,2381,2381,1.8361310192480136e+18,2024-09-17,NEG,not ironic,
22944760,2382,2382,1.8361310185686144e+18,2024-09-17,NEU,not ironic,
22944761,2383,2383,1.836131017847116e+18,2024-09-17,NEG,not ironic,
22944762,2384,2384,1.8361310163287447e+18,2024-09-17,NEG,ironic,
22944763,2385,2385,1.83613101583784e+18,2024-09-17,NEG,not ironic,
22944764,2386,2386,1.836131014654952e+18,2024-09-17,NEG,not ironic,
22944765,2387,2387,1.836131014499808e+18,2024-09-17,POS,ironic,
22944766,2388,2388,1.836131013417689e+18,2024-09-17,NEG,not ironic,
22944767,2389,2389,1.836131013275096e+18,2024-09-17,NEU,ironic,
22944768,2390,2390,1.8361310122771584e+18,2024-09-17,NEG,ironic,
22944769,2391,2391,1.836131012209988e+18,2024-09-17,NEG,not ironic,
22944770,2392,2392,1.8361310109639967e+18,2024-09-17,NEG,not ironic,
22944771,2393,2393,1.836131007587889e+18,2024-09-17,NEG,not ironic,
22944772,2394,2394,1.8361310067154865e+18,2024-09-17,NEG,not ironic,
22944773,2395,2395,1.836131006350234e+18,2024-09-17,NEU,not ironic,
22944774,2396,2396,1.8361310063295567e+18,2024-09-17,NEG,ironic,
22944775,2397,2397,1.8361310060567188e+18,2024-09-17,POS,not ironic,
22944776,2398,2398,1.8361310048951048e+18,2024-09-17,NEU,not ironic,
22944777,2399,2399,1.8361310023573056e+18,2024-09-17,NEU,not ironic,
22944778,2400,2400,1.8361310012250888e+18,2024-09-17,NEG,not ironic,
22944779,2401,2401,1.8361310005750047e+18,2024-09-17,POS,ironic,
22944780,2402,2402,1.836131000025236e+18,2024-09-17,NEG,not ironic,
22944781,2403,2403,1.8361309999625708e+18,2024-09-17,NEG,ironic,
22944782,2404,2404,1.8361309996519631e+18,2024-09-17,NEG,ironic,
22944783,2405,2405,1.836130999614288e+18,2024-09-17,NEU,not ironic,
22944784,2406,2406,1.8361309985488727e+18,2024-09-17,NEG,ironic,
22944785,2407,2407,1.8361309972656663e+18,2024-09-17,NEG,ironic,
22944786,2408,2408,1.836130997064328e+18,2024-09-17,NEU,not ironic,
22944787,2409,2409,1.836130996825068e+18,2024-09-17,POS,not ironic,
22944788,2410,2410,1.836130996447572e+18,2024-09-17,NEU,not ironic,
22944789,2411,2411,1.8361309953905623e+18,2024-09-17,NEU,not ironic,
22944790,2412,2412,1.836130995369804e+18,2024-09-17,POS,not ironic,
22944791,2413,2413,1.8361309949376148e+18,2024-09-17,NEG,ironic,
22944792,2414,2414,1.836130994551952e+18,2024-09-17,NEU,not ironic,
22944793,2415,2415,1.836130993083716e+18,2024-09-17,NEG,not ironic,
22944794,2416,2416,1.8361309922450844e+18,2024-09-17,NEG,ironic,
22944796,2418,2418,1.836130990210872e+18,2024-09-17,NEG,not ironic,
22944797,2419,2419,1.836130990147932e+18,2024-09-17,NEU,not ironic,
22944798,2420,2420,1.8361309893298545e+18,2024-09-17,NEG,ironic,
22944799,2421,2421,1.8361309893216463e+18,2024-09-17,NEG,not ironic,
22944800,2422,2422,1.8361309890238587e+18,2024-09-17,POS,not ironic,
22944801,2423,2423,1.836130988847416e+18,2024-09-17,NEU,ironic,
22944802,2424,2424,1.836130988063363e+18,2024-09-17,NEG,ironic,
22944803,2425,2425,1.8361309878200937e+18,2024-09-17,NEG,ironic,
22944804,2426,2426,1.8361309875724367e+18,2024-09-17,NEU,not ironic,
22944805,2427,2427,1.836130986456945e+18,2024-09-17,NEG,not ironic,
22944806,2428,2428,1.8361309857687844e+18,2024-09-17,NEU,not ironic,
22944807,2429,2429,1.8361309848211663e+18,2024-09-17,NEG,not ironic,
22944808,2430,2430,1.8361309839988493e+18,2024-09-17,NEG,ironic,
22944809,2431,2431,1.836130983327994e+18,2024-09-17,NEU,not ironic,
22944810,2432,2432,1.8361309827492577e+18,2024-09-17,NEG,not ironic,
22944811,2433,2433,1.836130980773437e+18,2024-09-17,NEU,not ironic,
22944812,2434,2434,1.8361309794398743e+18,2024-09-17,NEG,ironic,
22944813,2435,2435,1.8361309793599447e+18,2024-09-17,NEU,not ironic,
22944814,2436,2436,1.836130979234353e+18,2024-09-17,NEU,ironic,
22944815,2437,2437,1.836130978449789e+18,2024-09-17,NEU,not ironic,
22944816,2438,2438,1.8361309774095567e+18,2024-09-17,NEG,ironic,
22944817,2439,2439,1.8361309731859825e+18,2024-09-17,NEU,not ironic,
22944818,2440,2440,1.8361309730393664e+18,2024-09-17,NEU,not ironic,
22944819,2441,2441,1.836130971344868e+18,2024-09-17,NEG,not ironic,
22944820,2442,2442,1.8361309711645125e+18,2024-09-17,POS,not ironic,
22944821,2443,2443,1.8361309706190643e+18,2024-09-17,POS,not ironic,
22944822,2444,2444,1.8361309704850355e+18,2024-09-17,NEG,ironic,
22944823,2445,2445,1.8361309700275697e+18,2024-09-17,NEG,ironic,
22944824,2446,2446,1.836130969415242e+18,2024-09-17,NEG,not ironic,
22944825,2447,2447,1.8361309679727045e+18,2024-09-17,NEU,not ironic,
22944826,2448,2448,1.8361309641433088e+18,2024-09-17,NEG,not ironic,
22944827,2449,2449,1.8361309639039304e+18,2024-09-17,NEU,ironic,
22944828,2450,2450,1.8361309633966607e+18,2024-09-17,NEU,ironic,
22944829,2451,2451,1.8361309622555807e+18,2024-09-17,NEU,not ironic,
22944830,2452,2452,1.8361309616012943e+18,2024-09-17,NEG,not ironic,
22944831,2453,2453,1.836130961089504e+18,2024-09-17,NEU,not ironic,
22944832,2454,2454,1.8361309606158377e+18,2024-09-17,NEU,ironic,
22944833,2455,2455,1.8361309601835748e+18,2024-09-17,NEG,not ironic,
22944834,2456,2456,1.8361309598690511e+18,2024-09-17,NEG,ironic,
22944835,2457,2457,1.836130959290151e+18,2024-09-17,NEG,not ironic,
22944836,2458,2458,1.836130959265272e+18,2024-09-17,NEU,not ironic,
22944837,2459,2459,1.8361309585983767e+18,2024-09-17,NEG,not ironic,
22944838,2460,2460,1.8361309583884703e+18,2024-09-17,NEG,ironic,
22944839,2461,2461,1.8361309575999488e+18,2024-09-17,NEU,not ironic,
22944840,2462,2462,1.8361309545131256e+18,2024-09-17,NEU,not ironic,
22944841,2463,2463,1.8361309533261128e+18,2024-09-17,NEG,ironic,
22944842,2464,2464,1.83613095319586e+18,2024-09-17,NEG,not ironic,
22944843,2465,2465,1.8361309523991964e+18,2024-09-17,NEU,not ironic,
22944844,2466,2466,1.8361309516316137e+18,2024-09-17,NEU,ironic,
22944845,2467,2467,1.836130951237169e+18,2024-09-17,NEG,not ironic,
22944847,2469,2469,1.836130949450568e+18,2024-09-17,NEU,not ironic,
22944848,2470,2470,1.8361309493245425e+18,2024-09-17,NEU,ironic,
22944849,2471,2471,1.836130947001168e+18,2024-09-17,NEG,not ironic,
22944850,2472,2472,1.836130946824676e+18,2024-09-17,POS,not ironic,
22944851,2473,2473,1.8361309460991432e+18,2024-09-17,NEU,not ironic,
22944852,2474,2474,1.83613094351546e+18,2024-09-17,NEU,not ironic,
22944853,2475,2475,1.8361309429911227e+18,2024-09-17,NEG,not ironic,
22944854,2476,2476,1.8361309423619607e+18,2024-09-17,NEG,ironic,
22944855,2477,2477,1.8361309414185083e+18,2024-09-17,NEU,ironic,
22944856,2478,2478,1.8361309404831785e+18,2024-09-17,NEG,not ironic,
22944857,2479,2479,1.836130939610576e+18,2024-09-17,NEU,not ironic,
22944858,2480,2480,1.8361309389606464e+18,2024-09-17,NEG,not ironic,
22944859,2481,2481,1.8361309376308065e+18,2024-09-17,NEG,ironic,
22944860,2482,2482,1.836130937450472e+18,2024-09-17,NEG,ironic,
22944861,2483,2483,1.8361309371109583e+18,2024-09-17,NEG,ironic,
22944862,2484,2484,1.836130937030984e+18,2024-09-17,NEU,not ironic,
22944863,2485,2485,1.8361309364105096e+18,2024-09-17,NEU,ironic,
22944864,2486,2486,1.8361309362301545e+18,2024-09-17,NEG,not ironic,
22944865,2487,2487,1.8361309361714345e+18,2024-09-17,NEU,not ironic,
22944866,2488,2488,1.8361309342838088e+18,2024-09-17,NEG,not ironic,
22944867,2489,2489,1.8361309325601385e+18,2024-09-17,POS,ironic,
22944869,2491,2491,1.8361309306850632e+18,2024-09-17,POS,ironic,
22944870,2492,2492,1.8361309304040527e+18,2024-09-17,NEU,ironic,
22944871,2493,2493,1.836130928651092e+18,2024-09-17,POS,not ironic,
22944872,2494,2494,1.8361309284958577e+18,2024-09-17,NEG,not ironic,
22944873,2495,2495,1.836130928088793e+18,2024-09-17,NEU,ironic,
22944874,2496,2496,1.8361309272457628e+18,2024-09-17,NEG,not ironic,
22944875,2497,2497,1.8361309264235727e+18,2024-09-17,POS,not ironic,
22944876,2498,2498,1.8361309262725985e+18,2024-09-17,POS,not ironic,
22944877,2499,2499,1.836130923882148e+18,2024-09-17,NEG,ironic,
22944878,2500,2500,1.836130922975933e+18,2024-09-17,NEU,ironic,
22944879,2501,2501,1.8361309228542364e+18,2024-09-17,POS,ironic,
22944880,2502,2502,1.8361309209880527e+18,2024-09-17,NEU,not ironic,
22944881,2503,2503,1.8361309208452265e+18,2024-09-17,NEU,not ironic,
22944882,2504,2504,1.8361309199140905e+18,2024-09-17,NEG,ironic,
22944883,2505,2505,1.8361309198679e+18,2024-09-17,NEU,ironic,
22944884,2506,2506,1.8361309189622863e+18,2024-09-17,POS,ironic,
22944885,2507,2507,1.8361309185257843e+18,2024-09-17,POS,not ironic,
22944886,2508,2508,1.8361309184756657e+18,2024-09-17,NEU,not ironic,
22944887,2509,2509,1.836130916877636e+18,2024-09-17,NEG,not ironic,
22944888,2510,2510,1.8361309155771315e+18,2024-09-17,NEU,ironic,
22944889,2511,2511,1.8361309152374377e+18,2024-09-17,NEU,not ironic,
22944890,2512,2512,1.83613091506158e+18,2024-09-17,NEU,not ironic,
22944891,2513,2513,1.836130914755032e+18,2024-09-17,NEG,ironic,
22944892,2514,2514,1.836130914264376e+18,2024-09-17,NEG,not ironic,
22944893,2515,2515,1.836130914222641e+18,2024-09-17,NEG,not ironic,
22944894,2516,2516,1.8361309135221924e+18,2024-09-17,NEG,ironic,
22944895,2517,2517,1.8361309118864136e+18,2024-09-17,NEU,not ironic,
22944896,2518,2518,1.8361309104142136e+18,2024-09-17,NEU,ironic,
22944897,2519,2519,1.83613091028392e+18,2024-09-17,POS,ironic,
22944898,2520,2520,1.8361309090423808e+18,2024-09-17,NEG,ironic,
22944899,2521,2521,1.8361309087994063e+18,2024-09-17,NEG,not ironic,
22944900,2522,2522,1.8361309076415816e+18,2024-09-17,NEG,ironic,
22944901,2523,2523,1.8361309075114929e+18,2024-09-17,NEG,ironic,
22944902,2524,2524,1.836130906823652e+18,2024-09-17,NEU,ironic,
22944903,2525,2525,1.836130906609746e+18,2024-09-17,NEU,ironic,
22944904,2526,2526,1.8361309065973967e+18,2024-09-17,NEU,ironic,
22944905,2527,2527,1.836130902998684e+18,2024-09-17,NEU,not ironic,
22944906,2528,2528,1.8361309015474545e+18,2024-09-17,POS,ironic,
22944907,2529,2529,1.8361309001588943e+18,2024-09-17,NEG,ironic,
22944908,2530,2530,1.8361308993032888e+18,2024-09-17,NEG,not ironic,
22944909,2531,2531,1.8361308990015567e+18,2024-09-17,POS,not ironic,
22944910,2532,2532,1.8361308974873684e+18,2024-09-17,NEU,not ironic,
22944911,2533,2533,1.836130895557689e+18,2024-09-17,NEU,ironic,
22944912,2534,2534,1.8361308939893192e+18,2024-09-17,NEG,not ironic,
22944913,2535,2535,1.83613089314603e+18,2024-09-17,NEU,not ironic,
22944914,2536,2536,1.8361308918415808e+18,2024-09-17,NEG,not ironic,
22944915,2537,2537,1.836130891472753e+18,2024-09-17,POS,not ironic,
22944916,2538,2538,1.836130891221078e+18,2024-09-17,NEU,not ironic,
22944917,2539,2539,1.836130890994365e+18,2024-09-17,NEG,ironic,
22944918,2540,2540,1.836130890054776e+18,2024-09-17,NEG,not ironic,
22944919,2541,2541,1.8361308888639409e+18,2024-09-17,NEG,ironic,
22944920,2542,2542,1.836130888440259e+18,2024-09-17,NEG,ironic,
22944921,2543,2543,1.836130887366255e+18,2024-09-17,POS,not ironic,
22944922,2544,2544,1.8361308865612063e+18,2024-09-17,NEG,ironic,
22944923,2545,2545,1.8361308854077727e+18,2024-09-17,NEG,not ironic,
22944924,2546,2546,1.8361308843088937e+18,2024-09-17,NEG,ironic,
22944925,2547,2547,1.8361308836166129e+18,2024-09-17,NEU,not ironic,
22944927,2549,2549,1.8361308828493128e+18,2024-09-17,POS,not ironic,
22944928,2550,2550,1.836130882056524e+18,2024-09-17,POS,ironic,
22944929,2551,2551,1.836130882002052e+18,2024-09-17,NEG,not ironic,
22944930,2552,2552,1.836130881594868e+18,2024-09-17,NEG,not ironic,
22944931,2553,2553,1.8361308799384008e+18,2024-09-17,NEG,ironic,
22944932,2554,2554,1.8361308798458555e+18,2024-09-17,NEG,not ironic,
22944933,2555,2555,1.8361308792715064e+18,2024-09-17,NEU,ironic,
22944934,2556,2556,1.836130877199332e+18,2024-09-17,NEU,not ironic,
22944935,2557,2557,1.836130876129944e+18,2024-09-17,NEU,not ironic,
22944936,2558,2558,1.8361308759704087e+18,2024-09-17,NEU,not ironic,
22944937,2559,2559,1.8361308756976763e+18,2024-09-17,NEG,not ironic,
22944938,2560,2560,1.836130873290228e+18,2024-09-17,POS,not ironic,
22944939,2561,2561,1.836130872736551e+18,2024-09-17,NEG,ironic,
22944940,2562,2562,1.836130872720024e+18,2024-09-17,POS,not ironic,
22944941,2563,2563,1.8361308722167644e+18,2024-09-17,NEG,not ironic,
22944942,2564,2564,1.8361308716588444e+18,2024-09-17,NEU,not ironic,
22944943,2565,2565,1.8361308709875592e+18,2024-09-17,NEG,ironic,
22944944,2566,2566,1.8361308701192604e+18,2024-09-17,NEG,ironic,
22944945,2567,2567,1.836130870102786e+18,2024-09-17,NEU,ironic,
22944946,2568,2568,1.836130870068965e+18,2024-09-17,NEG,not ironic,
22944947,2569,2569,1.8361308697333804e+18,2024-09-17,POS,not ironic,
22944948,2570,2570,1.83613086689808e+18,2024-09-17,NEG,not ironic,
22944949,2571,2571,1.8361308660173043e+18,2024-09-17,NEG,not ironic,
22944950,2572,2572,1.8361308658913976e+18,2024-09-17,NEG,ironic,
22944951,2573,2573,1.8361308658246124e+18,2024-09-17,NEU,not ironic,
22944952,2574,2574,1.8361308639495327e+18,2024-09-17,NEG,ironic,
22944953,2575,2575,1.83613086325346e+18,2024-09-17,NEG,not ironic,
22944954,2576,2576,1.836130862900904e+18,2024-09-17,NEG,ironic,
22944955,2577,2577,1.8361308606781563e+18,2024-09-17,NEG,not ironic,
22944956,2578,2578,1.8361308589962404e+18,2024-09-17,NEU,not ironic,
22944958,2580,2580,1.8361308554814136e+18,2024-09-17,NEG,not ironic,
22944959,2581,2581,1.836130855455998e+18,2024-09-17,NEG,ironic,
22944960,2582,2582,1.8361308543654287e+18,2024-09-17,NEG,not ironic,
22944961,2583,2583,1.8361308533675167e+18,2024-09-17,NEG,ironic,
22944962,2584,2584,1.836130852813608e+18,2024-09-17,NEU,ironic,
22944963,2585,2585,1.836130852436349e+18,2024-09-17,NEU,not ironic,
22944964,2586,2586,1.8361308505782725e+18,2024-09-17,NEG,ironic,
22944965,2587,2587,1.8361308487492977e+18,2024-09-17,NEG,not ironic,
22944966,2588,2588,1.836130846073336e+18,2024-09-17,POS,ironic,
22944967,2589,2589,1.8361308457296568e+18,2024-09-17,NEG,not ironic,
22944968,2590,2590,1.836130843645088e+18,2024-09-17,NEG,not ironic,
22944969,2591,2591,1.8361308416987423e+18,2024-09-17,NEG,not ironic,
22944970,2592,2592,1.836130841409233e+18,2024-09-17,NEU,not ironic,
22944971,2593,2593,1.8361308407887672e+18,2024-09-17,NEU,not ironic,
22944972,2594,2594,1.836130840373236e+18,2024-09-17,NEU,not ironic,
22944973,2595,2595,1.8361308384984804e+18,2024-09-17,NEU,ironic,
22944974,2596,2596,1.836130837470864e+18,2024-09-17,NEU,not ironic,
22944975,2597,2597,1.8361308373785848e+18,2024-09-17,NEU,not ironic,
22944976,2598,2598,1.8361308366741545e+18,2024-09-17,NEU,not ironic,
22944977,2599,2599,1.836130834853593e+18,2024-09-17,NEU,not ironic,
22944978,2600,2600,1.83613083445928e+18,2024-09-17,NEU,not ironic,
22944979,2601,2601,1.8361308342330696e+18,2024-09-17,NEG,not ironic,
22944980,2602,2602,1.8361308340736865e+18,2024-09-17,POS,not ironic,
22944981,2603,2603,1.8361308322701765e+18,2024-09-17,NEU,not ironic,
22944982,2604,2604,1.8361308320981688e+18,2024-09-17,NEG,ironic,
22944983,2605,2605,1.8361308320978696e+18,2024-09-17,NEU,not ironic,
22944984,2606,2606,1.8361308314941727e+18,2024-09-17,POS,not ironic,
22944985,2607,2607,1.836130831154246e+18,2024-09-17,NEG,not ironic,
22944986,2608,2608,1.8361308296694497e+18,2024-09-17,NEG,ironic,
22944987,2609,2609,1.8361308289356352e+18,2024-09-17,NEG,ironic,
22944988,2610,2610,1.8361308278451448e+18,2024-09-17,NEG,not ironic,
22944989,2611,2611,1.8361308265071616e+18,2024-09-17,NEG,not ironic,
22944990,2612,2612,1.83613082579805e+18,2024-09-17,NEU,not ironic,
22944991,2613,2613,1.8361308253285624e+18,2024-09-17,NEG,ironic,
22944992,2614,2614,1.8361308245022848e+18,2024-09-17,NEU,ironic,
22944993,2615,2615,1.8361308244097807e+18,2024-09-17,NEU,ironic,
22944994,2616,2616,1.8361308239106296e+18,2024-09-17,NEU,not ironic,
22944995,2617,2617,1.8361308231685696e+18,2024-09-17,NEG,not ironic,
22944996,2618,2618,1.8361308221993288e+18,2024-09-17,POS,ironic,
22944997,2619,2619,1.8361308221699927e+18,2024-09-17,NEG,not ironic,
22944998,2620,2620,1.8361308209453263e+18,2024-09-17,NEG,not ironic,
22944999,2621,2621,1.8361308205428567e+18,2024-09-17,NEG,ironic,
22945000,2622,2622,1.8361308202408635e+18,2024-09-17,NEG,not ironic,
22945001,2623,2623,1.836130818810368e+18,2024-09-17,POS,ironic,
22945002,2624,2624,1.8361308186761137e+18,2024-09-17,NEG,ironic,
22945003,2625,2625,1.8361308163861056e+18,2024-09-17,NEU,ironic,
22945004,2626,2626,1.836130815916544e+18,2024-09-17,NEG,not ironic,
22945005,2627,2627,1.836130814641444e+18,2024-09-17,NEG,ironic,
22945006,2628,2628,1.8361308141717133e+18,2024-09-17,NEG,ironic,
22945007,2629,2629,1.8361308128337395e+18,2024-09-17,NEG,ironic,
22945008,2630,2630,1.836130812682736e+18,2024-09-17,NEG,not ironic,
22945009,2631,2631,1.8361308124686129e+18,2024-09-17,NEU,not ironic,
22945010,2632,2632,1.8361308118856297e+18,2024-09-17,NEG,not ironic,
22945011,2633,2633,1.836130810719613e+18,2024-09-17,NEU,not ironic,
22945012,2634,2634,1.836130810719564e+18,2024-09-17,POS,not ironic,
22945013,2635,2635,1.8361308082367736e+18,2024-09-17,NEG,not ironic,
22945014,2636,2636,1.836130807318299e+18,2024-09-17,NEG,ironic,
22945015,2637,2637,1.8361308072888607e+18,2024-09-17,NEU,not ironic,
22945016,2638,2638,1.8361308072760689e+18,2024-09-17,POS,ironic,
22945017,2639,2639,1.8361308070875343e+18,2024-09-17,NEU,not ironic,
22945018,2640,2640,1.8361308070497856e+18,2024-09-17,POS,ironic,
22945019,2641,2641,1.8361308069950592e+18,2024-09-17,NEG,ironic,
22945020,2642,2642,1.8361308067685868e+18,2024-09-17,NEG,not ironic,
22945022,2644,2644,1.836130804503844e+18,2024-09-17,POS,not ironic,
22945023,2645,2645,1.8361308040757647e+18,2024-09-17,NEU,ironic,
22945024,2646,2646,1.8361308004058235e+18,2024-09-17,NEU,ironic,
22945025,2647,2647,1.836130799927616e+18,2024-09-17,POS,ironic,
22945026,2648,2648,1.8361307995165207e+18,2024-09-17,NEU,not ironic,
22945027,2649,2649,1.836130799374201e+18,2024-09-17,NEU,not ironic,
22945028,2650,2650,1.8361307978892247e+18,2024-09-17,NEU,not ironic,
22945029,2651,2651,1.8361307974151992e+18,2024-09-17,NEG,not ironic,
22945030,2652,2652,1.8361307972016008e+18,2024-09-17,NEG,ironic,
22945031,2653,2653,1.836130796102652e+18,2024-09-17,NEG,ironic,
22945032,2654,2654,1.836130795779392e+18,2024-09-17,NEG,not ironic,
22945033,2655,2655,1.83613079577102e+18,2024-09-17,POS,not ironic,
22945034,2656,2656,1.8361307951796145e+18,2024-09-17,POS,not ironic,
22945035,2657,2657,1.8361307929527296e+18,2024-09-17,NEG,not ironic,
22945036,2658,2658,1.836130792608572e+18,2024-09-17,NEU,not ironic,
22945037,2659,2659,1.836130792340157e+18,2024-09-17,NEU,not ironic,
22945038,2660,2660,1.8361307916483013e+18,2024-09-17,NEG,not ironic,
22945040,2662,2662,1.836130790503072e+18,2024-09-17,NEG,not ironic,
22945041,2663,2663,1.83613078741212e+18,2024-09-17,NEG,ironic,
22945042,2664,2664,1.83613078643898e+18,2024-09-17,NEU,not ironic,
22945043,2665,2665,1.8361307818711368e+18,2024-09-17,NEU,ironic,
22945044,2666,2666,1.836130780126548e+18,2024-09-17,NEG,not ironic,
22945045,2667,2667,1.8361307800048927e+18,2024-09-17,NEG,not ironic,
22945046,2668,2668,1.83613077698082e+18,2024-09-17,NEU,not ironic,
22945047,2669,2669,1.836130776888284e+18,2024-09-17,NEU,not ironic,
22945048,2670,2670,1.8361307766450304e+18,2024-09-17,NEU,not ironic,
22945049,2671,2671,1.836130775923626e+18,2024-09-17,NEU,not ironic,
22945050,2672,2672,1.836130775068217e+18,2024-09-17,POS,not ironic,
22945051,2673,2673,1.8361307742584507e+18,2024-09-17,NEU,not ironic,
22945052,2674,2674,1.8361307731094776e+18,2024-09-17,NEU,not ironic,
22945053,2675,2675,1.8361307687893445e+18,2024-09-17,NEG,not ironic,
22945054,2676,2676,1.8361307675392453e+18,2024-09-17,NEU,not ironic,
22945055,2677,2677,1.836130766121768e+18,2024-09-17,NEG,ironic,
22945056,2678,2678,1.8361307652116032e+18,2024-09-17,NEU,not ironic,
22945057,2679,2679,1.8361307648299213e+18,2024-09-17,NEG,not ironic,
22945058,2680,2680,1.8361307647879785e+18,2024-09-17,POS,not ironic,
22945059,2681,2681,1.8361307641252785e+18,2024-09-17,POS,ironic,
22945060,2682,2682,1.836130761994322e+18,2024-09-17,NEU,not ironic,
22945061,2683,2683,1.8361307619694065e+18,2024-09-17,NEU,not ironic,
22945062,2684,2684,1.836130760505328e+18,2024-09-17,NEG,not ironic,
22945063,2685,2685,1.836130759813252e+18,2024-09-17,NEU,ironic,
22945064,2686,2686,1.8361307594064689e+18,2024-09-17,NEG,ironic,
22945065,2687,2687,1.8361307590918267e+18,2024-09-17,NEG,not ironic,
22945066,2688,2688,1.836130758735332e+18,2024-09-17,NEG,not ironic,
22945067,2689,2689,1.8361307572422208e+18,2024-09-17,NEG,ironic,
22945068,2690,2690,1.836130756625863e+18,2024-09-17,NEG,ironic,
22945069,2691,2691,1.83613075647466e+18,2024-09-17,POS,ironic,
22945070,2692,2692,1.836130756084516e+18,2024-09-17,POS,not ironic,
22945071,2693,2693,1.836130755690328e+18,2024-09-17,NEG,ironic,
22945072,2694,2694,1.836130754784564e+18,2024-09-17,NEU,not ironic,
22945073,2695,2695,1.8361307545368407e+18,2024-09-17,NEU,not ironic,
22945074,2696,2696,1.8361307541050865e+18,2024-09-17,NEU,ironic,
22945075,2697,2697,1.8361307531529787e+18,2024-09-17,NEG,not ironic,
22945076,2698,2698,1.8361307524357368e+18,2024-09-17,POS,not ironic,
22945077,2699,2699,1.8361307523810388e+18,2024-09-17,NEU,not ironic,
22945078,2700,2700,1.836130751626216e+18,2024-09-17,NEU,ironic,
22945079,2701,2701,1.8361307501624773e+18,2024-09-17,NEG,not ironic,
22945080,2702,2702,1.8361307488326003e+18,2024-09-17,NEU,not ironic,
22945081,2703,2703,1.8361307487112115e+18,2024-09-17,POS,not ironic,
22945082,2704,2704,1.8361307477716872e+18,2024-09-17,NEG,ironic,
22945083,2705,2705,1.8361307473606449e+18,2024-09-17,NEG,not ironic,
22945085,2707,2707,1.836130745968124e+18,2024-09-17,NEG,not ironic,
22945086,2708,2708,1.8361307455275505e+18,2024-09-17,NEG,ironic,
22945087,2709,2709,1.83613074468468e+18,2024-09-17,NEG,not ironic,
22945088,2710,2710,1.8361307418073871e+18,2024-09-17,NEG,ironic,
22945089,2711,2711,1.8361307402132564e+18,2024-09-17,POS,ironic,
22945090,2712,2712,1.836130739173352e+18,2024-09-17,NEG,ironic,
22945091,2713,2713,1.836130738590172e+18,2024-09-17,NEG,not ironic,
22945092,2714,2714,1.8361307384058063e+18,2024-09-17,POS,not ironic,
22945093,2715,2715,1.8361307379273564e+18,2024-09-17,NEG,not ironic,
22945094,2716,2716,1.8361307376757432e+18,2024-09-17,NEG,ironic,
22945095,2717,2717,1.8361307369837363e+18,2024-09-17,NEG,ironic,
22945096,2718,2718,1.8361307364513423e+18,2024-09-17,NEG,not ironic,
22945097,2719,2719,1.836130734777733e+18,2024-09-17,NEG,ironic,
22945098,2720,2720,1.836130732714193e+18,2024-09-17,NEG,ironic,
22945099,2721,2721,1.8361307282594944e+18,2024-09-17,NEU,not ironic,
22945100,2722,2722,1.8361307280207465e+18,2024-09-17,NEG,not ironic,
22945101,2723,2723,1.836130726145856e+18,2024-09-17,POS,not ironic,
22945102,2724,2724,1.8361307257261304e+18,2024-09-17,NEG,not ironic,
22945103,2725,2725,1.8361307256381115e+18,2024-09-17,POS,not ironic,
22945104,2726,2726,1.83613072543674e+18,2024-09-17,NEU,not ironic,
22945105,2727,2727,1.8361307240484577e+18,2024-09-17,POS,not ironic,
22945106,2728,2728,1.8361307233480049e+18,2024-09-17,NEG,not ironic,
22945107,2729,2729,1.836130721401828e+18,2024-09-17,NEU,not ironic,
22945108,2730,2730,1.836130720487485e+18,2024-09-17,NEU,not ironic,
22945109,2731,2731,1.836130720189944e+18,2024-09-17,NEG,not ironic,
22945110,2732,2732,1.8361307198793324e+18,2024-09-17,NEG,ironic,
22945111,2733,2733,1.836130717182415e+18,2024-09-17,NEU,not ironic,
22945112,2734,2734,1.8361307168258327e+18,2024-09-17,NEG,not ironic,
22945113,2735,2735,1.836130716209296e+18,2024-09-17,NEG,not ironic,
22945114,2736,2736,1.836130715588559e+18,2024-09-17,NEU,not ironic,
22945115,2737,2737,1.8361307153580808e+18,2024-09-17,NEU,not ironic,
22945116,2738,2738,1.8361307146029463e+18,2024-09-17,NEG,ironic,
22945117,2739,2739,1.8361307142088463e+18,2024-09-17,NEG,ironic,
22945118,2740,2740,1.8361307137891904e+18,2024-09-17,NEG,ironic,
22945119,2741,2741,1.8361307132358044e+18,2024-09-17,NEG,ironic,
22945120,2742,2742,1.8361307124221207e+18,2024-09-17,NEG,not ironic,
22945121,2743,2743,1.836130712153384e+18,2024-09-17,NEG,not ironic,
22945122,2744,2744,1.836130711218328e+18,2024-09-17,NEG,not ironic,
22945123,2745,2745,1.8361307110170007e+18,2024-09-17,NEG,ironic,
22945124,2746,2746,1.836130710954087e+18,2024-09-17,NEG,ironic,
22945125,2747,2747,1.836130710853424e+18,2024-09-17,NEU,ironic,
22945126,2748,2748,1.8361307103123584e+18,2024-09-17,NEU,not ironic,
22945127,2749,2749,1.83613071030791e+18,2024-09-17,NEG,not ironic,
22945128,2750,2750,1.8361307087308145e+18,2024-09-17,NEU,not ironic,
22945129,2751,2751,1.836130707954946e+18,2024-09-17,NEG,not ironic,
22945130,2752,2752,1.8361307069189407e+18,2024-09-17,NEU,not ironic,
22945131,2753,2753,1.836130705211806e+18,2024-09-17,NEU,not ironic,
22945132,2754,2754,1.8361307051197937e+18,2024-09-17,NEU,not ironic,
22945133,2755,2755,1.8361307036643863e+18,2024-09-17,NEG,not ironic,
22945134,2756,2756,1.836130702758236e+18,2024-09-17,NEU,not ironic,
22945135,2757,2757,1.836130700988408e+18,2024-09-17,NEU,not ironic,
22945136,2758,2758,1.8361307004806103e+18,2024-09-17,NEG,not ironic,
22945137,2759,2759,1.8361307003592704e+18,2024-09-17,NEG,ironic,
22945138,2760,2760,1.836130700011172e+18,2024-09-17,NEG,not ironic,
22945139,2761,2761,1.83613069778824e+18,2024-09-17,NEG,not ironic,
22945140,2762,2762,1.8361306969618885e+18,2024-09-17,NEG,not ironic,
22945141,2763,2763,1.836130695338484e+18,2024-09-17,NEG,ironic,
22945142,2764,2764,1.8361306950534804e+18,2024-09-17,POS,ironic,
22945143,2765,2765,1.836130694562792e+18,2024-09-17,NEG,not ironic,
22945144,2766,2766,1.8361306943863155e+18,2024-09-17,NEG,not ironic,
22945145,2767,2767,1.836130692142449e+18,2024-09-17,NEG,ironic,
22945146,2768,2768,1.8361306870381847e+18,2024-09-17,NEG,ironic,
22945147,2769,2769,1.836130686501294e+18,2024-09-17,NEU,not ironic,
22945148,2770,2770,1.8361306857460529e+18,2024-09-17,NEU,not ironic,
22945149,2771,2771,1.83613068508362e+18,2024-09-17,NEG,not ironic,
22945150,2772,2772,1.83613068402645e+18,2024-09-17,NEG,not ironic,
22945151,2773,2773,1.8361306837915323e+18,2024-09-17,NEG,not ironic,
22945152,2774,2774,1.8361306832549847e+18,2024-09-17,NEU,ironic,
22945153,2775,2775,1.836130681963057e+18,2024-09-17,NEU,not ironic,
22945154,2776,2776,1.836130681518461e+18,2024-09-17,NEG,not ironic,
22945155,2777,2777,1.836130681027728e+18,2024-09-17,POS,not ironic,
22945156,2778,2778,1.8361306786954e+18,2024-09-17,NEU,ironic,
22945157,2779,2779,1.8361306781672945e+18,2024-09-17,NEG,not ironic,
22945159,2781,2781,1.8361306744468644e+18,2024-09-17,NEG,not ironic,
22945160,2782,2782,1.8361306740103905e+18,2024-09-17,NEG,ironic,
22945161,2783,2783,1.8361306733563456e+18,2024-09-17,NEG,ironic,
22945162,2784,2784,1.8361306729830528e+18,2024-09-17,NEG,not ironic,
22945163,2785,2785,1.836130672831812e+18,2024-09-17,NEG,not ironic,
22945164,2786,2786,1.8361306716532204e+18,2024-09-17,POS,ironic,
22945165,2787,2787,1.836130670017446e+18,2024-09-17,NEG,not ironic,
22945166,2788,2788,1.836130669887636e+18,2024-09-17,NEU,not ironic,
22945167,2789,2789,1.8361306685203784e+18,2024-09-17,NEU,not ironic,
22945168,2790,2790,1.836130668020986e+18,2024-09-17,NEU,ironic,
22945169,2791,2791,1.836130667387609e+18,2024-09-17,NEG,ironic,
22945170,2792,2792,1.836130666850767e+18,2024-09-17,NEG,ironic,
22945171,2793,2793,1.8361306664396928e+18,2024-09-17,NEG,ironic,
22945172,2794,2794,1.836130664787464e+18,2024-09-17,POS,not ironic,
22945173,2795,2795,1.836130661134144e+18,2024-09-17,NEG,not ironic,
22945174,2796,2796,1.836130660471206e+18,2024-09-17,NEU,ironic,
22945175,2797,2797,1.836130660211192e+18,2024-09-17,NEU,ironic,
22945176,2798,2798,1.836130660207244e+18,2024-09-17,NEG,ironic,
22945177,2799,2799,1.8361306601610893e+18,2024-09-17,NEU,ironic,
22945178,2800,2800,1.836130658139214e+18,2024-09-17,POS,not ironic,
22945179,2801,2801,1.8361306580427123e+18,2024-09-17,NEG,not ironic,
22945180,2802,2802,1.836130657522848e+18,2024-09-17,NEG,not ironic,
22945181,2803,2803,1.8361306563398536e+18,2024-09-17,NEG,ironic,
22945182,2804,2804,1.8361306546371663e+18,2024-09-17,NEG,ironic,
22945183,2805,2805,1.8361306502079857e+18,2024-09-17,NEU,not ironic,
22945184,2806,2806,1.8361306500402263e+18,2024-09-17,NEU,not ironic,
22945186,2808,2808,1.836130647837979e+18,2024-09-17,NEG,not ironic,
22945187,2809,2809,1.836130647506584e+18,2024-09-17,NEG,not ironic,
22945188,2810,2810,1.8361306473181064e+18,2024-09-17,NEU,not ironic,
22945189,2811,2811,1.83613064608503e+18,2024-09-17,NEG,not ironic,
22945190,2812,2812,1.8361306448264727e+18,2024-09-17,POS,not ironic,
22945191,2813,2813,1.8361306445537976e+18,2024-09-17,NEU,not ironic,
22945192,2814,2814,1.8361306441637967e+18,2024-09-17,NEU,not ironic,
22945193,2815,2815,1.8361306415045512e+18,2024-09-17,NEG,ironic,
22945194,2816,2816,1.8361306412531428e+18,2024-09-17,NEG,not ironic,
22945195,2817,2817,1.8361306412447544e+18,2024-09-17,NEG,not ironic,
22945196,2818,2818,1.8361306408208548e+18,2024-09-17,NEU,not ironic,
22945197,2819,2819,1.836130639927792e+18,2024-09-17,NEU,not ironic,
22945198,2820,2820,1.8361306393950577e+18,2024-09-17,NEG,ironic,
22945199,2821,2821,1.836130638677615e+18,2024-09-17,NEU,ironic,
22945200,2822,2822,1.836130636593272e+18,2024-09-17,NEG,not ironic,
22945201,2823,2823,1.836130636119089e+18,2024-09-17,NEU,not ironic,
22945203,2825,2825,1.8361306351375608e+18,2024-09-17,NEU,not ironic,
22945204,2826,2826,1.8361306350537e+18,2024-09-17,NEU,ironic,
22945205,2827,2827,1.8361306345630103e+18,2024-09-17,NEG,not ironic,
22945206,2828,2828,1.8361306327471104e+18,2024-09-17,NEG,not ironic,
22945207,2829,2829,1.8361306323986888e+18,2024-09-17,NEG,ironic,
22945208,2830,2830,1.836130630524113e+18,2024-09-17,NEG,ironic,
22945209,2831,2831,1.836130628078916e+18,2024-09-17,NEG,not ironic,
22945210,2832,2832,1.8361306277765489e+18,2024-09-17,NEG,not ironic,
22945211,2833,2833,1.836130627390993e+18,2024-09-17,NEG,ironic,
22945212,2834,2834,1.8361306266066327e+18,2024-09-17,NEG,ironic,
22945213,2835,2835,1.8361306265098647e+18,2024-09-17,NEG,ironic,
22945214,2836,2836,1.8361306247779164e+18,2024-09-17,NEG,ironic,
22945215,2837,2837,1.836130623993308e+18,2024-09-17,NEG,ironic,
22945216,2838,2838,1.8361306231296087e+18,2024-09-17,NEU,not ironic,
22945217,2839,2839,1.836130622894674e+18,2024-09-17,NEG,ironic,
22945218,2840,2840,1.8361306224920207e+18,2024-09-17,NEG,ironic,
22945219,2841,2841,1.8361306223576064e+18,2024-09-17,NEG,ironic,
22945220,2842,2842,1.8361306217955727e+18,2024-09-17,NEG,ironic,
22945221,2843,2843,1.8361306216781128e+18,2024-09-17,POS,ironic,
22945222,2844,2844,1.8361306206421448e+18,2024-09-17,NEG,not ironic,
22945223,2845,2845,1.836130619174064e+18,2024-09-17,NEG,not ironic,
22945224,2846,2846,1.836130618507432e+18,2024-09-17,NEG,not ironic,
22945225,2847,2847,1.8361306179873385e+18,2024-09-17,POS,not ironic,
22945226,2848,2848,1.8361306176015444e+18,2024-09-17,NEU,not ironic,
22945227,2849,2849,1.8361306168297024e+18,2024-09-17,NEG,ironic,
22945228,2850,2850,1.836130616003224e+18,2024-09-17,NEG,ironic,
22945229,2851,2851,1.8361306156930867e+18,2024-09-17,NEG,ironic,
22945230,2852,2852,1.8361306156930545e+18,2024-09-17,NEG,ironic,
22945231,2853,2853,1.8361306153198103e+18,2024-09-17,POS,ironic,
22945232,2854,2854,1.8361306152190976e+18,2024-09-17,NEU,ironic,
22945233,2855,2855,1.836130615093068e+18,2024-09-17,NEG,not ironic,
22945234,2856,2856,1.8361306149884928e+18,2024-09-17,NEU,not ironic,
22945235,2857,2857,1.836130613725745e+18,2024-09-17,NEG,not ironic,
22945236,2858,2858,1.836130612304028e+18,2024-09-17,NEU,not ironic,
22945237,2859,2859,1.83613061228728e+18,2024-09-17,NEG,ironic,
22945238,2860,2860,1.8361306120607872e+18,2024-09-17,NEU,not ironic,
22945239,2861,2861,1.8361306119808737e+18,2024-09-17,NEU,not ironic,
22945240,2862,2862,1.8361306108232668e+18,2024-09-17,NEU,not ironic,
22945241,2863,2863,1.8361306084033536e+18,2024-09-17,NEG,ironic,
22945242,2864,2864,1.8361306083278564e+18,2024-09-17,NEG,ironic,
22945243,2865,2865,1.836130605282792e+18,2024-09-17,NEG,ironic,
22945244,2866,2866,1.836130604217172e+18,2024-09-17,NEG,ironic,
22945245,2867,2867,1.8361306038735053e+18,2024-09-17,NEU,ironic,
22945246,2868,2868,1.8361306033070607e+18,2024-09-17,NEG,ironic,
22945247,2869,2869,1.8361306024390533e+18,2024-09-17,NEG,ironic,
22945248,2870,2870,1.836130602401272e+18,2024-09-17,NEG,ironic,
22945249,2871,2871,1.836130602271089e+18,2024-09-17,NEG,not ironic,
22945250,2872,2872,1.8361306000396567e+18,2024-09-17,NEU,not ironic,
22945251,2873,2873,1.8361305985842668e+18,2024-09-17,NEG,ironic,
22945252,2874,2874,1.8361305963027868e+18,2024-09-17,NEU,not ironic,
22945253,2875,2875,1.836130594633159e+18,2024-09-17,POS,not ironic,
22945254,2876,2876,1.8361305931025285e+18,2024-09-17,NEG,ironic,
22945255,2877,2877,1.8361305927919373e+18,2024-09-17,NEU,ironic,
22945256,2878,2878,1.836130590770279e+18,2024-09-17,NEG,not ironic,
22945257,2879,2879,1.836130589587412e+18,2024-09-17,NEG,ironic,
22945258,2880,2880,1.8361305883419976e+18,2024-09-17,NEG,not ironic,
22945259,2881,2881,1.8361305881403845e+18,2024-09-17,NEG,ironic,
22945260,2882,2882,1.836130587343528e+18,2024-09-17,NEG,not ironic,
22945261,2883,2883,1.8361305845797071e+18,2024-09-17,NEG,ironic,
22945262,2884,2884,1.8361305838415096e+18,2024-09-17,NEG,not ironic,
22945263,2885,2885,1.8361305833927764e+18,2024-09-17,NEG,not ironic,
22945264,2886,2886,1.836130581324923e+18,2024-09-17,NEG,not ironic,
22945265,2887,2887,1.8361305811991224e+18,2024-09-17,NEU,not ironic,
22945266,2888,2888,1.8361305810645847e+18,2024-09-17,NEU,not ironic,
22945267,2889,2889,1.8361305802887496e+18,2024-09-17,NEG,not ironic,
22945268,2890,2890,1.836130579777012e+18,2024-09-17,NEU,not ironic,
22945269,2891,2891,1.8361305781162844e+18,2024-09-17,NEG,not ironic,
22945270,2892,2892,1.8361305769083008e+18,2024-09-17,NEG,not ironic,
22945271,2893,2893,1.836130573582242e+18,2024-09-17,NEU,not ironic,
22945272,2894,2894,1.8361305734016084e+18,2024-09-17,NEU,not ironic,
22945273,2895,2895,1.8361305714053647e+18,2024-09-17,NEG,not ironic,
22945274,2896,2896,1.836130569899643e+18,2024-09-17,NEU,not ironic,
22945275,2897,2897,1.836130569295664e+18,2024-09-17,NEU,not ironic,
22945276,2898,2898,1.8361305684901235e+18,2024-09-17,NEU,not ironic,
22945278,2900,2900,1.8361305678483663e+18,2024-09-17,NEU,not ironic,
22945279,2901,2901,1.8361305670894592e+18,2024-09-17,NEG,ironic,
22945280,2902,2902,1.836130566954984e+18,2024-09-17,NEG,not ironic,
22945281,2903,2903,1.836130566409982e+18,2024-09-17,NEG,not ironic,
22945282,2904,2904,1.8361305657976136e+18,2024-09-17,NEU,not ironic,
22945283,2905,2905,1.83613056523534e+18,2024-09-17,NEU,not ironic,
22945284,2906,2906,1.8361305635031204e+18,2024-09-17,POS,ironic,
22945285,2907,2907,1.836130563352064e+18,2024-09-17,NEU,ironic,
22945286,2908,2908,1.8361305614185231e+18,2024-09-17,NEG,not ironic,
22945287,2909,2909,1.836130561141748e+18,2024-09-17,NEU,not ironic,
22945288,2910,2910,1.8361305589774835e+18,2024-09-17,NEG,ironic,
22945289,2911,2911,1.836130557107016e+18,2024-09-17,NEG,ironic,
22945290,2912,2912,1.836130556687368e+18,2024-09-17,NEG,ironic,
22945291,2913,2913,1.83613055415824e+18,2024-09-17,NEU,not ironic,
22945292,2914,2914,1.8361305531308687e+18,2024-09-17,NEG,not ironic,
22945293,2915,2915,1.8361305531096105e+18,2024-09-17,NEU,not ironic,
22945294,2916,2916,1.8361305520403704e+18,2024-09-17,NEG,ironic,
22945295,2917,2917,1.8361305509959148e+18,2024-09-17,NEG,ironic,
22945296,2918,2918,1.8361305502661064e+18,2024-09-17,NEU,not ironic,
22945297,2919,2919,1.8361305497583168e+18,2024-09-17,NEG,not ironic,
22945298,2920,2920,1.8361305494101809e+18,2024-09-17,NEG,ironic,
22945299,2921,2921,1.83613054698616e+18,2024-09-17,NEG,not ironic,
22945300,2922,2922,1.836130546227024e+18,2024-09-17,NEG,not ironic,
22945301,2923,2923,1.836130545874432e+18,2024-09-17,NEG,not ironic,
22945302,2924,2924,1.8361305456691487e+18,2024-09-17,NEG,not ironic,
22945303,2925,2925,1.8361305451574643e+18,2024-09-17,POS,ironic,
22945304,2926,2926,1.8361305445028908e+18,2024-09-17,NEG,not ironic,
22945305,2927,2927,1.836130542313432e+18,2024-09-17,NEU,not ironic,
22945306,2928,2928,1.8361305399104105e+18,2024-09-17,POS,ironic,
22945307,2929,2929,1.8361305390379748e+18,2024-09-17,NEU,not ironic,
22945308,2930,2930,1.8361305373392568e+18,2024-09-17,NEG,not ironic,
22945309,2931,2931,1.836130536911442e+18,2024-09-17,NEG,not ironic,
22945310,2932,2932,1.836130536475259e+18,2024-09-17,NEG,ironic,
22945311,2933,2933,1.8361305363703767e+18,2024-09-17,NEG,not ironic,
22945312,2934,2934,1.836130534096856e+18,2024-09-17,NEG,ironic,
22945313,2935,2935,1.836130531383153e+18,2024-09-17,NEG,not ironic,
22945314,2936,2936,1.836130530502353e+18,2024-09-17,NEG,not ironic,
22945315,2937,2937,1.8361305271974792e+18,2024-09-17,NEG,ironic,
22945316,2938,2938,1.8361305270674104e+18,2024-09-17,NEG,not ironic,
22945317,2939,2939,1.83613052653036e+18,2024-09-17,POS,not ironic,
22945318,2940,2940,1.8361305263918776e+18,2024-09-17,NEG,not ironic,
22945319,2941,2941,1.8361305261152668e+18,2024-09-17,NEG,not ironic,
22945320,2942,2942,1.8361305251002865e+18,2024-09-17,NEU,ironic,
22945321,2943,2943,1.836130523904635e+18,2024-09-17,NEG,ironic,
22945322,2944,2944,1.8361305233384164e+18,2024-09-17,NEU,not ironic,
22945323,2945,2945,1.8361305192825487e+18,2024-09-17,NEU,not ironic,
22945324,2946,2946,1.83613051553704e+18,2024-09-17,NEG,not ironic,
22945325,2947,2947,1.836130515507704e+18,2024-09-17,NEG,ironic,
22945326,2948,2948,1.8361305147529503e+18,2024-09-17,POS,not ironic,
22945327,2949,2949,1.8361305133014515e+18,2024-09-17,NEU,not ironic,
22945328,2950,2950,1.8361305132387904e+18,2024-09-17,NEG,ironic,
22945329,2951,2951,1.8361305121776724e+18,2024-09-17,POS,not ironic,
22945330,2952,2952,1.8361305117665897e+18,2024-09-17,NEU,not ironic,
22945331,2953,2953,1.836130511535924e+18,2024-09-17,NEG,ironic,
22945332,2954,2954,1.8361305106296384e+18,2024-09-17,NEU,not ironic,
22945333,2955,2955,1.8361305102147087e+18,2024-09-17,NEG,ironic,
22945334,2956,2956,1.8361305094177792e+18,2024-09-17,NEG,ironic,
22945335,2957,2957,1.8361305088515484e+18,2024-09-17,NEG,ironic,
22945336,2958,2958,1.8361305084402565e+18,2024-09-17,NEU,not ironic,
22945337,2959,2959,1.8361305082559567e+18,2024-09-17,NEU,ironic,
22945338,2960,2960,1.8361305065740493e+18,2024-09-17,POS,ironic,
22945339,2961,2961,1.836130506280497e+18,2024-09-17,NEU,not ironic,
22945340,2962,2962,1.8361305059910208e+18,2024-09-17,NEG,not ironic,
22945341,2963,2963,1.836130505185522e+18,2024-09-17,NEU,ironic,
22945342,2964,2964,1.836130504501756e+18,2024-09-17,NEG,ironic,
22945343,2965,2965,1.8361305036757768e+18,2024-09-17,NEG,not ironic,
22945344,2966,2966,1.836130503579116e+18,2024-09-17,NEG,ironic,
22945345,2967,2967,1.8361305035161684e+18,2024-09-17,NEG,not ironic,
22945346,2968,2968,1.836130503193432e+18,2024-09-17,POS,ironic,
22945347,2969,2969,1.8361305022033964e+18,2024-09-17,NEG,ironic,
22945348,2970,2970,1.836130502165635e+18,2024-09-17,NEU,not ironic,
22945349,2971,2971,1.836130501452546e+18,2024-09-17,NEG,ironic,
22945350,2972,2972,1.8361304997118733e+18,2024-09-17,NEG,not ironic,
22945351,2973,2973,1.8361304968388e+18,2024-09-17,NEU,not ironic,
22945352,2974,2974,1.836130496318968e+18,2024-09-17,NEG,ironic,
22945353,2975,2975,1.8361304960085896e+18,2024-09-17,NEU,not ironic,
22945354,2976,2976,1.8361304955514104e+18,2024-09-17,NEG,not ironic,
22945355,2977,2977,1.8361304933829555e+18,2024-09-17,NEG,not ironic,
22945356,2978,2978,1.8361304932695163e+18,2024-09-17,NEU,ironic,
22945357,2979,2979,1.836130492615132e+18,2024-09-17,NEG,ironic,
22945358,2980,2980,1.8361304926111788e+18,2024-09-17,NEG,not ironic,
22945359,2981,2981,1.8361304922546875e+18,2024-09-17,NEG,not ironic,
22945360,2982,2982,1.836130491369464e+18,2024-09-17,NEG,ironic,
22945361,2983,2983,1.836130490572792e+18,2024-09-17,NEG,not ironic,
22945362,2984,2984,1.8361304905095744e+18,2024-09-17,NEG,not ironic,
22945363,2985,2985,1.8361304897716595e+18,2024-09-17,NEG,not ironic,
22945364,2986,2986,1.8361304893312576e+18,2024-09-17,NEG,not ironic,
22945365,2987,2987,1.836130487263204e+18,2024-09-17,NEG,ironic,
22945366,2988,2988,1.8361304871209167e+18,2024-09-17,NEG,not ironic,
22945367,2989,2989,1.8361304854390008e+18,2024-09-17,NEG,ironic,
22945368,2990,2990,1.83613048449942e+18,2024-09-17,NEG,ironic,
22945369,2991,2991,1.83613048434423e+18,2024-09-17,NEG,not ironic,
22945370,2992,2992,1.836130482330964e+18,2024-09-17,NEU,ironic,
22945371,2993,2993,1.836130482272024e+18,2024-09-17,NEG,not ironic,
22945372,2994,2994,1.8361304815757765e+18,2024-09-17,POS,not ironic,
22945373,2995,2995,1.83613047915144e+18,2024-09-17,POS,not ironic,
22945374,2996,2996,1.836130477964456e+18,2024-09-17,NEG,not ironic,
22945375,2997,2997,1.8361304778511647e+18,2024-09-17,POS,not ironic,
22945376,2998,2998,1.836130474499998e+18,2024-09-17,POS,not ironic,
22945377,2999,2999,1.836130473921176e+18,2024-09-17,NEG,not ironic,
22945378,3000,3000,1.8361304738920248e+18,2024-09-17,NEG,ironic,
22945379,3001,3001,1.8361304720087823e+18,2024-09-17,NEG,ironic,
22945380,3002,3002,1.8361304707252923e+18,2024-09-17,POS,ironic,
22945381,3003,3003,1.836130467755832e+18,2024-09-17,NEG,ironic,
22945382,3004,3004,1.8361304666104504e+18,2024-09-17,NEG,not ironic,
22945383,3005,3005,1.836130465537004e+18,2024-09-17,NEU,ironic,
22945384,3006,3006,1.8361304655117844e+18,2024-09-17,NEG,not ironic,
22945385,3007,3007,1.83613046494138e+18,2024-09-17,POS,not ironic,
22945386,3008,3008,1.83613046386738e+18,2024-09-17,NEU,not ironic,
22945387,3009,3009,1.836130463854846e+18,2024-09-17,NEU,ironic,
22945388,3010,3010,1.8361304632930184e+18,2024-09-17,NEG,ironic,
22945389,3011,3011,1.836130463103988e+18,2024-09-17,NEG,not ironic,
22945390,3012,3012,1.836130462818792e+18,2024-09-17,NEG,ironic,
22945391,3013,3013,1.8361304599963484e+18,2024-09-17,NEU,ironic,
22945392,3014,3014,1.8361304598366904e+18,2024-09-17,NEU,not ironic,
22945393,3015,3015,1.836130458418984e+18,2024-09-17,NEU,not ironic,
22945394,3016,3016,1.8361304579575729e+18,2024-09-17,NEU,not ironic,
22945395,3017,3017,1.8361304577901284e+18,2024-09-17,POS,not ironic,
22945396,3018,3018,1.836130457462915e+18,2024-09-17,NEG,ironic,
22945397,3019,3019,1.8361304562672847e+18,2024-09-17,NEG,not ironic,
22945398,3020,3020,1.8361304557642424e+18,2024-09-17,NEG,not ironic,
22945399,3021,3021,1.8361304554455e+18,2024-09-17,NEG,ironic,
22945400,3022,3022,1.8361304551350968e+18,2024-09-17,NEU,not ironic,
22945401,3023,3023,1.836130454958912e+18,2024-09-17,NEG,not ironic,
22945402,3024,3024,1.8361304536209408e+18,2024-09-17,NEG,ironic,
22945403,3025,3025,1.8361304534280968e+18,2024-09-17,NEU,ironic,
22945404,3026,3026,1.8361304523836337e+18,2024-09-17,POS,not ironic,
22945405,3027,3027,1.836130452219773e+18,2024-09-17,NEG,ironic,
22945406,3028,3028,1.8361304521235863e+18,2024-09-17,NEU,not ironic,
22945407,3029,3029,1.836130451699672e+18,2024-09-17,NEU,ironic,
22945408,3030,3030,1.8361304511966456e+18,2024-09-17,NEG,ironic,
22945409,3031,3031,1.8361304495690632e+18,2024-09-17,NEG,ironic,
22945410,3032,3032,1.83613044949348e+18,2024-09-17,NEG,not ironic,
22945411,3033,3033,1.8361304491078825e+18,2024-09-17,NEG,ironic,
22945412,3035,3035,1.836130448835064e+18,2024-09-17,NEU,not ironic,
22945413,3036,3036,1.8361304479628168e+18,2024-09-17,NEG,not ironic,
22945414,3037,3037,1.8361304479418647e+18,2024-09-17,NEG,not ironic,
22945415,3038,3038,1.836130447484744e+18,2024-09-17,POS,ironic,
22945416,3039,3039,1.836130446788432e+18,2024-09-17,NEU,not ironic,
22945417,3040,3040,1.836130445383156e+18,2024-09-17,NEG,not ironic,
22945418,3041,3041,1.8361304447372209e+18,2024-09-17,POS,not ironic,
22945419,3042,3042,1.8361304445403087e+18,2024-09-17,NEG,not ironic,
22945420,3043,3043,1.836130444296753e+18,2024-09-17,NEU,not ironic,
22945421,3044,3044,1.836130444015768e+18,2024-09-17,NEU,ironic,
22945423,3046,3046,1.8361304422793047e+18,2024-09-17,NEG,not ironic,
22945424,3047,3047,1.836130441570718e+18,2024-09-17,NEG,ironic,
22945425,3048,3048,1.836130441272689e+18,2024-09-17,NEU,ironic,
22945426,3049,3049,1.8361304399347384e+18,2024-09-17,NEU,not ironic,
22945428,3051,3051,1.8361304374013207e+18,2024-09-17,NEU,not ironic,
22945429,3052,3052,1.8361304372209748e+18,2024-09-17,NEG,ironic,
22945430,3053,3053,1.8361304364114865e+18,2024-09-17,NEG,not ironic,
22945431,3054,3054,1.83613043350902e+18,2024-09-17,NEG,ironic,
22945432,3055,3055,1.8361304329385825e+18,2024-09-17,NEG,not ironic,
22945433,3056,3056,1.836130432393634e+18,2024-09-17,NEG,ironic,
22945434,3057,3057,1.836130430333969e+18,2024-09-17,NEG,not ironic,
22945435,3058,3058,1.8361304299399864e+18,2024-09-17,NEG,not ironic,
22945436,3059,3059,1.8361304295540408e+18,2024-09-17,NEU,not ironic,
22945437,3060,3060,1.8361304272765297e+18,2024-09-17,NEU,not ironic,
22945438,3061,3061,1.836130425292624e+18,2024-09-17,NEG,ironic,
22945439,3062,3062,1.836130423442916e+18,2024-09-17,NEG,ironic,
22945440,3063,3063,1.8361304234049167e+18,2024-09-17,POS,ironic,
22945441,3064,3064,1.8361304223440284e+18,2024-09-17,NEG,not ironic,
22945442,3065,3065,1.8361304218530893e+18,2024-09-17,NEU,not ironic,
22945443,3066,3066,1.836130421593248e+18,2024-09-17,NEG,ironic,
22945444,3067,3067,1.83613042061602e+18,2024-09-17,NEU,not ironic,
22945445,3068,3068,1.8361304191144143e+18,2024-09-17,NEU,not ironic,
22945446,3069,3069,1.8361304187578647e+18,2024-09-17,NEG,not ironic,
22945447,3070,3070,1.8361304183174963e+18,2024-09-17,NEG,ironic,
22945448,3071,3071,1.836130418069796e+18,2024-09-17,NEU,not ironic,
22945449,3072,3072,1.8361304178896773e+18,2024-09-17,NEU,not ironic,
22945450,3073,3073,1.836130416933376e+18,2024-09-17,NEG,ironic,
22945451,3074,3074,1.8361304166901228e+18,2024-09-17,NEU,ironic,
22945452,3075,3075,1.8361304152051013e+18,2024-09-17,NEG,not ironic,
22945453,3076,3076,1.836130415171535e+18,2024-09-17,NEU,not ironic,
22945454,3077,3077,1.8361304139387208e+18,2024-09-17,NEU,not ironic,
22945455,3078,3078,1.836130413468881e+18,2024-09-17,NEG,not ironic,
22945456,3079,3079,1.8361304132044063e+18,2024-09-17,NEU,ironic,
22945457,3080,3080,1.8361304130953628e+18,2024-09-17,NEU,not ironic,
22945458,3081,3081,1.836130412554572e+18,2024-09-17,NEG,ironic,
22945461,3084,3084,1.836130405646525e+18,2024-09-17,NEU,ironic,
22945462,3085,3085,1.836130405147439e+18,2024-09-17,POS,not ironic,
22945463,3086,3086,1.8361304049292948e+18,2024-09-17,POS,ironic,
22945464,3087,3087,1.836130403951764e+18,2024-09-17,NEU,not ironic,
22945465,3088,3088,1.8361304035323497e+18,2024-09-17,NEU,not ironic,
22945466,3089,3089,1.8361304023914417e+18,2024-09-17,NEG,ironic,
22945467,3090,3090,1.836130399979778e+18,2024-09-17,NEG,ironic,
22945468,3091,3091,1.8361303977231729e+18,2024-09-17,NEU,not ironic,
22945469,3092,3092,1.8361303975095296e+18,2024-09-17,NEG,not ironic,
22945470,3093,3093,1.8361303974463857e+18,2024-09-17,NEU,not ironic,
22945471,3094,3094,1.836130397236736e+18,2024-09-17,NEU,not ironic,
22945472,3095,3095,1.836130396934636e+18,2024-09-17,NEG,ironic,
22945473,3096,3096,1.8361303954165967e+18,2024-09-17,NEG,not ironic,
22945474,3097,3097,1.8361303945147889e+18,2024-09-17,NEG,ironic,
22945475,3098,3098,1.8361303941496207e+18,2024-09-17,NEG,not ironic,
22945476,3099,3099,1.836130393579508e+18,2024-09-17,NEG,not ironic,
22945477,3100,3100,1.8361303929291533e+18,2024-09-17,NEU,ironic,
22945478,3101,3101,1.836130392568628e+18,2024-09-17,NEG,not ironic,
22945479,3102,3102,1.8361303924929705e+18,2024-09-17,NEU,not ironic,
22945480,3103,3103,1.836130391734076e+18,2024-09-17,NEG,not ironic,
22945481,3104,3104,1.8361303916753144e+18,2024-09-17,NEG,ironic,
22945482,3105,3105,1.8361303916372416e+18,2024-09-17,NEU,not ironic,
22945483,3106,3106,1.836130391377244e+18,2024-09-17,NEU,not ironic,
22945484,3107,3107,1.8361303882778624e+18,2024-09-17,NEG,not ironic,
22945485,3108,3108,1.8361303871954865e+18,2024-09-17,NEG,not ironic,
22945486,3109,3109,1.836130384393957e+18,2024-09-17,NEG,ironic,
22945487,3110,3110,1.8361303838487063e+18,2024-09-17,POS,not ironic,
22945488,3111,3111,1.836130382137464e+18,2024-09-17,NEU,ironic,
22945489,3112,3112,1.836130381323752e+18,2024-09-17,NEG,ironic,
22945490,3113,3113,1.8361303800696384e+18,2024-09-17,POS,not ironic,
22945491,3114,3114,1.8361303794572687e+18,2024-09-17,NEG,not ironic,
22945492,3115,3115,1.8361303790630257e+18,2024-09-17,NEG,not ironic,
22945493,3116,3116,1.836130378744238e+18,2024-09-17,NEU,not ironic,
22945494,3117,3117,1.8361303782745336e+18,2024-09-17,NEG,not ironic,
22945495,3118,3118,1.8361303773388475e+18,2024-09-17,NEU,not ironic,
22945496,3119,3119,1.8361303753258808e+18,2024-09-17,NEG,not ironic,
22945497,3120,3120,1.8361303737360013e+18,2024-09-17,NEG,not ironic,
22945498,3121,3121,1.8361303723434724e+18,2024-09-17,NEU,ironic,
22945499,3122,3122,1.836130370410156e+18,2024-09-17,NEG,not ironic,
22945500,3123,3123,1.8361303704057203e+18,2024-09-17,NEU,not ironic,
22945501,3124,3124,1.8361303703599068e+18,2024-09-17,POS,not ironic,
22945502,3125,3125,1.8361303703008627e+18,2024-09-17,NEU,not ironic,
22945503,3126,3126,1.8361303696761528e+18,2024-09-17,NEU,not ironic,
22945504,3127,3127,1.8361303687950828e+18,2024-09-17,NEU,ironic,
22945505,3128,3128,1.836130368531108e+18,2024-09-17,NEU,not ironic,
22945506,3129,3129,1.83613036740284e+18,2024-09-17,NEG,not ironic,
22945507,3130,3130,1.8361303641855345e+18,2024-09-17,NEG,not ironic,
22945508,3131,3131,1.8361303641439355e+18,2024-09-17,NEG,ironic,
22945509,3132,3132,1.8361303628517376e+18,2024-09-17,NEU,not ironic,
22945510,3133,3133,1.8361303624115853e+18,2024-09-17,NEG,not ironic,
22945511,3134,3134,1.8361303620129303e+18,2024-09-17,NEU,not ironic,
22945512,3135,3135,1.8361303597608223e+18,2024-09-17,NEG,not ironic,
22945513,3136,3136,1.8361303593707484e+18,2024-09-17,NEG,ironic,
22945514,3137,3137,1.8361303583722127e+18,2024-09-17,NEU,not ironic,
22945516,3139,3139,1.8361303538214625e+18,2024-09-17,NEU,ironic,
22945517,3140,3140,1.836130353670402e+18,2024-09-17,NEG,ironic,
22945518,3141,3141,1.836130353041544e+18,2024-09-17,NEU,not ironic,
22945519,3142,3142,1.836130352844112e+18,2024-09-17,NEU,ironic,
22945520,3143,3143,1.8361303519803845e+18,2024-09-17,NEU,not ironic,
22945521,3144,3144,1.8361303516445737e+18,2024-09-17,NEU,not ironic,
22945522,3145,3145,1.836130349660644e+18,2024-09-17,NEG,not ironic,
22945523,3146,3146,1.8361303488427748e+18,2024-09-17,NEG,not ironic,
22945524,3147,3147,1.836130347274109e+18,2024-09-17,POS,not ironic,
22945525,3148,3148,1.8361303460661576e+18,2024-09-17,NEG,ironic,
22945526,3149,3149,1.836130345777009e+18,2024-09-17,NEG,not ironic,
22945527,3150,3150,1.836130345307247e+18,2024-09-17,NEU,ironic,
22945528,3151,3151,1.8361303442836564e+18,2024-09-17,NEU,not ironic,
22945530,3153,3153,1.8361303411295155e+18,2024-09-17,NEG,not ironic,
22945531,3154,3154,1.8361303405673884e+18,2024-09-17,NEG,ironic,
22945532,3155,3155,1.836130337317114e+18,2024-09-17,POS,ironic,
22945533,3156,3156,1.836130336880689e+18,2024-09-17,NEU,not ironic,
22945534,3157,3157,1.836130335873979e+18,2024-09-17,NEG,ironic,
22945535,3158,3158,1.8361303347753487e+18,2024-09-17,NEG,ironic,
22945536,3159,3159,1.836130334569603e+18,2024-09-17,NEG,not ironic,
22945537,3160,3160,1.836130333806204e+18,2024-09-17,NEU,ironic,
22945538,3161,3161,1.8361303336048724e+18,2024-09-17,NEU,ironic,
22945539,3162,3162,1.8361303333241656e+18,2024-09-17,NEU,ironic,
22945540,3163,3163,1.8361303324517048e+18,2024-09-17,NEU,not ironic,
22945541,3164,3164,1.8361303308789023e+18,2024-09-17,NEG,not ironic,
22945542,3165,3165,1.8361303283035384e+18,2024-09-17,NEG,not ironic,
22945543,3166,3166,1.8361303269569367e+18,2024-09-17,NEU,not ironic,
22945544,3167,3167,1.8361303249313167e+18,2024-09-17,NEG,ironic,
22945545,3168,3168,1.8361303249017487e+18,2024-09-17,NEG,not ironic,
22945546,3169,3169,1.8361303246922468e+18,2024-09-17,NEG,not ironic,
22945547,3170,3170,1.8361303242266747e+18,2024-09-17,NEG,ironic,
22945548,3171,3171,1.8361303242141696e+18,2024-09-17,POS,ironic,
22945549,3172,3172,1.8361303230897933e+18,2024-09-17,NEG,ironic,
22945550,3173,3173,1.8361303225363704e+18,2024-09-17,NEU,not ironic,
22945551,3174,3174,1.836130321991132e+18,2024-09-17,NEG,ironic,
22945552,3175,3175,1.836130321391035e+18,2024-09-17,NEG,not ironic,
22945554,3177,3177,1.8361303200614607e+18,2024-09-17,POS,not ironic,
22945555,3178,3178,1.8361303198142671e+18,2024-09-17,NEG,ironic,
22945556,3179,3179,1.8361303180734177e+18,2024-09-17,NEU,not ironic,
22945557,3180,3180,1.836130315565437e+18,2024-09-17,NEG,ironic,
22945558,3181,3181,1.836130315489936e+18,2024-09-17,NEG,not ironic,
22945559,3182,3182,1.8361303150159585e+18,2024-09-17,NEG,ironic,
22945560,3183,3183,1.836130314315321e+18,2024-09-17,NEU,ironic,
22945561,3184,3184,1.836130313065632e+18,2024-09-17,NEG,ironic,
22945562,3185,3185,1.836130312687944e+18,2024-09-17,NEG,ironic,
22945563,3186,3186,1.8361303100832443e+18,2024-09-17,NEU,not ironic,
22945564,3187,3187,1.8361303096346624e+18,2024-09-17,NEG,not ironic,
22945565,3188,3188,1.8361303069755108e+18,2024-09-17,NEU,not ironic,
22945566,3189,3189,1.8361303052684209e+18,2024-09-17,NEG,ironic,
22945567,3190,3190,1.8361303048322127e+18,2024-09-17,NEG,not ironic,
22945568,3191,3191,1.83613030305804e+18,2024-09-17,NEG,not ironic,
22945569,3192,3192,1.836130301287748e+18,2024-09-17,NEG,not ironic,
22945570,3193,3193,1.8361302993332104e+18,2024-09-17,NEG,not ironic,
22945571,3194,3194,1.8361302988049984e+18,2024-09-17,POS,not ironic,
22945572,3195,3195,1.8361302970140347e+18,2024-09-17,NEU,not ironic,
22945573,3196,3196,1.8361302964559176e+18,2024-09-17,NEG,not ironic,
22945574,3197,3197,1.83613029626726e+18,2024-09-17,NEG,ironic,
22945575,3198,3198,1.8361302956254868e+18,2024-09-17,NEU,not ironic,
22945576,3199,3199,1.8361302944552591e+18,2024-09-17,POS,not ironic,
22945577,3200,3200,1.8361302941493207e+18,2024-09-17,NEG,not ironic,
22945578,3201,3201,1.83613029388064e+18,2024-09-17,NEG,ironic,
22945579,3202,3202,1.8361302932769047e+18,2024-09-17,POS,not ironic,
22945580,3203,3203,1.8361302918337948e+18,2024-09-17,NEG,ironic,
22945581,3204,3204,1.8361302917460628e+18,2024-09-17,NEG,not ironic,
22945582,3205,3205,1.836130289644344e+18,2024-09-17,NEG,ironic,
22945583,3206,3206,1.836130289015276e+18,2024-09-17,POS,ironic,
22945584,3207,3207,1.83613028888098e+18,2024-09-17,NEG,not ironic,
22945585,3208,3208,1.8361302885415365e+18,2024-09-17,NEG,ironic,
22945586,3209,3209,1.8361302880130168e+18,2024-09-17,NEU,ironic,
22945587,3210,3210,1.836130285689128e+18,2024-09-17,NEU,not ironic,
22945588,3211,3211,1.836130285655856e+18,2024-09-17,NEG,not ironic,
22945589,3212,3212,1.836130285169128e+18,2024-09-17,NEU,ironic,
22945590,3213,3213,1.8361302848251825e+18,2024-09-17,NEG,not ironic,
22945591,3214,3214,1.836130284577649e+18,2024-09-17,NEG,ironic,
22945592,3215,3215,1.836130284435313e+18,2024-09-17,NEG,ironic,
22945593,3216,3216,1.836130280614384e+18,2024-09-17,NEU,ironic,
22945594,3217,3217,1.8361302803750093e+18,2024-09-17,POS,ironic,
22945595,3218,3218,1.836130280110732e+18,2024-09-17,NEG,ironic,
22945596,3219,3219,1.8361302793557847e+18,2024-09-17,NEG,ironic,
22945597,3220,3220,1.836130277812314e+18,2024-09-17,NEG,not ironic,
22945598,3221,3221,1.8361302777912443e+18,2024-09-17,NEG,not ironic,
22945600,3223,3223,1.8361302749978545e+18,2024-09-17,NEG,ironic,
22945601,3224,3224,1.83613027474618e+18,2024-09-17,NEG,not ironic,
22945602,3225,3225,1.8361302740583096e+18,2024-09-17,NEU,not ironic,
22945603,3226,3226,1.83613027123975e+18,2024-09-17,NEG,ironic,
22945604,3227,3227,1.8361302710470943e+18,2024-09-17,NEU,not ironic,
22945606,3229,3229,1.836130269876884e+18,2024-09-17,NEG,not ironic,
22945607,3230,3230,1.8361302683121664e+18,2024-09-17,NEU,not ironic,
22945608,3231,3231,1.8361302655567588e+18,2024-09-17,NEG,ironic,
22945609,3232,3232,1.836130263920972e+18,2024-09-17,NEG,ironic,
22945610,3233,3233,1.8361302638368072e+18,2024-09-17,NEU,ironic,
22945611,3234,3234,1.836130262608184e+18,2024-09-17,NEU,not ironic,
22945612,3235,3235,1.8361302602970929e+18,2024-09-17,POS,not ironic,
22945613,3236,3236,1.8361302597977487e+18,2024-09-17,NEG,not ironic,
22945614,3237,3237,1.836130259214664e+18,2024-09-17,NEG,ironic,
22945615,3238,3238,1.8361302579650604e+18,2024-09-17,NEG,ironic,
22945616,3239,3239,1.83613025632066e+18,2024-09-17,NEG,not ironic,
22945617,3240,3240,1.836130256065004e+18,2024-09-17,NEG,not ironic,
22945618,3241,3241,1.836130255809168e+18,2024-09-17,NEG,ironic,
22945619,3242,3242,1.8361302544795927e+18,2024-09-17,NEG,ironic,
22945620,3243,3243,1.836130253736916e+18,2024-09-17,NEU,not ironic,
22945621,3244,3244,1.8361302535775603e+18,2024-09-17,NEG,not ironic,
22945622,3245,3245,1.8361302530870848e+18,2024-09-17,NEG,ironic,
22945623,3246,3246,1.8361302530031985e+18,2024-09-17,NEU,not ironic,
22945624,3247,3247,1.8361302526086968e+18,2024-09-17,NEU,not ironic,
22945625,3248,3248,1.836130250813768e+18,2024-09-17,POS,not ironic,
22945626,3249,3249,1.836130249886589e+18,2024-09-17,NEU,not ironic,
22945627,3250,3250,1.8361302496978248e+18,2024-09-17,NEU,not ironic,
22945628,3251,3251,1.8361302495848407e+18,2024-09-17,NEG,not ironic,
22945629,3252,3252,1.8361302492993948e+18,2024-09-17,NEG,not ironic,
22945630,3253,3253,1.836130248968e+18,2024-09-17,NEG,ironic,
22945631,3254,3254,1.83613024509669e+18,2024-09-17,NEU,not ironic,
22945632,3255,3255,1.8361302442370831e+18,2024-09-17,NEU,not ironic,
22945633,3256,3256,1.8361302433643927e+18,2024-09-17,NEU,not ironic,
22945634,3257,3257,1.836130239748936e+18,2024-09-17,NEG,ironic,
22945635,3258,3258,1.8361302396191744e+18,2024-09-17,NEU,not ironic,
22945636,3259,3259,1.8361302385493489e+18,2024-09-17,NEU,not ironic,
22945637,3260,3260,1.836130238516056e+18,2024-09-17,NEU,not ironic,
22945638,3261,3261,1.8361302374924616e+18,2024-09-17,NEU,not ironic,
22945639,3262,3262,1.836130236075e+18,2024-09-17,NEG,not ironic,
22945640,3263,3263,1.836130234623537e+18,2024-09-17,NEU,not ironic,
22945641,3264,3264,1.8361302344979287e+18,2024-09-17,POS,ironic,
22945642,3265,3265,1.8361302336546248e+18,2024-09-17,NEG,not ironic,
22945643,3266,3266,1.8361302331093857e+18,2024-09-17,NEU,not ironic,
22945644,3267,3267,1.836130232379601e+18,2024-09-17,NEG,not ironic,
22945645,3268,3268,1.8361302315073864e+18,2024-09-17,NEG,not ironic,
22945646,3269,3269,1.8361302309492905e+18,2024-09-17,POS,ironic,
22945648,3271,3271,1.8361302287978703e+18,2024-09-17,NEU,not ironic,
22945649,3272,3272,1.8361302281687247e+18,2024-09-17,NEU,ironic,
22945650,3273,3273,1.8361302269901537e+18,2024-09-17,POS,ironic,
22945651,3274,3274,1.8361302266210268e+18,2024-09-17,NEU,not ironic,
22945652,3275,3275,1.8361302264320527e+18,2024-09-17,NEG,not ironic,
22945653,3276,3276,1.8361302261596529e+18,2024-09-17,NEG,not ironic,
22945654,3277,3277,1.8361302257400177e+18,2024-09-17,NEU,not ironic,
22945655,3278,3278,1.8361302254212424e+18,2024-09-17,NEG,ironic,
22945656,3279,3279,1.836130225320792e+18,2024-09-17,NEG,not ironic,
22945657,3280,3280,1.836130224167166e+18,2024-09-17,NEU,not ironic,
22945658,3281,3281,1.8361302238609288e+18,2024-09-17,NEU,not ironic,
22945659,3282,3282,1.8361302218646856e+18,2024-09-17,NEU,not ironic,
22945660,3283,3283,1.8361302198765847e+18,2024-09-17,NEG,ironic,
22945661,3284,3284,1.836130218362164e+18,2024-09-17,NEU,not ironic,
22945662,3285,3285,1.8361302173097e+18,2024-09-17,NEU,not ironic,
22945663,3286,3286,1.836130217133228e+18,2024-09-17,NEG,not ironic,
22945664,3287,3287,1.8361302166092232e+18,2024-09-17,NEU,not ironic,
22945665,3288,3288,1.83613021307732e+18,2024-09-17,NEU,not ironic,
22945666,3289,3289,1.8361302120248484e+18,2024-09-17,NEG,not ironic,
22945667,3290,3290,1.836130211005342e+18,2024-09-17,NEU,not ironic,
22945668,3291,3291,1.836130209772508e+18,2024-09-17,NEG,not ironic,
22945669,3292,3292,1.8361302097515067e+18,2024-09-17,NEU,not ironic,
22945670,3293,3293,1.8361302089588736e+18,2024-09-17,NEU,not ironic,
22945671,3294,3294,1.836130206089716e+18,2024-09-17,NEU,not ironic,
22945672,3295,3295,1.836130206014424e+18,2024-09-17,NEU,ironic,
22945673,3296,3296,1.8361302058718044e+18,2024-09-17,NEG,not ironic,
22945674,3297,3297,1.836130204554552e+18,2024-09-17,POS,ironic,
22945675,3298,3298,1.83613020388794e+18,2024-09-17,NEG,not ironic,
22945676,3299,3299,1.8361302038666527e+18,2024-09-17,NEG,not ironic,
22945677,3300,3300,1.8361302032965007e+18,2024-09-17,NEG,ironic,
22945678,3301,3301,1.8361302023695729e+18,2024-09-17,NEU,not ironic,
22945679,3302,3302,1.8361302013501563e+18,2024-09-17,NEU,not ironic,
22945681,3304,3304,1.836130200314152e+18,2024-09-17,NEG,ironic,
22945682,3305,3305,1.8361301996264776e+18,2024-09-17,NEU,not ironic,
22945683,3306,3306,1.8361301995759168e+18,2024-09-17,NEG,ironic,
22945684,3307,3307,1.836130198250472e+18,2024-09-17,NEU,not ironic,
22945685,3308,3308,1.8361301973322176e+18,2024-09-17,NEU,not ironic,
22945686,3309,3309,1.836130197063766e+18,2024-09-17,NEG,ironic,
22945687,3310,3310,1.836130196539503e+18,2024-09-17,POS,not ironic,
22945688,3311,3311,1.8361301961617e+18,2024-09-17,NEU,not ironic,
22945689,3312,3312,1.8361301959730345e+18,2024-09-17,POS,not ironic,
22945690,3313,3313,1.8361301956796457e+18,2024-09-17,NEG,ironic,
22945691,3314,3314,1.8361301926636751e+18,2024-09-17,NEG,not ironic,
22945693,3316,3316,1.8361301886583808e+18,2024-09-17,NEU,not ironic,
22945694,3317,3317,1.836130188549329e+18,2024-09-17,NEG,ironic,
22945695,3318,3318,1.836130188188324e+18,2024-09-17,NEG,ironic,
22945696,3319,3319,1.836130187337172e+18,2024-09-17,NEG,ironic,
22945697,3320,3320,1.836130186443568e+18,2024-09-17,NEG,ironic,
22945698,3321,3321,1.8361301862047127e+18,2024-09-17,NEG,not ironic,
22945699,3322,3322,1.8361301861795471e+18,2024-09-17,NEG,ironic,
22945700,3323,3323,1.836130186049524e+18,2024-09-17,POS,not ironic,
22945701,3324,3324,1.836130185495876e+18,2024-09-17,NEU,not ironic,
22945702,3325,3325,1.8361301849042865e+18,2024-09-17,NEU,ironic,
22945703,3326,3326,1.8361301824756984e+18,2024-09-17,NEG,ironic,
22945704,3327,3327,1.8361301821024832e+18,2024-09-17,NEG,not ironic,
22945705,3328,3328,1.836130182094296e+18,2024-09-17,NEG,not ironic,
22945707,3330,3330,1.8361301816581284e+18,2024-09-17,NEG,ironic,
22945709,3332,3332,1.8361301804501284e+18,2024-09-17,NEG,not ironic,
22945710,3333,3333,1.8361301802359808e+18,2024-09-17,NEU,not ironic,
22945711,3334,3334,1.8361301771070628e+18,2024-09-17,NEU,not ironic,
22945712,3335,3335,1.8361301770231565e+18,2024-09-17,NEG,ironic,
22945713,3336,3336,1.836130176070976e+18,2024-09-17,NEU,ironic,
22945715,3338,3338,1.8361301744017408e+18,2024-09-17,NEU,not ironic,
22945716,3339,3339,1.8361301728164943e+18,2024-09-17,NEG,ironic,
22945717,3340,3340,1.8361301725941967e+18,2024-09-17,NEG,not ironic,
22945718,3341,3341,1.836130172309e+18,2024-09-17,NEU,not ironic,
22945719,3342,3342,1.8361301713399032e+18,2024-09-17,POS,ironic,
22945720,3343,3343,1.8361301679718648e+18,2024-09-17,NEU,ironic,
22945721,3344,3344,1.8361301676072307e+18,2024-09-17,NEU,not ironic,
22945722,3345,3345,1.836130166885724e+18,2024-09-17,NEG,ironic,
22945723,3346,3346,1.8361301653296625e+18,2024-09-17,NEU,not ironic,
22945724,3347,3347,1.8361301650905871e+18,2024-09-17,NEG,not ironic,
22945725,3348,3348,1.836130165040218e+18,2024-09-17,NEG,ironic,
22945726,3349,3349,1.8361301646628493e+18,2024-09-17,POS,ironic,
22945727,3350,3350,1.8361301616722043e+18,2024-09-17,NEG,not ironic,
22945728,3351,3351,1.8361301601284383e+18,2024-09-17,NEU,not ironic,
22945729,3352,3352,1.8361301588620447e+18,2024-09-17,NEG,ironic,
22945730,3353,3353,1.836130158279037e+18,2024-09-17,NEU,ironic,
22945731,3354,3354,1.8361301561734963e+18,2024-09-17,NEG,ironic,
22945732,3355,3355,1.8361301561022592e+18,2024-09-17,NEG,ironic,
22945733,3356,3356,1.836130155963781e+18,2024-09-17,NEU,not ironic,
22945734,3357,3357,1.836130155720512e+18,2024-09-17,NEU,not ironic,
22945735,3358,3358,1.836130155175252e+18,2024-09-17,NEU,not ironic,
22945736,3359,3359,1.8361301544158408e+18,2024-09-17,NEG,ironic,
22945737,3360,3360,1.8361301536524367e+18,2024-09-17,NEG,ironic,
22945738,3361,3361,1.8361301532165696e+18,2024-09-17,NEG,not ironic,
22945739,3362,3362,1.836130152553632e+18,2024-09-17,NEU,not ironic,
22945740,3363,3363,1.836130151135892e+18,2024-09-17,NEG,not ironic,
22945741,3364,3364,1.836130151110972e+18,2024-09-17,NEU,ironic,
22945742,3365,3365,1.8361301510816115e+18,2024-09-17,NEG,ironic,
22945743,3366,3366,1.836130149311345e+18,2024-09-17,POS,ironic,
22945744,3367,3367,1.836130148858626e+18,2024-09-17,POS,not ironic,
22945745,3368,3368,1.8361301483718943e+18,2024-09-17,NEU,ironic,
22945746,3369,3369,1.836130148237648e+18,2024-09-17,NEG,ironic,
22945747,3370,3370,1.8361301447060687e+18,2024-09-17,NEG,ironic,
22945748,3371,3371,1.8361301431037832e+18,2024-09-17,NEU,not ironic,
22945749,3372,3372,1.836130142919304e+18,2024-09-17,NEG,ironic,
22945750,3373,3373,1.836130142382383e+18,2024-09-17,NEU,ironic,
22945751,3374,3374,1.8361301422397967e+18,2024-09-17,NEG,not ironic,
22945752,3375,3375,1.8361301419630065e+18,2024-09-17,NEU,not ironic,
22945753,3376,3376,1.836130141375992e+18,2024-09-17,NEG,not ironic,
22945754,3377,3377,1.8361301412963e+18,2024-09-17,NEG,ironic,
22945755,3378,3378,1.836130140931396e+18,2024-09-17,NEG,ironic,
22945756,3379,3379,1.836130140390036e+18,2024-09-17,POS,not ironic,
22945757,3380,3380,1.8361301383264712e+18,2024-09-17,NEG,ironic,
22945759,3382,3382,1.836130136489628e+18,2024-09-17,NEG,ironic,
22945760,3383,3383,1.8361301354242952e+18,2024-09-17,NEU,not ironic,
22945761,3384,3384,1.836130135021654e+18,2024-09-17,NEG,not ironic,
22945762,3385,3385,1.8361301344634924e+18,2024-09-17,NEG,not ironic,
22945763,3386,3386,1.836130133385585e+18,2024-09-17,POS,not ironic,
22945764,3387,3387,1.8361301331087365e+18,2024-09-17,NEU,ironic,
22945765,3388,3388,1.8361301323330929e+18,2024-09-17,NEG,ironic,
22945766,3389,3389,1.836130131498472e+18,2024-09-17,NEU,not ironic,
22945767,3390,3390,1.836130130873476e+18,2024-09-17,POS,not ironic,
22945768,3391,3391,1.836130130617316e+18,2024-09-17,NEG,not ironic,
22945769,3392,3392,1.8361301301813944e+18,2024-09-17,POS,ironic,
22945770,3393,3393,1.8361301295352256e+18,2024-09-17,NEU,not ironic,
22945771,3394,3394,1.836130129275228e+18,2024-09-17,NEG,not ironic,
22945772,3395,3395,1.836130128700805e+18,2024-09-17,NEG,not ironic,
22945773,3396,3396,1.8361301266581627e+18,2024-09-17,NEU,not ironic,
22945774,3397,3397,1.8361301266414024e+18,2024-09-17,NEG,ironic,
22945775,3398,3398,1.8361301265365448e+18,2024-09-17,NEU,ironic,
22945776,3399,3399,1.8361301262007247e+18,2024-09-17,NEG,ironic,
22945777,3400,3400,1.8361301260836088e+18,2024-09-17,NEG,not ironic,
22945778,3401,3401,1.836130125492212e+18,2024-09-17,NEG,ironic,
22945779,3402,3402,1.836130123914888e+18,2024-09-17,NEU,not ironic,
22945780,3403,3403,1.836130123827106e+18,2024-09-17,NEG,ironic,
22945781,3404,3404,1.8361301234073848e+18,2024-09-17,NEU,not ironic,
22945782,3405,3405,1.8361301230969487e+18,2024-09-17,POS,ironic,
22945783,3406,3406,1.8361301228201004e+18,2024-09-17,NEG,ironic,
22945784,3407,3407,1.8361301225058184e+18,2024-09-17,NEG,not ironic,
22945785,3408,3408,1.8361301193642967e+18,2024-09-17,NEU,not ironic,
22945787,3410,3410,1.8361301187309847e+18,2024-09-17,NEU,not ironic,
22945788,3411,3411,1.8361301185251825e+18,2024-09-17,NEU,not ironic,
22945790,3413,3413,1.836130115492664e+18,2024-09-17,NEU,not ironic,
22945791,3414,3414,1.8361301150019791e+18,2024-09-17,POS,ironic,
22945792,3415,3415,1.8361301144150057e+18,2024-09-17,NEG,not ironic,
22945793,3416,3416,1.8361301142930967e+18,2024-09-17,NEG,not ironic,
22945794,3417,3417,1.836130113026708e+18,2024-09-17,NEG,ironic,
22945795,3418,3418,1.8361301129301937e+18,2024-09-17,NEG,ironic,
22945796,3419,3419,1.836130112741188e+18,2024-09-17,POS,not ironic,
22945797,3420,3420,1.8361301126656865e+18,2024-09-17,NEG,not ironic,
22945798,3421,3421,1.8361301116548588e+18,2024-09-17,NEU,not ironic,
22945799,3422,3422,1.83613010868958e+18,2024-09-17,NEG,not ironic,
22945800,3423,3423,1.8361301058709176e+18,2024-09-17,POS,not ironic,
22945801,3424,3424,1.836130104633856e+18,2024-09-17,NEG,ironic,
22945802,3425,3425,1.8361301041009912e+18,2024-09-17,NEU,not ironic,
22945803,3426,3426,1.836130104042488e+18,2024-09-17,NEG,not ironic,
22945804,3427,3427,1.8361301030568305e+18,2024-09-17,NEU,not ironic,
22945805,3428,3428,1.836130101865415e+18,2024-09-17,NEU,ironic,
22945806,3429,3429,1.8361301006910057e+18,2024-09-17,NEG,ironic,
22945807,3430,3430,1.8361300997053967e+18,2024-09-17,NEU,not ironic,
22945808,3431,3431,1.8361300992022648e+18,2024-09-17,NEU,not ironic,
22945809,3432,3432,1.836130098736448e+18,2024-09-17,NEU,not ironic,
22945810,3433,3433,1.836130096199144e+18,2024-09-17,NEU,ironic,
22945811,3434,3434,1.8361300954986788e+18,2024-09-17,NEG,not ironic,
22945812,3435,3435,1.8361300954147884e+18,2024-09-17,NEG,ironic,
22945813,3436,3436,1.8361300944959887e+18,2024-09-17,NEG,not ironic,
22945814,3437,3437,1.8361300944752845e+18,2024-09-17,POS,not ironic,
22945815,3438,3438,1.8361300943575823e+18,2024-09-17,NEG,not ironic,
22945816,3439,3439,1.8361300936238733e+18,2024-09-17,NEG,not ironic,
22945817,3440,3440,1.8361300936238244e+18,2024-09-17,NEG,ironic,
22945818,3441,3441,1.8361300932041728e+18,2024-09-17,NEG,ironic,
22945819,3442,3442,1.8361300922771868e+18,2024-09-17,NEG,ironic,
22945820,3443,3443,1.8361300922564977e+18,2024-09-17,NEU,ironic,
22945821,3444,3444,1.836130092134863e+18,2024-09-17,NEG,ironic,
22945822,3445,3445,1.836130091719332e+18,2024-09-17,NEG,not ironic,
22945823,3446,3446,1.836130091656676e+18,2024-09-17,NEU,not ironic,
22945825,3448,3448,1.8361300915390584e+18,2024-09-17,NEG,ironic,
22945826,3449,3449,1.8361300897229087e+18,2024-09-17,NEU,not ironic,
22945827,3450,3450,1.836130089249264e+18,2024-09-17,NEU,not ironic,
22945828,3451,3451,1.8361300884730348e+18,2024-09-17,NEG,ironic,
22945829,3452,3452,1.836130086094836e+18,2024-09-17,POS,not ironic,
22945830,3453,3453,1.8361300860363448e+18,2024-09-17,NEU,ironic,
22945831,3454,3454,1.836130085843473e+18,2024-09-17,NEG,not ironic,
22945832,3455,3455,1.8361300853737144e+18,2024-09-17,NEG,ironic,
22945833,3456,3456,1.836130082257016e+18,2024-09-17,NEU,not ironic,
22945834,3457,3457,1.8361300822528328e+18,2024-09-17,NEG,ironic,
22945835,3458,3458,1.8361300815146232e+18,2024-09-17,NEG,ironic,
22945836,3459,3459,1.8361300810661484e+18,2024-09-17,POS,ironic,
22945837,3460,3460,1.8361300800340828e+18,2024-09-17,NEU,ironic,
22945838,3461,3461,1.8361300798958515e+18,2024-09-17,NEU,not ironic,
22945839,3462,3462,1.8361300792622776e+18,2024-09-17,NEG,not ironic,
22945840,3463,3463,1.8361300788766684e+18,2024-09-17,NEG,ironic,
22945841,3464,3464,1.8361300776517432e+18,2024-09-17,NEU,not ironic,
22945842,3465,3465,1.8361300770480333e+18,2024-09-17,NEG,not ironic,
22945843,3466,3466,1.8361300765402527e+18,2024-09-17,NEG,not ironic,
22945844,3467,3467,1.836130075982598e+18,2024-09-17,NEU,ironic,
22945845,3468,3468,1.836130074946388e+18,2024-09-17,NEU,ironic,
22945846,3469,3469,1.8361300745018125e+18,2024-09-17,NEU,not ironic,
22945847,3470,3470,1.8361300744178565e+18,2024-09-17,NEG,ironic,
22945848,3471,3471,1.8361300740613448e+18,2024-09-17,NEG,not ironic,
22945850,3473,3473,1.836130071184315e+18,2024-09-17,NEG,ironic,
22945852,3475,3475,1.8361300683448e+18,2024-09-17,NEG,not ironic,
22945853,3476,3476,1.8361300678750085e+18,2024-09-17,NEU,ironic,
22945854,3477,3477,1.836130066482468e+18,2024-09-17,NEG,not ironic,
22945855,3478,3478,1.836130065236792e+18,2024-09-17,NEU,not ironic,
22945856,3479,3479,1.8361300625186084e+18,2024-09-17,NEG,ironic,
22945857,3480,3480,1.8361300611219003e+18,2024-09-17,NEU,not ironic,
22945858,3481,3481,1.8361300599895368e+18,2024-09-17,NEU,ironic,
22945859,3482,3482,1.8361300598596936e+18,2024-09-17,NEU,not ironic,
22945860,3483,3483,1.83613005960362e+18,2024-09-17,NEU,not ironic,
22945861,3484,3484,1.8361300581104115e+18,2024-09-17,NEU,not ironic,
22945862,3485,3485,1.8361300552918057e+18,2024-09-17,NEU,not ironic,
22945863,3486,3486,1.8361300550362445e+18,2024-09-17,NEG,not ironic,
22945864,3487,3487,1.8361300549982607e+18,2024-09-17,NEG,ironic,
22945865,3488,3488,1.836130054373307e+18,2024-09-17,NEG,ironic,
22945866,3489,3489,1.8361300537989164e+18,2024-09-17,NEG,not ironic,
22945867,3490,3490,1.8361300526578404e+18,2024-09-17,NEU,ironic,
22945868,3491,3491,1.836130052553216e+18,2024-09-17,NEG,ironic,
22945869,3492,3492,1.8361300507704325e+18,2024-09-17,POS,not ironic,
22945870,3493,3493,1.8361300504348467e+18,2024-09-17,NEU,not ironic,
22945871,3494,3494,1.8361300498604728e+18,2024-09-17,NEG,not ironic,
22945872,3495,3495,1.836130049596232e+18,2024-09-17,NEU,not ironic,
22945873,3496,3496,1.836130048467964e+18,2024-09-17,NEU,not ironic,
22945874,3497,3497,1.836130045632672e+18,2024-09-17,NEG,ironic,
22945875,3498,3498,1.836130045611644e+18,2024-09-17,NEU,ironic,
22945876,3499,3499,1.8361300434767588e+18,2024-09-17,NEG,not ironic,
22945877,3500,3500,1.8361300431325391e+18,2024-09-17,NEG,not ironic,
22945878,3501,3501,1.8361300420171244e+18,2024-09-17,NEU,not ironic,
22945879,3502,3502,1.836130041396368e+18,2024-09-17,POS,not ironic,
22945880,3503,3503,1.836130040469464e+18,2024-09-17,NEG,ironic,
22945881,3504,3504,1.836130039810696e+18,2024-09-17,NEG,ironic,
22945882,3505,3505,1.836130037340492e+18,2024-09-17,POS,not ironic,
22945883,3506,3506,1.8361300368033096e+18,2024-09-17,NEG,not ironic,
22945884,3507,3507,1.83613003547802e+18,2024-09-17,POS,ironic,
22945885,3508,3508,1.83613003522653e+18,2024-09-17,NEG,not ironic,
22945886,3509,3509,1.83613003506269e+18,2024-09-17,NEG,ironic,
22945887,3510,3510,1.836130034655847e+18,2024-09-17,NEG,ironic,
22945888,3511,3511,1.836130034576196e+18,2024-09-17,NEG,not ironic,
22945889,3512,3512,1.8361300342364204e+18,2024-09-17,NEU,not ironic,
22945890,3513,3513,1.8361300340644943e+18,2024-09-17,NEG,ironic,
22945891,3514,3514,1.8361300331713208e+18,2024-09-17,NEG,not ironic,
22945893,3516,3516,1.8361300319717663e+18,2024-09-17,POS,ironic,
22945894,3517,3517,1.836130027349447e+18,2024-09-17,NEG,not ironic,
22945895,3518,3518,1.8361300272906527e+18,2024-09-17,NEU,ironic,
22945896,3519,3519,1.8361300259569377e+18,2024-09-17,NEU,not ironic,
22945897,3520,3520,1.8361300254244367e+18,2024-09-17,NEG,ironic,
22945898,3521,3521,1.8361300249211333e+18,2024-09-17,NEG,ironic,
22945899,3522,3522,1.8361300248917809e+18,2024-09-17,NEG,ironic,
22945900,3523,3523,1.836130024875004e+18,2024-09-17,POS,ironic,
22945901,3524,3524,1.8361300245769167e+18,2024-09-17,NEU,not ironic,
22945902,3525,3525,1.8361300245518177e+18,2024-09-17,NEG,not ironic,
22945903,3526,3526,1.8361300241029944e+18,2024-09-17,NEU,ironic,
22945904,3527,3527,1.8361300228699305e+18,2024-09-17,NEG,ironic,
22945905,3528,3528,1.8361300213644247e+18,2024-09-17,NEU,not ironic,
22945906,3529,3529,1.8361300211085192e+18,2024-09-17,NEG,ironic,
22945907,3530,3530,1.83613002090274e+18,2024-09-17,NEG,ironic,
22945908,3531,3531,1.8361300207309947e+18,2024-09-17,NEU,not ironic,
22945909,3532,3532,1.8361300203577388e+18,2024-09-17,NEG,ironic,
22945910,3533,3533,1.83613002005556e+18,2024-09-17,NEU,not ironic,
22945911,3534,3534,1.8361300190952527e+18,2024-09-17,NEU,not ironic,
22945912,3535,3535,1.8361300185078008e+18,2024-09-17,NEG,ironic,
22945913,3536,3536,1.836130018436514e+18,2024-09-17,NEU,not ironic,
22945914,3537,3537,1.8361300183822213e+18,2024-09-17,NEU,ironic,
22945915,3538,3538,1.8361300168719808e+18,2024-09-17,NEG,not ironic,
22945916,3539,3539,1.8361300161422213e+18,2024-09-17,NEG,not ironic,
22945917,3540,3540,1.8361300154210427e+18,2024-09-17,NEG,ironic,
22945918,3541,3541,1.836130014128956e+18,2024-09-17,POS,not ironic,
22945919,3542,3542,1.836130013961192e+18,2024-09-17,NEU,not ironic,
22945920,3543,3543,1.8361300137304804e+18,2024-09-17,NEU,not ironic,
22945921,3544,3544,1.8361300134035704e+18,2024-09-17,NEG,ironic,
22945922,3545,3545,1.8361300129545137e+18,2024-09-17,NEG,not ironic,
22945923,3546,3546,1.8361300122918216e+18,2024-09-17,NEU,not ironic,
22945924,3547,3547,1.836130011662652e+18,2024-09-17,NEG,not ironic,
22945925,3548,3548,1.836130009678808e+18,2024-09-17,NEG,ironic,
22945926,3549,3549,1.8361300077662367e+18,2024-09-17,NEU,not ironic,
22945927,3550,3550,1.8361300067469888e+18,2024-09-17,POS,not ironic,
22945928,3551,3551,1.8361300067301545e+18,2024-09-17,NEU,not ironic,
22945930,3553,3553,1.8361300048178424e+18,2024-09-17,POS,ironic,
22945931,3554,3554,1.836130002451968e+18,2024-09-17,NEG,not ironic,
22945933,3556,3556,1.8361300020367887e+18,2024-09-17,NEG,not ironic,
22945934,3557,3557,1.836130002024436e+18,2024-09-17,NEG,ironic,
22945935,3558,3558,1.836130001420477e+18,2024-09-17,NEG,ironic,
22945936,3559,3559,1.8361300009378327e+18,2024-09-17,NEG,not ironic,
22945937,3560,3560,1.8361299997467484e+18,2024-09-17,NEU,not ironic,
22945938,3561,3561,1.836129999646012e+18,2024-09-17,NEU,ironic,
22945939,3562,3562,1.83612999907584e+18,2024-09-17,NEG,not ironic,
22945940,3563,3563,1.83612999883228e+18,2024-09-17,NEG,not ironic,
22945941,3564,3564,1.8361299984087124e+18,2024-09-17,NEG,not ironic,
22945942,3565,3565,1.8361299981111503e+18,2024-09-17,NEG,not ironic,
22945943,3566,3566,1.8361299980522496e+18,2024-09-17,NEU,not ironic,
22945944,3567,3567,1.836129995917255e+18,2024-09-17,NEU,not ironic,
22945945,3568,3568,1.8361299946089065e+18,2024-09-17,POS,ironic,
22945946,3569,3569,1.836129994449572e+18,2024-09-17,NEG,not ironic,
22945947,3570,3570,1.836129993899889e+18,2024-09-17,NEU,not ironic,
22945948,3571,3571,1.8361299906870072e+18,2024-09-17,NEU,not ironic,
22945949,3572,3572,1.8361299906117345e+18,2024-09-17,NEG,ironic,
22945950,3573,3573,1.836129990146168e+18,2024-09-17,NEU,not ironic,
22945951,3574,3574,1.8361299896722803e+18,2024-09-17,NEG,not ironic,
22945952,3575,3575,1.836129989571548e+18,2024-09-17,NEU,not ironic,
22945953,3576,3576,1.836129986014544e+18,2024-09-17,POS,not ironic,
22945954,3577,3577,1.8361299841522767e+18,2024-09-17,POS,ironic,
22945955,3578,3578,1.836129983980315e+18,2024-09-17,NEG,ironic,
22945956,3579,3579,1.8361299831039304e+18,2024-09-17,NEG,ironic,
22945957,3580,3580,1.8361299826509453e+18,2024-09-17,NEU,ironic,
22945958,3581,3581,1.8361299826425649e+18,2024-09-17,NEG,ironic,
22945959,3582,3582,1.8361299824663964e+18,2024-09-17,NEG,ironic,
22945960,3583,3583,1.8361299816485809e+18,2024-09-17,NEG,not ironic,
22945961,3584,3584,1.8361299792700908e+18,2024-09-17,NEG,not ironic,
22945962,3585,3585,1.836129978586481e+18,2024-09-17,NEU,not ironic,
22945963,3586,3586,1.8361299778358848e+18,2024-09-17,NEG,not ironic,
22945965,3588,3588,1.8361299768963607e+18,2024-09-17,NEG,not ironic,
22945966,3589,3589,1.8361299736958897e+18,2024-09-17,NEG,not ironic,
22945968,3591,3591,1.8361299694553907e+18,2024-09-17,POS,not ironic,
22945969,3592,3592,1.836129968742396e+18,2024-09-17,NEU,not ironic,
22945970,3593,3593,1.836129968235128e+18,2024-09-17,NEG,not ironic,
22945971,3594,3594,1.8361299668423724e+18,2024-09-17,NEG,ironic,
22945972,3595,3595,1.83612996639776e+18,2024-09-17,POS,not ironic,
22945973,3596,3596,1.8361299657057687e+18,2024-09-17,NEG,not ironic,
22945974,3597,3597,1.836129964237734e+18,2024-09-17,NEU,not ironic,
22945975,3598,3598,1.836129963654652e+18,2024-09-17,POS,not ironic,
22945976,3599,3599,1.836129963457868e+18,2024-09-17,POS,not ironic,
22945977,3600,3600,1.8361299626480192e+18,2024-09-17,NEG,not ironic,
22945978,3601,3601,1.8361299618891407e+18,2024-09-17,NEG,not ironic,
22945979,3602,3602,1.8361299592174024e+18,2024-09-17,POS,not ironic,
22945980,3603,3603,1.836129958940304e+18,2024-09-17,NEG,not ironic,
22945981,3604,3604,1.8361299588189555e+18,2024-09-17,NEG,not ironic,
22945982,3605,3605,1.8361299541714168e+18,2024-09-17,NEU,not ironic,
22945983,3606,3606,1.8361299516340884e+18,2024-09-17,NEG,not ironic,
22945984,3607,3607,1.8361299479177336e+18,2024-09-17,NEU,ironic,
22945985,3608,3608,1.8361299460514327e+18,2024-09-17,NEU,not ironic,
22945986,3609,3609,1.8361299451874675e+18,2024-09-17,POS,not ironic,
22945987,3610,3610,1.8361299440130168e+18,2024-09-17,NEG,ironic,
22945988,3611,3611,1.8361299439710743e+18,2024-09-17,NEG,not ironic,
22945989,3612,3612,1.8361299434758843e+18,2024-09-17,POS,ironic,
22945990,3613,3613,1.8361299432200645e+18,2024-09-17,NEG,ironic,
22945991,3614,3614,1.836129941425132e+18,2024-09-17,NEG,ironic,
22945992,3615,3615,1.8361299404350712e+18,2024-09-17,NEG,ironic,
22945993,3616,3616,1.836129938971517e+18,2024-09-17,NEG,not ironic,
22945994,3617,3617,1.8361299384091853e+18,2024-09-17,NEG,not ironic,
22945995,3618,3618,1.836129938342289e+18,2024-09-17,POS,not ironic,
22945996,3619,3619,1.8361299366730588e+18,2024-09-17,NEU,not ironic,
22945997,3620,3620,1.836129935850685e+18,2024-09-17,NEU,not ironic,
22945998,3621,3621,1.836129935812932e+18,2024-09-17,NEU,not ironic,
22945999,3622,3622,1.8361299353179507e+18,2024-09-17,NEG,not ironic,
22946000,3623,3623,1.8361299330113905e+18,2024-09-17,NEG,ironic,
22946001,3624,3624,1.8361299327720164e+18,2024-09-17,NEG,not ironic,
22946002,3625,3625,1.8361299324532165e+18,2024-09-17,NEU,not ironic,
22946003,3626,3626,1.836129931278836e+18,2024-09-17,NEG,ironic,
22946004,3627,3627,1.836129929454584e+18,2024-09-17,NEG,ironic,
22946005,3628,3628,1.8361299272820083e+18,2024-09-17,NEG,ironic,
22946006,3629,3629,1.8361299272274127e+18,2024-09-17,POS,ironic,
22946007,3630,3630,1.8361299256670948e+18,2024-09-17,NEU,ironic,
22946008,3631,3631,1.8361299252854287e+18,2024-09-17,NEU,ironic,
22946009,3632,3632,1.8361299252306327e+18,2024-09-17,NEG,ironic,
22946010,3633,3633,1.836129924958368e+18,2024-09-17,POS,ironic,
22946011,3634,3634,1.8361299246308723e+18,2024-09-17,NEG,not ironic,
22946012,3635,3635,1.8361299241527465e+18,2024-09-17,NEG,ironic,
22946013,3636,3636,1.836129923225772e+18,2024-09-17,NEG,ironic,
22946014,3637,3637,1.8361299224962127e+18,2024-09-17,NEG,ironic,
22946015,3638,3638,1.8361299206884928e+18,2024-09-17,NEU,not ironic,
22946016,3639,3639,1.8361299196776896e+18,2024-09-17,NEU,ironic,
22946017,3640,3640,1.836129919408976e+18,2024-09-17,NEU,ironic,
22946018,3641,3641,1.83612991880086e+18,2024-09-17,NEU,not ironic,
22946019,3642,3642,1.8361299187088056e+18,2024-09-17,NEU,not ironic,
22946020,3643,3643,1.8361299181761047e+18,2024-09-17,NEG,not ironic,
22946021,3644,3644,1.836129918121292e+18,2024-09-17,NEG,not ironic,
22946022,3645,3645,1.83612991773148e+18,2024-09-17,NEG,not ironic,
22946023,3646,3646,1.8361299174798707e+18,2024-09-17,NEG,ironic,
22946024,3647,3647,1.8361299151014587e+18,2024-09-17,NEU,not ironic,
22946025,3648,3648,1.8361299139270943e+18,2024-09-17,NEG,ironic,
22946026,3649,3649,1.83612991365884e+18,2024-09-17,POS,ironic,
22946027,3650,3650,1.8361299131216817e+18,2024-09-17,NEG,ironic,
22946028,3651,3651,1.8361299129416663e+18,2024-09-17,POS,not ironic,
22946029,3652,3652,1.8361299126981555e+18,2024-09-17,NEG,ironic,
22946030,3653,3653,1.836129911053964e+18,2024-09-17,NEU,not ironic,
22946031,3654,3654,1.8361299106724948e+18,2024-09-17,NEU,not ironic,
22946032,3655,3655,1.836129909229384e+18,2024-09-17,NEU,not ironic,
22946033,3656,3656,1.8361299061968973e+18,2024-09-17,NEG,ironic,
22946034,3657,3657,1.8361299049973435e+18,2024-09-17,POS,not ironic,
22946035,3658,3658,1.836129903395377e+18,2024-09-17,NEU,not ironic,
22946036,3659,3659,1.836129903110128e+18,2024-09-17,NEU,not ironic,
22946037,3660,3660,1.836129902602728e+18,2024-09-17,NEG,ironic,
22946038,3661,3661,1.8361299018896225e+18,2024-09-17,NEU,not ironic,
22946039,3662,3662,1.8361299016126136e+18,2024-09-17,NEG,ironic,
22946040,3663,3663,1.836129901193368e+18,2024-09-17,NEG,ironic,
22946041,3664,3664,1.8361299009207337e+18,2024-09-17,NEG,not ironic,
22946042,3665,3665,1.83612990068566e+18,2024-09-17,POS,ironic,
22946043,3666,3666,1.8361299000271508e+18,2024-09-17,NEG,not ironic,
22946044,3667,3667,1.8361298976867e+18,2024-09-17,NEU,ironic,
22946045,3668,3668,1.8361298973344115e+18,2024-09-17,NEG,not ironic,
22946046,3669,3669,1.836129896977814e+18,2024-09-17,POS,ironic,
22946048,3671,3671,1.836129896856195e+18,2024-09-17,NEU,not ironic,
22946049,3672,3672,1.8361298943356808e+18,2024-09-17,NEU,ironic,
22946050,3673,3673,1.8361298943144512e+18,2024-09-17,NEG,ironic,
22946051,3674,3674,1.8361298928338327e+18,2024-09-17,NEU,not ironic,
22946052,3675,3675,1.836129891558752e+18,2024-09-17,NEG,not ironic,
22946053,3676,3676,1.836129891399684e+18,2024-09-17,NEG,not ironic,
22946054,3677,3677,1.8361298902837327e+18,2024-09-17,NEG,not ironic,
22946055,3678,3678,1.8361298898014367e+18,2024-09-17,NEG,not ironic,
22946056,3679,3679,1.8361298894155448e+18,2024-09-17,NEG,ironic,
22946057,3680,3680,1.8361298893735365e+18,2024-09-17,POS,not ironic,
22946058,3681,3681,1.8361298892521843e+18,2024-09-17,NEU,not ironic,
22946059,3682,3682,1.836129889113772e+18,2024-09-17,NEG,not ironic,
22946060,3683,3683,1.8361298890170647e+18,2024-09-17,NEG,not ironic,
22946061,3684,3684,1.8361298887866168e+18,2024-09-17,NEG,not ironic,
22946062,3685,3685,1.83612988851379e+18,2024-09-17,NEG,ironic,
22946063,3686,3686,1.8361298881574712e+18,2024-09-17,NEG,not ironic,
22946064,3687,3687,1.836129887071228e+18,2024-09-17,POS,not ironic,
22946065,3688,3688,1.8361298867060083e+18,2024-09-17,NEU,ironic,
22946066,3689,3689,1.836129886068708e+18,2024-09-17,NEG,ironic,
22946067,3690,3690,1.836129885904892e+18,2024-09-17,NEG,not ironic,
22946068,3691,3691,1.8361298840051087e+18,2024-09-17,NEG,ironic,
22946069,3692,3692,1.8361298834976568e+18,2024-09-17,POS,ironic,
22946070,3693,3693,1.8361298833882888e+18,2024-09-17,NEU,not ironic,
22946071,3694,3694,1.8361298833214057e+18,2024-09-17,NEU,not ironic,
22946072,3695,3695,1.8361298809095168e+18,2024-09-17,NEG,ironic,
22946073,3696,3696,1.836129880611918e+18,2024-09-17,POS,not ironic,
22946074,3697,3697,1.836129880032904e+18,2024-09-17,NEG,ironic,
22946075,3698,3698,1.8361298799573284e+18,2024-09-17,NEG,not ironic,
22946076,3699,3699,1.8361298796556744e+18,2024-09-17,NEU,not ironic,
22946077,3700,3700,1.836129879202452e+18,2024-09-17,NEG,ironic,
22946078,3701,3701,1.836129878975857e+18,2024-09-17,NEU,not ironic,
22946079,3702,3702,1.836129873242526e+18,2024-09-17,NEU,not ironic,
22946080,3703,3703,1.8361298732087176e+18,2024-09-17,NEU,not ironic,
22946081,3704,3704,1.8361298727977329e+18,2024-09-17,NEG,ironic,
22946082,3705,3705,1.8361298710656824e+18,2024-09-17,NEU,not ironic,
22946083,3706,3706,1.836129870738301e+18,2024-09-17,NEU,ironic,
22946084,3707,3707,1.836129870361039e+18,2024-09-17,NEU,not ironic,
22946085,3708,3708,1.8361298701764887e+18,2024-09-17,NEU,not ironic,
22946086,3709,3709,1.836129870163608e+18,2024-09-17,POS,not ironic,
22946087,3710,3710,1.836129870109201e+18,2024-09-17,POS,not ironic,
22946088,3711,3711,1.8361298699538967e+18,2024-09-17,NEG,not ironic,
22946089,3712,3712,1.8361298696731727e+18,2024-09-17,POS,not ironic,
22946090,3713,3713,1.8361298695054167e+18,2024-09-17,NEG,ironic,
22946091,3714,3714,1.8361298691531407e+18,2024-09-17,NEG,not ironic,
22946092,3715,3715,1.836129868439794e+18,2024-09-17,NEU,not ironic,
22946093,3716,3716,1.836129868334896e+18,2024-09-17,NEU,not ironic,
22946094,3717,3717,1.8361298682972324e+18,2024-09-17,POS,not ironic,
22946095,3718,3718,1.8361298654492344e+18,2024-09-17,NEG,ironic,
22946096,3719,3719,1.83612986416162e+18,2024-09-17,NEG,not ironic,
22946097,3720,3720,1.8361298631759053e+18,2024-09-17,NEU,not ironic,
22946098,3721,3721,1.8361298629411308e+18,2024-09-17,NEG,ironic,
22946099,3722,3722,1.836129861779534e+18,2024-09-17,NEG,ironic,
22946100,3723,3723,1.8361298601269368e+18,2024-09-17,NEG,ironic,
22946101,3724,3724,1.8361298578072527e+18,2024-09-17,NEU,ironic,
22946102,3725,3725,1.8361298570105697e+18,2024-09-17,POS,not ironic,
22946103,3726,3726,1.8361298566540536e+18,2024-09-17,NEG,ironic,
22946104,3727,3727,1.8361298563812188e+18,2024-09-17,NEG,ironic,
22946105,3728,3728,1.8361298557855665e+18,2024-09-17,NEG,not ironic,
22946106,3729,3729,1.8361298556180608e+18,2024-09-17,NEG,not ironic,
22946107,3730,3730,1.8361298554293169e+18,2024-09-17,POS,not ironic,
22946108,3731,3731,1.8361298550014976e+18,2024-09-17,NEU,not ironic,
22946109,3732,3732,1.8361298537387213e+18,2024-09-17,NEU,ironic,
22946110,3733,3733,1.8361298531014776e+18,2024-09-17,POS,not ironic,
22946111,3734,3734,1.8361298530930893e+18,2024-09-17,NEG,not ironic,
22946112,3735,3735,1.836129852484916e+18,2024-09-17,NEG,not ironic,
22946113,3736,3736,1.8361298503625976e+18,2024-09-17,NEG,not ironic,
22946114,3737,3737,1.8361298501738908e+18,2024-09-17,POS,ironic,
22946116,3739,3739,1.836129842540221e+18,2024-09-17,NEU,not ironic,
22946117,3740,3740,1.8361298410762e+18,2024-09-17,NEG,ironic,
22946118,3741,3741,1.8361298409631624e+18,2024-09-17,NEU,not ironic,
22946119,3742,3742,1.8361298396461512e+18,2024-09-17,NEG,ironic,
22946120,3743,3743,1.836129836076798e+18,2024-09-17,NEU,ironic,
22946121,3744,3744,1.8361298347930867e+18,2024-09-17,NEG,not ironic,
22946122,3745,3745,1.8361298338284047e+18,2024-09-17,NEU,not ironic,
22946123,3746,3746,1.836129832767218e+18,2024-09-17,NEG,ironic,
22946124,3747,3747,1.836129832633275e+18,2024-09-17,NEU,not ironic,
22946125,3748,3748,1.836129832150717e+18,2024-09-17,NEG,not ironic,
22946126,3749,3749,1.8361298319703245e+18,2024-09-17,NEG,ironic,
22946127,3750,3750,1.8361298305697385e+18,2024-09-17,NEU,not ironic,
22946128,3751,3751,1.836129830460625e+18,2024-09-17,NEG,not ironic,
22946129,3752,3752,1.8361298300744868e+18,2024-09-17,NEG,ironic,
22946130,3753,3753,1.836129829248472e+18,2024-09-17,POS,ironic,
22946131,3754,3754,1.8361298246051471e+18,2024-09-17,NEU,not ironic,
22946132,3755,3755,1.8361298236698127e+18,2024-09-17,NEG,ironic,
22946133,3756,3756,1.8361298234938573e+18,2024-09-17,NEU,not ironic,
22946134,3757,3757,1.8361298219879176e+18,2024-09-17,NEG,ironic,
22946135,3758,3758,1.836129821279372e+18,2024-09-17,NEU,ironic,
22946136,3759,3759,1.836129819488145e+18,2024-09-17,NEU,not ironic,
22946137,3760,3760,1.836129819173716e+18,2024-09-17,NEG,not ironic,
22946138,3761,3761,1.8361298186869307e+18,2024-09-17,NEU,not ironic,
22946139,3762,3762,1.836129818674385e+18,2024-09-17,POS,not ironic,
22946140,3763,3763,1.836129818175226e+18,2024-09-17,NEU,not ironic,
22946141,3764,3764,1.8361298160655e+18,2024-09-17,POS,not ironic,
22946142,3765,3765,1.8361298157092785e+18,2024-09-17,NEU,not ironic,
22946143,3766,3766,1.8361298143081805e+18,2024-09-17,POS,ironic,
22946144,3767,3767,1.8361298130962068e+18,2024-09-17,NEG,not ironic,
22946145,3768,3768,1.836129812470973e+18,2024-09-17,NEG,ironic,
22946146,3769,3769,1.8361298121735373e+18,2024-09-17,NEG,not ironic,
22946147,3770,3770,1.8361298119508992e+18,2024-09-17,NEU,ironic,
22946148,3771,3771,1.836129809799246e+18,2024-09-17,NEU,ironic,
22946149,3772,3772,1.8361298088935304e+18,2024-09-17,NEG,ironic,
22946150,3773,3773,1.8361298071109348e+18,2024-09-17,NEG,not ironic,
22946151,3774,3774,1.836129805714232e+18,2024-09-17,POS,ironic,
22946152,3775,3775,1.836129805621703e+18,2024-09-17,NEG,ironic,
22946153,3776,3776,1.8361298050219791e+18,2024-09-17,POS,not ironic,
22946154,3777,3777,1.83612980261884e+18,2024-09-17,NEU,not ironic,
22946155,3778,3778,1.83612980240468e+18,2024-09-17,NEU,ironic,
22946156,3779,3779,1.836129801775538e+18,2024-09-17,NEG,ironic,
22946157,3780,3780,1.8361297999719424e+18,2024-09-17,NEG,not ironic,
22946158,3781,3781,1.836129799858983e+18,2024-09-17,NEU,not ironic,
22946159,3782,3782,1.836129797275292e+18,2024-09-17,NEG,ironic,
22946160,3783,3783,1.836129796167783e+18,2024-09-17,NEG,ironic,
22946161,3784,3784,1.8361297956856504e+18,2024-09-17,NEU,not ironic,
22946162,3785,3785,1.8361297949429765e+18,2024-09-17,NEG,ironic,
22946163,3786,3786,1.836129793835749e+18,2024-09-17,NEG,ironic,
22946164,3787,3787,1.836129792720352e+18,2024-09-17,NEU,ironic,
22946165,3788,3788,1.8361297911894016e+18,2024-09-17,NEG,ironic,
22946166,3789,3789,1.8361297910422807e+18,2024-09-17,NEU,not ironic,
22946167,3790,3790,1.836129790488908e+18,2024-09-17,NEU,not ironic,
22946168,3791,3791,1.8361297892010232e+18,2024-09-17,NEG,ironic,
22946170,3793,3793,1.836129783702262e+18,2024-09-17,POS,ironic,
22946171,3794,3794,1.83612978362674e+18,2024-09-17,NEU,not ironic,
22946172,3795,3795,1.8361297829559383e+18,2024-09-17,NEG,ironic,
22946173,3796,3796,1.8361297824526213e+18,2024-09-17,NEG,ironic,
22946174,3797,3797,1.8361297807369216e+18,2024-09-17,NEG,not ironic,
22946175,3798,3798,1.836129780170998e+18,2024-09-17,POS,not ironic,
22946176,3799,3799,1.8361297780441623e+18,2024-09-17,NEU,not ironic,
22946177,3800,3800,1.836129777708864e+18,2024-09-17,POS,ironic,
22946178,3801,3801,1.8361297774655944e+18,2024-09-17,NEG,not ironic,
22946179,3802,3802,1.8361297769368248e+18,2024-09-17,NEG,not ironic,
22946180,3803,3803,1.8361297761021668e+18,2024-09-17,NEG,ironic,
22946181,3804,3804,1.836129774743536e+18,2024-09-17,NEG,not ironic,
22946182,3805,3805,1.836129774369948e+18,2024-09-17,POS,ironic,
22946183,3806,3806,1.836129774366004e+18,2024-09-17,NEU,not ironic,
22946184,3807,3807,1.8361297741769728e+18,2024-09-17,POS,not ironic,
22946186,3809,3809,1.8361297740679537e+18,2024-09-17,NEG,not ironic,
22946187,3810,3810,1.8361297735772777e+18,2024-09-17,NEU,ironic,
22946188,3811,3811,1.836129773346788e+18,2024-09-17,NEU,ironic,
22946189,3812,3812,1.8361297731410043e+18,2024-09-17,NEG,ironic,
22946190,3813,3813,1.8361297722227144e+18,2024-09-17,NEG,ironic,
22946191,3814,3814,1.8361297719332823e+18,2024-09-17,NEU,ironic,
22946192,3815,3815,1.836129771853615e+18,2024-09-17,NEG,ironic,
22946193,3816,3816,1.8361297712244687e+18,2024-09-17,POS,ironic,
22946194,3817,3817,1.8361297691273912e+18,2024-09-17,NEG,not ironic,
22946196,3819,3819,1.8361297666441093e+18,2024-09-17,NEU,not ironic,
22946197,3820,3820,1.8361297666230684e+18,2024-09-17,NEG,not ironic,
22946198,3821,3821,1.8361297644506688e+18,2024-09-17,POS,not ironic,
22946199,3822,3822,1.8361297635488927e+18,2024-09-17,NEG,ironic,
22946201,3824,3824,1.836129762563232e+18,2024-09-17,NEG,not ironic,
22946202,3825,3825,1.836129762084803e+18,2024-09-17,NEG,not ironic,
22946203,3826,3826,1.8361297618792983e+18,2024-09-17,NEU,not ironic,
22946204,3827,3827,1.836129761237578e+18,2024-09-17,NEG,ironic,
22946205,3828,3828,1.83612976033586e+18,2024-09-17,NEG,not ironic,
22946206,3829,3829,1.8361297602058445e+18,2024-09-17,NEG,not ironic,
22946207,3830,3830,1.836129758167356e+18,2024-09-17,NEU,not ironic,
22946208,3831,3831,1.83612975482058e+18,2024-09-17,NEU,ironic,
22946209,3832,3832,1.8361297542375383e+18,2024-09-17,NEG,ironic,
22946211,3834,3834,1.8361297533984768e+18,2024-09-17,NEG,not ironic,
22946212,3835,3835,1.83612975335254e+18,2024-09-17,NEG,not ironic,
22946213,3836,3836,1.8361297522787983e+18,2024-09-17,POS,not ironic,
22946215,3838,3838,1.836129750546514e+18,2024-09-17,NEG,not ironic,
22946216,3839,3839,1.8361297498625969e+18,2024-09-17,NEU,not ironic,
22946217,3840,3840,1.8361297496531643e+18,2024-09-17,NEG,ironic,
22946218,3841,3841,1.8361297484494e+18,2024-09-17,NEG,not ironic,
22946219,3842,3842,1.8361297477908928e+18,2024-09-17,NEG,not ironic,
22946220,3843,3843,1.8361297476983928e+18,2024-09-17,POS,not ironic,
22946221,3844,3844,1.8361297460796168e+18,2024-09-17,NEU,not ironic,
22946222,3845,3845,1.8361297457018348e+18,2024-09-17,NEG,ironic,
22946223,3846,3846,1.836129745383154e+18,2024-09-17,POS,not ironic,
22946225,3848,3848,1.8361297446787443e+18,2024-09-17,NEU,not ironic,
22946226,3849,3849,1.8361297441205824e+18,2024-09-17,NEG,ironic,
22946227,3850,3850,1.8361297440996844e+18,2024-09-17,NEG,ironic,
22946228,3851,3851,1.8361297431350152e+18,2024-09-17,NEG,ironic,
22946229,3852,3852,1.8361297428709745e+18,2024-09-17,NEU,not ironic,
22946230,3853,3853,1.836129742619112e+18,2024-09-17,NEU,ironic,
22946231,3854,3854,1.836129742346482e+18,2024-09-17,NEG,not ironic,
22946232,3855,3855,1.8361297417340808e+18,2024-09-17,NEU,ironic,
22946233,3856,3856,1.8361297411303388e+18,2024-09-17,NEG,not ironic,
22946234,3857,3857,1.8361297393016207e+18,2024-09-17,NEG,not ironic,
22946235,3858,3858,1.8361297390665444e+18,2024-09-17,NEG,ironic,
22946236,3859,3859,1.8361297387690028e+18,2024-09-17,NEG,not ironic,
22946237,3860,3860,1.8361297363905743e+18,2024-09-17,NEU,ironic,
22946238,3861,3861,1.8361297353461967e+18,2024-09-17,NEG,not ironic,
22946239,3862,3862,1.8361297346163305e+18,2024-09-17,NEG,ironic,
22946240,3863,3863,1.836129734222128e+18,2024-09-17,NEG,not ironic,
22946241,3864,3864,1.836129732687016e+18,2024-09-17,NEG,not ironic,
22946242,3865,3865,1.8361297302670912e+18,2024-09-17,POS,not ironic,
22946243,3866,3866,1.8361297296547228e+18,2024-09-17,NEU,ironic,
22946244,3867,3867,1.8361297291472325e+18,2024-09-17,NEG,not ironic,
22946245,3868,3868,1.8361297278763377e+18,2024-09-17,NEG,ironic,
22946246,3869,3869,1.836129726643032e+18,2024-09-17,NEU,not ironic,
22946247,3870,3870,1.8361297253007488e+18,2024-09-17,NEG,ironic,
22946249,3872,3872,1.836129720649294e+18,2024-09-17,NEG,not ironic,
22946250,3873,3873,1.8361297202550707e+18,2024-09-17,NEU,ironic,
22946251,3874,3874,1.8361297187579208e+18,2024-09-17,NEG,not ironic,
22946252,3875,3875,1.8361297172982748e+18,2024-09-17,NEG,ironic,
22946253,3876,3876,1.8361297170843927e+18,2024-09-17,NEG,not ironic,
22946254,3877,3877,1.836129714873799e+18,2024-09-17,NEG,ironic,
22946255,3878,3878,1.836129714521432e+18,2024-09-17,NEU,not ironic,
22946256,3879,3879,1.836129712847889e+18,2024-09-17,POS,ironic,
22946257,3880,3880,1.836129711589856e+18,2024-09-17,NEU,not ironic,
22946258,3881,3881,1.8361297115353664e+18,2024-09-17,NEG,ironic,
22946259,3882,3882,1.836129710495142e+18,2024-09-17,NEU,not ironic,
22946260,3883,3883,1.8361297103481124e+18,2024-09-17,NEU,not ironic,
22946261,3884,3884,1.8361297101761705e+18,2024-09-17,NEG,ironic,
22946262,3885,3885,1.8361297089052552e+18,2024-09-17,NEG,not ironic,
22946263,3886,3886,1.8361297084690063e+18,2024-09-17,NEG,not ironic,
22946264,3887,3887,1.8361297075043863e+18,2024-09-17,NEG,not ironic,
22946265,3888,3888,1.836129707483452e+18,2024-09-17,NEU,not ironic,
22946266,3889,3889,1.836129706225341e+18,2024-09-17,NEU,not ironic,
22946267,3890,3890,1.836129705109664e+18,2024-09-17,NEG,not ironic,
22946268,3891,3891,1.8361297051054607e+18,2024-09-17,POS,ironic,
22946269,3892,3892,1.836129705101268e+18,2024-09-17,POS,not ironic,
22946270,3893,3893,1.8361297044760947e+18,2024-09-17,NEG,not ironic,
22946271,3894,3894,1.8361297032431903e+18,2024-09-17,POS,not ironic,
22946272,3895,3895,1.8361297030248527e+18,2024-09-17,NEG,ironic,
22946273,3896,3896,1.836129701842064e+18,2024-09-17,NEG,not ironic,
22946274,3897,3897,1.8361297009028344e+18,2024-09-17,NEU,not ironic,
22946275,3898,3898,1.8361296988305167e+18,2024-09-17,NEG,ironic,
22946276,3899,3899,1.836129698503664e+18,2024-09-17,NEU,not ironic,
22946277,3900,3900,1.836129697740264e+18,2024-09-17,NEG,not ironic,
22946278,3901,3901,1.836129697463239e+18,2024-09-17,NEU,not ironic,
22946279,3902,3902,1.8361296973248143e+18,2024-09-17,NEU,not ironic,
22946280,3903,3903,1.836129696615936e+18,2024-09-17,NEG,not ironic,
22946281,3904,3904,1.836129695395648e+18,2024-09-17,NEG,ironic,
22946282,3905,3905,1.8361296944602808e+18,2024-09-17,NEG,not ironic,
22946283,3906,3906,1.8361296938812173e+18,2024-09-17,POS,not ironic,
22946284,3907,3907,1.8361296931684723e+18,2024-09-17,NEU,not ironic,
22946285,3908,3908,1.836129692832928e+18,2024-09-17,NEU,ironic,
22946286,3909,3909,1.8361296920695644e+18,2024-09-17,NEU,ironic,
22946287,3910,3910,1.836129692040188e+18,2024-09-17,NEG,ironic,
22946288,3911,3911,1.8361296912597688e+18,2024-09-17,POS,not ironic,
22946289,3912,3912,1.8361296887977329e+18,2024-09-17,NEG,ironic,
22946290,3913,3913,1.8361296873717105e+18,2024-09-17,NEG,not ironic,
22946291,3914,3914,1.8361296849350536e+18,2024-09-17,NEU,ironic,
22946292,3915,3915,1.836129680824636e+18,2024-09-17,NEG,not ironic,
22946293,3916,3916,1.836129680463708e+18,2024-09-17,NEG,not ironic,
22946294,3917,3917,1.8361296775360228e+18,2024-09-17,NEU,not ironic,
22946295,3918,3918,1.8361296765967767e+18,2024-09-17,NEU,ironic,
22946296,3919,3919,1.8361296764038392e+18,2024-09-17,NEG,not ironic,
22946297,3920,3920,1.8361296763157588e+18,2024-09-17,NEU,not ironic,
22946298,3921,3921,1.836129675753776e+18,2024-09-17,NEG,not ironic,
22946299,3922,3922,1.8361296754559263e+18,2024-09-17,NEG,not ironic,
22946300,3923,3923,1.8361296745038564e+18,2024-09-17,NEU,not ironic,
22946301,3924,3924,1.83612967376962e+18,2024-09-17,NEG,not ironic,
22946302,3925,3925,1.83612967329144e+18,2024-09-17,NEG,ironic,
22946303,3926,3926,1.8361296711816973e+18,2024-09-17,NEG,not ironic,
22946304,3927,3927,1.8361296705986767e+18,2024-09-17,NEU,not ironic,
22946305,3928,3928,1.8361296701456463e+18,2024-09-17,POS,not ironic,
22946306,3929,3929,1.8361296694832376e+18,2024-09-17,NEG,ironic,
22946307,3930,3930,1.836129669206147e+18,2024-09-17,NEG,not ironic,
22946308,3931,3931,1.836129669046744e+18,2024-09-17,NEG,ironic,
22946309,3932,3932,1.8361296685647007e+18,2024-09-17,NEU,not ironic,
22946310,3933,3933,1.8361296683547853e+18,2024-09-17,NEG,ironic,
22946311,3934,3934,1.836129668212368e+18,2024-09-17,NEU,not ironic,
22946312,3935,3935,1.836129667797128e+18,2024-09-17,NEU,not ironic,
22946313,3936,3936,1.8361296675451825e+18,2024-09-17,NEG,not ironic,
22946314,3937,3937,1.836129663938151e+18,2024-09-17,NEG,ironic,
22946315,3938,3938,1.8361296629233464e+18,2024-09-17,NEU,ironic,
22946316,3939,3939,1.8361296628939853e+18,2024-09-17,NEU,ironic,
22946317,3940,3940,1.836129661845148e+18,2024-09-17,NEG,not ironic,
22946318,3941,3941,1.836129661627368e+18,2024-09-17,NEG,ironic,
22946319,3942,3942,1.8361296606751951e+18,2024-09-17,NEU,not ironic,
22946320,3943,3943,1.8361296597314808e+18,2024-09-17,NEU,not ironic,
22946321,3944,3944,1.8361296596851087e+18,2024-09-17,NEU,not ironic,
22946322,3945,3945,1.8361296595427249e+18,2024-09-17,NEG,not ironic,
22946323,3946,3946,1.83612965753786e+18,2024-09-17,NEG,not ironic,
22946324,3947,3947,1.8361296553778296e+18,2024-09-17,NEG,ironic,
22946325,3948,3948,1.8361296547696192e+18,2024-09-17,NEG,not ironic,
22946326,3949,3949,1.836129653339128e+18,2024-09-17,NEG,ironic,
22946327,3950,3950,1.8361296530625367e+18,2024-09-17,NEG,ironic,
22946328,3951,3951,1.8361296523577065e+18,2024-09-17,NEG,ironic,
22946329,3952,3952,1.8361296521985108e+18,2024-09-17,NEG,not ironic,
22946330,3953,3953,1.836129652156568e+18,2024-09-17,NEG,ironic,
22946331,3954,3954,1.8361296521523896e+18,2024-09-17,POS,not ironic,
22946332,3955,3955,1.8361296509567224e+18,2024-09-17,NEG,not ironic,
22946333,3956,3956,1.836129650508239e+18,2024-09-17,NEG,ironic,
22946334,3957,3957,1.836129648905688e+18,2024-09-17,NEG,not ironic,
22946335,3958,3958,1.8361296487844047e+18,2024-09-17,NEG,ironic,
22946336,3959,3959,1.8361296485618647e+18,2024-09-17,NEG,ironic,
22946337,3960,3960,1.8361296475805617e+18,2024-09-17,NEU,not ironic,
22946338,3961,3961,1.8361296472406016e+18,2024-09-17,NEG,ironic,
22946339,3962,3962,1.8361296470224727e+18,2024-09-17,NEU,not ironic,
22946340,3963,3963,1.836129645340824e+18,2024-09-17,NEG,not ironic,
22946341,3964,3964,1.836129645038834e+18,2024-09-17,NEG,not ironic,
22946342,3965,3965,1.836129644728456e+18,2024-09-17,NEU,not ironic,
22946343,3966,3966,1.8361296446319903e+18,2024-09-17,NEU,not ironic,
22946344,3967,3967,1.836129643784512e+18,2024-09-17,NEG,ironic,
22946345,3968,3968,1.8361296414610924e+18,2024-09-17,NEU,not ironic,
22946346,3969,3969,1.8361296397831864e+18,2024-09-17,NEG,not ironic,
22946347,3970,3970,1.8361296394349568e+18,2024-09-17,NEG,ironic,
22946348,3971,3971,1.8361296385458127e+18,2024-09-17,POS,ironic,
22946349,3972,3972,1.8361296383237448e+18,2024-09-17,POS,not ironic,
22946350,3973,3973,1.8361296368806505e+18,2024-09-17,NEG,not ironic,
22946351,3974,3974,1.8361296361256435e+18,2024-09-17,NEG,ironic,
22946352,3975,3975,1.8361296351065247e+18,2024-09-17,NEG,ironic,
22946353,3976,3976,1.836129634104284e+18,2024-09-17,NEG,ironic,
22946354,3977,3977,1.83612963228815e+18,2024-09-17,NEG,not ironic,
22946355,3978,3978,1.8361296318771487e+18,2024-09-17,NEU,not ironic,
22946356,3979,3979,1.8361296302453435e+18,2024-09-17,NEG,not ironic,
22946357,3980,3980,1.8361296297377587e+18,2024-09-17,NEG,ironic,
22946358,3981,3981,1.836129628919928e+18,2024-09-17,POS,ironic,
22946359,3982,3982,1.8361296283368983e+18,2024-09-17,NEU,not ironic,
22946360,3983,3983,1.8361296275276063e+18,2024-09-17,NEG,not ironic,
22946361,3984,3984,1.836129626953073e+18,2024-09-17,NEG,not ironic,
22946362,3985,3985,1.8361296268813967e+18,2024-09-17,NEG,ironic,
22946363,3986,3986,1.8361296244109967e+18,2024-09-17,NEG,ironic,
22946364,3987,3987,1.8361296235640013e+18,2024-09-17,NEU,not ironic,
22946365,3988,3988,1.8361296219911665e+18,2024-09-17,NEG,ironic,
22946366,3989,3989,1.8361296188661228e+18,2024-09-17,NEU,ironic,
22946367,3990,3990,1.8361296186228367e+18,2024-09-17,NEU,not ironic,
22946368,3991,3991,1.8361296175785208e+18,2024-09-17,NEG,not ironic,
22946369,3992,3992,1.8361296160771569e+18,2024-09-17,NEG,not ironic,
22946370,3993,3993,1.836129616068776e+18,2024-09-17,POS,not ironic,
22946371,3994,3994,1.836129615988814e+18,2024-09-17,NEU,not ironic,
22946372,3995,3995,1.8361296155235164e+18,2024-09-17,NEG,not ironic,
22946373,3996,3996,1.836129614374343e+18,2024-09-17,NEG,ironic,
22946374,3997,3997,1.8361296143575e+18,2024-09-17,NEG,not ironic,
22946375,3998,3998,1.836129614219088e+18,2024-09-17,NEU,not ironic,
22946376,3999,3999,1.8361296140049203e+18,2024-09-17,NEU,ironic,
22946377,4000,4000,1.8361296134345687e+18,2024-09-17,NEU,not ironic,
22946378,4001,4001,1.836129613061256e+18,2024-09-17,NEU,not ironic,
22946379,4002,4002,1.836129611383739e+18,2024-09-17,NEU,not ironic,
22946380,4003,4003,1.8361296109976049e+18,2024-09-17,NEG,not ironic,
22946381,4004,4004,1.836129610884416e+18,2024-09-17,NEU,not ironic,
22946382,4005,4005,1.836129609802204e+18,2024-09-17,NEU,ironic,
22946383,4006,4006,1.83612960965542e+18,2024-09-17,NEG,not ironic,
22946384,4007,4007,1.8361296093747e+18,2024-09-17,NEU,not ironic,
22946385,4008,4008,1.83612960907665e+18,2024-09-17,NEU,ironic,
22946386,4009,4009,1.8361296080489964e+18,2024-09-17,NEU,ironic,
22946387,4010,4010,1.836129607969575e+18,2024-09-17,NEU,not ironic,
22946388,4011,4011,1.8361296077428288e+18,2024-09-17,NEG,not ironic,
22946389,4012,4012,1.8361296075585329e+18,2024-09-17,NEG,ironic,
22946390,4013,4013,1.8361296075038188e+18,2024-09-17,NEU,not ironic,
22946391,4014,4014,1.836129607403344e+18,2024-09-17,POS,not ironic,
22946392,4015,4015,1.8361296063545308e+18,2024-09-17,NEU,ironic,
22946393,4016,4016,1.836129605796721e+18,2024-09-17,NEG,ironic,
22946394,4017,4017,1.8361296042492275e+18,2024-09-17,NEG,not ironic,
22946395,4018,4018,1.8361296040225385e+18,2024-09-17,POS,not ironic,
22946396,4019,4019,1.8361296015520968e+18,2024-09-17,NEG,not ironic,
22946397,4020,4020,1.8361295998408049e+18,2024-09-17,NEG,ironic,
22946398,4021,4021,1.8361295961542208e+18,2024-09-17,NEG,not ironic,
22946399,4022,4022,1.8361295961120525e+18,2024-09-17,NEU,not ironic,
22946400,4023,4023,1.8361295960996948e+18,2024-09-17,POS,not ironic,
22946401,4024,4024,1.836129595747152e+18,2024-09-17,NEG,ironic,
22946402,4025,4025,1.8361295954116244e+18,2024-09-17,NEU,not ironic,
22946403,4026,4026,1.836129592785998e+18,2024-09-17,NEU,not ironic,
22946404,4027,4027,1.8361295922951703e+18,2024-09-17,NEG,ironic,
22946405,4028,4028,1.83612959122176e+18,2024-09-17,POS,ironic,
22946406,4029,4029,1.8361295909910405e+18,2024-09-17,NEG,ironic,
22946407,4030,4030,1.8361295897495183e+18,2024-09-17,NEU,not ironic,
22946408,4031,4031,1.836129589375951e+18,2024-09-17,NEU,not ironic,
22946409,4032,4032,1.836129589342671e+18,2024-09-17,NEG,ironic,
22946410,4033,4033,1.8361295888519089e+18,2024-09-17,NEG,not ironic,
22946411,4034,4034,1.836129588315067e+18,2024-09-17,POS,ironic,
22946412,4035,4035,1.8361295868386468e+18,2024-09-17,NEU,not ironic,
22946413,4036,4036,1.8361295849554744e+18,2024-09-17,POS,ironic,
22946414,4037,4037,1.8361295840242568e+18,2024-09-17,NEG,ironic,
22946415,4038,4038,1.8361295813609103e+18,2024-09-17,NEG,not ironic,
22946416,4039,4039,1.83612958071498e+18,2024-09-17,NEG,ironic,
22946417,4040,4040,1.8361295804672653e+18,2024-09-17,POS,not ironic,
22946418,4041,4041,1.836129580362748e+18,2024-09-17,NEG,not ironic,
22946419,4042,4042,1.8361295800688768e+18,2024-09-17,NEU,not ironic,
22946420,4043,4043,1.8361295799723868e+18,2024-09-17,NEG,ironic,
22946421,4044,4044,1.8361295790077133e+18,2024-09-17,NEU,not ironic,
22946422,4045,4045,1.8361295788063173e+18,2024-09-17,NEG,not ironic,
22946423,4046,4046,1.8361295785130068e+18,2024-09-17,NEG,not ironic,
22946424,4047,4047,1.8361295783155512e+18,2024-09-17,NEG,ironic,
22946425,4048,4048,1.8361295780513216e+18,2024-09-17,NEG,not ironic,
22946426,4049,4049,1.8361295776783887e+18,2024-09-17,NEG,ironic,
22946427,4050,4050,1.836129575153341e+18,2024-09-17,POS,not ironic,
22946428,4051,4051,1.8361295751112087e+18,2024-09-17,NEG,not ironic,
22946429,4052,4052,1.8361295743563896e+18,2024-09-17,NEG,ironic,
22946430,4053,4053,1.836129574163252e+18,2024-09-17,NEU,not ironic,
22946431,4054,4054,1.8361295727584668e+18,2024-09-17,NEG,ironic,
22946432,4055,4055,1.8361295718774047e+18,2024-09-17,NEG,ironic,
22946433,4056,4056,1.8361295716762668e+18,2024-09-17,NEG,ironic,
22946434,4057,4057,1.8361295716594857e+18,2024-09-17,NEU,not ironic,
22946435,4058,4058,1.8361295712526377e+18,2024-09-17,POS,ironic,
22946436,4059,4059,1.836129571076477e+18,2024-09-17,NEG,not ironic,
22946437,4060,4060,1.836129570938065e+18,2024-09-17,NEG,not ironic,
22946438,4061,4061,1.8361295708790497e+18,2024-09-17,NEU,not ironic,
22946439,4062,4062,1.8361295704344576e+18,2024-09-17,NEG,ironic,
22946440,4063,4063,1.836129570032104e+18,2024-09-17,NEG,ironic,
22946441,4064,4064,1.836129569944072e+18,2024-09-17,NEG,ironic,
22946442,4065,4065,1.836129569000317e+18,2024-09-17,NEU,not ironic,
22946443,4066,4066,1.836129568182408e+18,2024-09-17,POS,ironic,
22946444,4067,4067,1.8361295666260337e+18,2024-09-17,NEG,ironic,
22946445,4068,4068,1.836129566295004e+18,2024-09-17,NEG,not ironic,
22946446,4069,4069,1.836129566274048e+18,2024-09-17,POS,ironic,
22946447,4070,4070,1.836129566173336e+18,2024-09-17,NEU,not ironic,
22946448,4071,4071,1.8361295644827896e+18,2024-09-17,NEG,ironic,
22946449,4072,4072,1.8361295638244887e+18,2024-09-17,NEG,not ironic,
22946450,4073,4073,1.836129562255652e+18,2024-09-17,NEG,not ironic,
22946451,4074,4074,1.8361295619454769e+18,2024-09-17,NEU,not ironic,
22946452,4075,4075,1.836129561286972e+18,2024-09-17,NEG,not ironic,
22946453,4076,4076,1.8361295612114744e+18,2024-09-17,POS,not ironic,
22946454,4077,4077,1.8361295607289203e+18,2024-09-17,NEG,ironic,
22946455,4078,4078,1.836129560297116e+18,2024-09-17,NEG,not ironic,
22946456,4079,4079,1.836129559525159e+18,2024-09-17,NEG,not ironic,
22946457,4080,4080,1.836129559063696e+18,2024-09-17,NEG,ironic,
22946458,4081,4081,1.8361295582794345e+18,2024-09-17,NEU,ironic,
22946459,4082,4082,1.8361295577886764e+18,2024-09-17,NEG,ironic,
22946460,4083,4083,1.83612955777636e+18,2024-09-17,NEG,not ironic,
22946461,4084,4084,1.836129557516292e+18,2024-09-17,NEU,ironic,
22946462,4085,4085,1.836129557415396e+18,2024-09-17,POS,not ironic,
22946463,4086,4086,1.8361295573650355e+18,2024-09-17,NEG,not ironic,
22946464,4087,4087,1.836129556933034e+18,2024-09-17,NEG,ironic,
22946465,4088,4088,1.8361295550623503e+18,2024-09-17,NEG,ironic,
22946466,4089,4089,1.8361295547228856e+18,2024-09-17,NEG,not ironic,
22946467,4090,4090,1.836129554542289e+18,2024-09-17,NEG,ironic,
22946468,4091,4091,1.8361295544880049e+18,2024-09-17,NEU,not ironic,
22946469,4092,4092,1.8361295525041e+18,2024-09-17,NEG,not ironic,
22946470,4093,4093,1.8361295517197645e+18,2024-09-17,NEG,not ironic,
22946471,4094,4094,1.836129551237436e+18,2024-09-17,POS,ironic,
22946472,4095,4095,1.836129550331216e+18,2024-09-17,NEG,ironic,
22946473,4096,4096,1.836129550159229e+18,2024-09-17,NEG,not ironic,
22946474,4097,4097,1.836129549773386e+18,2024-09-17,NEU,not ironic,
22946475,4098,4098,1.8361295485277143e+18,2024-09-17,NEG,not ironic,
22946476,4099,4099,1.836129547588166e+18,2024-09-17,NEG,not ironic,
22946477,4100,4100,1.8361295472150449e+18,2024-09-17,NEG,not ironic,
22946478,4101,4101,1.8361295463005064e+18,2024-09-17,NEG,ironic,
22946479,4102,4102,1.8361295456715776e+18,2024-09-17,NEG,ironic,
22946480,4103,4103,1.836129545088369e+18,2024-09-17,NEG,not ironic,
22946481,4104,4104,1.8361295449921377e+18,2024-09-17,NEG,not ironic,
22946482,4105,4105,1.8361295448576369e+18,2024-09-17,NEU,not ironic,
22946483,4106,4106,1.8361295447656e+18,2024-09-17,NEG,ironic,
22946484,4107,4107,1.8361295441658184e+18,2024-09-17,NEU,not ironic,
22946485,4108,4108,1.8361295440274104e+18,2024-09-17,NEG,not ironic,
22946486,4109,4109,1.836129542542628e+18,2024-09-17,NEG,ironic,
22946487,4110,4110,1.8361295417957832e+18,2024-09-17,NEG,ironic,
22946488,4111,4111,1.8361295408691607e+18,2024-09-17,POS,ironic,
22946489,4112,4112,1.8361295407977969e+18,2024-09-17,NEG,not ironic,
22946490,4113,4113,1.8361295388264727e+18,2024-09-17,NEG,not ironic,
22946491,4114,4114,1.836129538566161e+18,2024-09-17,NEG,ironic,
22946492,4115,4115,1.8361295383273925e+18,2024-09-17,POS,ironic,
22946493,4116,4116,1.836129537484034e+18,2024-09-17,POS,ironic,
22946494,4117,4117,1.8361295374295e+18,2024-09-17,NEG,ironic,
22946495,4118,4118,1.8361295372116667e+18,2024-09-17,NEG,ironic,
22946496,4119,4119,1.8361295364525176e+18,2024-09-17,NEU,not ironic,
22946497,4120,4120,1.8361295353700887e+18,2024-09-17,NEU,not ironic,
22946498,4121,4121,1.8361295334449649e+18,2024-09-17,NEU,not ironic,
22946499,4122,4122,1.8361295297374167e+18,2024-09-17,NEG,not ironic,
22946500,4123,4123,1.83612952516982e+18,2024-09-17,NEG,ironic,
22946501,4124,4124,1.836129525115368e+18,2024-09-17,NEG,ironic,
22946502,4125,4125,1.8361295250521293e+18,2024-09-17,NEG,not ironic,
22946503,4126,4126,1.8361295248088315e+18,2024-09-17,NEG,not ironic,
22946504,4127,4127,1.8361295246707185e+18,2024-09-17,NEG,ironic,
22946505,4128,4128,1.8361295245655944e+18,2024-09-17,NEU,not ironic,
22946506,4129,4129,1.8361295239576983e+18,2024-09-17,NEG,ironic,
22946507,4130,4130,1.8361295237982825e+18,2024-09-17,NEG,not ironic,
22946508,4131,4131,1.836129523575984e+18,2024-09-17,NEG,not ironic,
22946509,4132,4132,1.836129522191569e+18,2024-09-17,NEG,ironic,
22946510,4133,4133,1.8361295214365983e+18,2024-09-17,NEG,not ironic,
22946511,4134,4134,1.8361295204176727e+18,2024-09-17,NEG,not ironic,
22946512,4135,4135,1.836129520174404e+18,2024-09-17,NEG,not ironic,
22946513,4136,4136,1.8361295183876303e+18,2024-09-17,NEG,ironic,
22946514,4137,4137,1.836129516608967e+18,2024-09-17,NEU,ironic,
22946515,4138,4138,1.8361295148473592e+18,2024-09-17,NEU,not ironic,
22946516,4139,4139,1.836129512809206e+18,2024-09-17,NEG,not ironic,
22946517,4140,4140,1.836129512641184e+18,2024-09-17,NEU,not ironic,
22946518,4141,4141,1.8361295124611564e+18,2024-09-17,NEG,ironic,
22946519,4142,4142,1.836129509478629e+18,2024-09-17,NEU,ironic,
22946520,4143,4143,1.836129508803384e+18,2024-09-17,NEU,ironic,
22946521,4144,4144,1.8361295087447247e+18,2024-09-17,NEU,not ironic,
22946522,4145,4145,1.8361295084217103e+18,2024-09-17,NEG,not ironic,
22946523,4146,4146,1.8361295070000584e+18,2024-09-17,NEU,not ironic,
22946524,4147,4147,1.8361295062028777e+18,2024-09-17,NEG,not ironic,
22946525,4148,4148,1.836129506081252e+18,2024-09-17,NEG,ironic,
22946526,4149,4149,1.8361295055948063e+18,2024-09-17,NEU,ironic,
22946527,4150,4150,1.8361295045590185e+18,2024-09-17,NEG,not ironic,
22946528,4151,4151,1.8361295043407263e+18,2024-09-17,NEG,ironic,
22946529,4152,4152,1.8361295042234647e+18,2024-09-17,NEU,not ironic,
22946530,4153,4153,1.8361295031035863e+18,2024-09-17,NEG,ironic,
22946531,4154,4154,1.836129502763848e+18,2024-09-17,NEG,not ironic,
22946532,4155,4155,1.836129502541304e+18,2024-09-17,NEG,not ironic,
22946533,4156,4156,1.836129502369583e+18,2024-09-17,NEG,not ironic,
22946534,4157,4157,1.8361295016101768e+18,2024-09-17,NEU,not ironic,
22946535,4158,4158,1.8361295005028232e+18,2024-09-17,POS,ironic,
22946536,4159,4159,1.8361295004947287e+18,2024-09-17,NEG,not ironic,
22946537,4160,4160,1.8361294996052872e+18,2024-09-17,NEU,not ironic,
22946538,4161,4161,1.836129499592708e+18,2024-09-17,NEU,not ironic,
22946539,4162,4162,1.836129498951037e+18,2024-09-17,NEG,not ironic,
22946540,4163,4163,1.8361294987034624e+18,2024-09-17,NEG,not ironic,
22946541,4164,4164,1.836129498326008e+18,2024-09-17,NEG,not ironic,
22946542,4165,4165,1.8361294983137733e+18,2024-09-17,NEG,ironic,
22946543,4166,4166,1.8361294979697585e+18,2024-09-17,NEU,ironic,
22946544,4167,4167,1.8361294959645824e+18,2024-09-17,NEU,not ironic,
22946545,4168,4168,1.8361294954280105e+18,2024-09-17,NEG,ironic,
22946546,4169,4169,1.836129495310308e+18,2024-09-17,NEG,ironic,
22946547,4170,4170,1.8361294944339804e+18,2024-09-17,NEU,not ironic,
22946548,4171,4171,1.8361294938467576e+18,2024-09-17,NEG,not ironic,
22946549,4172,4172,1.836129493137724e+18,2024-09-17,NEG,not ironic,
22946550,4173,4173,1.8361294921813489e+18,2024-09-17,NEG,ironic,
22946551,4174,4174,1.836129492005487e+18,2024-09-17,NEG,not ironic,
22946552,4175,4175,1.8361294913970383e+18,2024-09-17,NEG,ironic,
22946553,4176,4176,1.836129491099488e+18,2024-09-17,NEU,not ironic,
22946554,4177,4177,1.8361294901557865e+18,2024-09-17,NEU,not ironic,
22946555,4178,4178,1.836129489945817e+18,2024-09-17,NEG,ironic,
22946556,4179,4179,1.836129489014641e+18,2024-09-17,NEU,not ironic,
22946557,4180,4180,1.8361294846067057e+18,2024-09-17,POS,not ironic,
22946558,4181,4181,1.8361294845058496e+18,2024-09-17,NEG,not ironic,
22946559,4182,4182,1.836129484497617e+18,2024-09-17,NEG,not ironic,
22946560,4183,4183,1.836129483830575e+18,2024-09-17,NEU,not ironic,
22946561,4184,4184,1.8361294833020928e+18,2024-09-17,NEG,not ironic,
22946562,4185,4185,1.836129482995798e+18,2024-09-17,NEU,not ironic,
22946563,4186,4186,1.8361294794225464e+18,2024-09-17,NEG,not ironic,
22946564,4187,4187,1.8361294789024525e+18,2024-09-17,NEU,not ironic,
22946565,4188,4188,1.8361294785163963e+18,2024-09-17,NEG,ironic,
22946566,4189,4189,1.83612947807178e+18,2024-09-17,POS,ironic,
22946567,4190,4190,1.836129477975512e+18,2024-09-17,NEU,not ironic,
22946569,4192,4192,1.8361294757480407e+18,2024-09-17,NEG,not ironic,
22946570,4193,4193,1.836129474171302e+18,2024-09-17,NEG,ironic,
22946571,4194,4194,1.8361294739867528e+18,2024-09-17,NEG,not ironic,
22946572,4195,4195,1.836129473948742e+18,2024-09-17,NEG,ironic,
22946573,4196,4196,1.8361294737644296e+18,2024-09-17,NEG,not ironic,
22946576,4199,4199,1.836129470488433e+18,2024-09-17,NEG,not ironic,
22946577,4200,4200,1.836129469511406e+18,2024-09-17,NEU,not ironic,
22946578,4201,4201,1.8361294680811604e+18,2024-09-17,NEG,not ironic,
22946579,4202,4202,1.8361294678714327e+18,2024-09-17,POS,not ironic,
22946580,4203,4203,1.8361294676278968e+18,2024-09-17,NEG,not ironic,
22946581,4204,4204,1.8361294671667607e+18,2024-09-17,POS,ironic,
22946582,4205,4205,1.8361294669022991e+18,2024-09-17,NEG,not ironic,
22946583,4206,4206,1.8361294668018847e+18,2024-09-17,NEG,not ironic,
22946584,4207,4207,1.836129466214482e+18,2024-09-17,NEG,not ironic,
22946585,4208,4208,1.8361294644611848e+18,2024-09-17,NEG,ironic,
22946586,4209,4209,1.8361294642893007e+18,2024-09-17,NEG,not ironic,
22946587,4210,4210,1.836129463215756e+18,2024-09-17,NEG,ironic,
22946588,4211,4211,1.836129462020379e+18,2024-09-17,POS,not ironic,
22946589,4212,4212,1.836129461751928e+18,2024-09-17,NEG,ironic,
22946590,4213,4213,1.8361294611941007e+18,2024-09-17,NEU,not ironic,
22946591,4214,4214,1.8361294607115512e+18,2024-09-17,POS,ironic,
22946592,4215,4215,1.836129460120142e+18,2024-09-17,NEU,not ironic,
22946593,4216,4216,1.8361294595122253e+18,2024-09-17,NEG,not ironic,
22946594,4217,4217,1.8361294591638733e+18,2024-09-17,NEU,not ironic,
22946595,4218,4218,1.8361294579223347e+18,2024-09-17,NEG,ironic,
22946596,4219,4219,1.8361294575198907e+18,2024-09-17,NEU,ironic,
22946597,4220,4220,1.8361294565762447e+18,2024-09-17,POS,not ironic,
22946598,4221,4221,1.8361294538369969e+18,2024-09-17,POS,not ironic,
22946599,4222,4222,1.8361294529104205e+18,2024-09-17,NEG,ironic,
22946600,4223,4223,1.8361294486445425e+18,2024-09-17,NEU,not ironic,
22946601,4224,4224,1.8361294486235264e+18,2024-09-17,POS,ironic,
22946602,4225,4225,1.8361294478391447e+18,2024-09-17,NEG,not ironic,
22946603,4226,4226,1.836129443191898e+18,2024-09-17,NEG,not ironic,
22946604,4227,4227,1.836129442676032e+18,2024-09-17,POS,ironic,
22946605,4228,4228,1.836129442646631e+18,2024-09-17,NEU,not ironic,
22946606,4229,4229,1.8361294422316324e+18,2024-09-17,NEU,not ironic,
22946607,4230,4230,1.8361294420762337e+18,2024-09-17,NEU,not ironic,
22946608,4231,4231,1.836129441862304e+18,2024-09-17,NEU,not ironic,
22946609,4232,4232,1.836129441463865e+18,2024-09-17,NEU,not ironic,
22946610,4233,4233,1.836129440327496e+18,2024-09-17,NEG,not ironic,
22946611,4234,4234,1.8361294401301217e+18,2024-09-17,NEG,ironic,
22946612,4235,4235,1.83612943905237e+18,2024-09-17,NEG,not ironic,
22946613,4236,4236,1.8361294379870167e+18,2024-09-17,POS,ironic,
22946614,4237,4237,1.8361294374920888e+18,2024-09-17,NEU,ironic,
22946615,4238,4238,1.836129437450216e+18,2024-09-17,NEG,ironic,
22946616,4239,4239,1.8361294374417577e+18,2024-09-17,NEG,not ironic,
22946617,4240,4240,1.8361294369175475e+18,2024-09-17,NEG,ironic,
22946618,4241,4241,1.8361294350633613e+18,2024-09-17,NEG,not ironic,
22946619,4242,4242,1.8361294340359744e+18,2024-09-17,NEG,not ironic,
22946620,4243,4243,1.836129432861324e+18,2024-09-17,NEU,not ironic,
22946621,4244,4244,1.8361294324881044e+18,2024-09-17,NEU,not ironic,
22946622,4245,4245,1.8361294319007823e+18,2024-09-17,NEU,ironic,
22946623,4246,4246,1.8361294305208768e+18,2024-09-17,NEG,ironic,
22946624,4247,4247,1.8361294295478072e+18,2024-09-17,NEU,not ironic,
22946625,4248,4248,1.8361294288476283e+18,2024-09-17,NEG,not ironic,
22946626,4249,4249,1.8361294280171569e+18,2024-09-17,NEG,not ironic,
22946627,4250,4250,1.8361294276522808e+18,2024-09-17,NEG,not ironic,
22946628,4251,4251,1.8361294274380475e+18,2024-09-17,NEG,not ironic,
22946629,4252,4252,1.8361294268509143e+18,2024-09-17,NEG,ironic,
22946630,4253,4253,1.8361294267756672e+18,2024-09-17,NEG,ironic,
22946631,4254,4254,1.836129426662392e+18,2024-09-17,NEG,not ironic,
22946632,4255,4255,1.8361294248965937e+18,2024-09-17,NEU,not ironic,
22946633,4256,4256,1.8361294247285804e+18,2024-09-17,NEG,ironic,
22946634,4257,4257,1.8361294244265487e+18,2024-09-17,NEG,not ironic,
22946636,4259,4259,1.836129423357088e+18,2024-09-17,NEG,ironic,
22946637,4260,4260,1.8361294228371912e+18,2024-09-17,NEG,ironic,
22946638,4261,4261,1.8361294225142287e+18,2024-09-17,NEG,ironic,
22946639,4262,4262,1.8361294221241592e+18,2024-09-17,NEG,not ironic,
22946640,4263,4263,1.8361294219396096e+18,2024-09-17,NEG,not ironic,
22946641,4264,4264,1.836129421805392e+18,2024-09-17,NEU,not ironic,
22946642,4265,4265,1.8361294217802675e+18,2024-09-17,NEG,not ironic,
22946643,4266,4266,1.836129420836229e+18,2024-09-17,NEG,not ironic,
22946644,4267,4267,1.836129419112465e+18,2024-09-17,NEG,not ironic,
22946645,4268,4268,1.8361294190034168e+18,2024-09-17,NEG,not ironic,
22946646,4269,4269,1.836129418672272e+18,2024-09-17,NEG,ironic,
22946647,4270,4270,1.8361294179172723e+18,2024-09-17,NEU,ironic,
22946648,4271,4271,1.836129417061634e+18,2024-09-17,NEG,not ironic,
22946649,4272,4272,1.8361294152916383e+18,2024-09-17,NEG,not ironic,
22946650,4273,4273,1.836129414968468e+18,2024-09-17,NEU,not ironic,
22946651,4274,4274,1.8361294144440973e+18,2024-09-17,NEU,not ironic,
22946652,4275,4275,1.83612941437728e+18,2024-09-17,NEG,not ironic,
22946653,4276,4276,1.8361294128673047e+18,2024-09-17,NEG,ironic,
22946654,4277,4277,1.836129411973752e+18,2024-09-17,NEG,ironic,
22946655,4278,4278,1.836129411428684e+18,2024-09-17,NEU,not ironic,
22946656,4279,4279,1.8361294102960407e+18,2024-09-17,NEG,not ironic,
22946657,4280,4280,1.8361294086602056e+18,2024-09-17,NEG,not ironic,
22946658,4281,4281,1.8361294080393915e+18,2024-09-17,NEU,not ironic,
22946659,4282,4282,1.836129407745905e+18,2024-09-17,NEG,not ironic,
22946660,4283,4283,1.836129406433268e+18,2024-09-17,NEU,not ironic,
22946661,4284,4284,1.8361294060638784e+18,2024-09-17,NEG,not ironic,
22946662,4285,4285,1.8361294046168845e+18,2024-09-17,NEG,not ironic,
22946663,4286,4286,1.8361294041471224e+18,2024-09-17,POS,ironic,
22946664,4287,4287,1.8361294039206664e+18,2024-09-17,NEG,ironic,
22946665,4288,4288,1.836129403417608e+18,2024-09-17,NEU,not ironic,
22946666,4289,4289,1.836129403065254e+18,2024-09-17,POS,not ironic,
22946667,4290,4290,1.8361294028387487e+18,2024-09-17,NEU,ironic,
22946668,4291,4291,1.8361294024945628e+18,2024-09-17,NEU,not ironic,
22946669,4292,4292,1.83612940222609e+18,2024-09-17,NEG,not ironic,
22946670,4293,4293,1.8361294021716173e+18,2024-09-17,NEG,not ironic,
22946671,4294,4294,1.83612940182349e+18,2024-09-17,POS,not ironic,
22946672,4295,4295,1.836129401379132e+18,2024-09-17,NEG,not ironic,
22946673,4296,4296,1.836129401081074e+18,2024-09-17,NEG,not ironic,
22946674,4297,4297,1.8361294007038487e+18,2024-09-17,NEG,not ironic,
22946676,4299,4299,1.8361293997179745e+18,2024-09-17,NEU,not ironic,
22946677,4300,4300,1.8361293991979087e+18,2024-09-17,NEG,not ironic,
22946678,4301,4301,1.8361293981870697e+18,2024-09-17,NEG,not ironic,
22946679,4302,4302,1.836129398161892e+18,2024-09-17,NEU,not ironic,
22946680,4303,4303,1.836129395473552e+18,2024-09-17,NEU,not ironic,
22946681,4304,4304,1.836129394840212e+18,2024-09-17,NEU,not ironic,
22946682,4305,4305,1.8361293941647035e+18,2024-09-17,NEG,not ironic,
22946684,4307,4307,1.836129392516568e+18,2024-09-17,NEG,not ironic,
22946685,4308,4308,1.836129392415904e+18,2024-09-17,NEU,not ironic,
22946686,4309,4309,1.836129243266192e+18,2024-09-17,NEU,not ironic,
22946687,4310,4310,1.8361292425490063e+18,2024-09-17,NEG,not ironic,
22946688,4311,4311,1.8361292423982328e+18,2024-09-17,NEU,not ironic,
22946689,4312,4312,1.836129241190032e+18,2024-09-17,NEG,not ironic,
22946690,4313,4313,1.836129240988976e+18,2024-09-17,NEG,ironic,
22946691,4314,4314,1.8361292409508987e+18,2024-09-17,NEG,not ironic,
22946692,4315,4315,1.8361292400869704e+18,2024-09-17,NEG,ironic,
22946693,4316,4316,1.8361292396174093e+18,2024-09-17,NEG,not ironic,
22946694,4317,4317,1.8361292373270449e+18,2024-09-17,NEG,ironic,
22946696,4319,4319,1.8361292371217608e+18,2024-09-17,NEU,ironic,
22946697,4320,4320,1.836129236672828e+18,2024-09-17,NEG,not ironic,
22946698,4321,4321,1.8361292366520648e+18,2024-09-17,NEG,ironic,
22946699,4322,4322,1.836129235871613e+18,2024-09-17,NEU,not ironic,
22946700,4323,4323,1.8361292356745047e+18,2024-09-17,NEG,not ironic,
22946701,4324,4324,1.836129234915304e+18,2024-09-17,NEU,not ironic,
22946702,4325,4325,1.8361292324703729e+18,2024-09-17,NEU,ironic,
22946703,4326,4326,1.8361292322942285e+18,2024-09-17,NEG,not ironic,
22946704,4327,4327,1.836129232038068e+18,2024-09-17,NEG,ironic,
22946705,4328,4328,1.8361292312704453e+18,2024-09-17,NEU,not ironic,
22946706,4329,4329,1.8361292288671544e+18,2024-09-17,NEG,not ironic,
22946707,4330,4330,1.8361292283932385e+18,2024-09-17,NEU,ironic,
22946708,4331,4331,1.8361292282382623e+18,2024-09-17,NEU,not ironic,
22946709,4332,4332,1.8361292282005217e+18,2024-09-17,NEU,not ironic,
22946710,4333,4333,1.8361292276215112e+18,2024-09-17,POS,not ironic,
22946711,4334,4334,1.8361292273236872e+18,2024-09-17,NEU,not ironic,
22946712,4335,4335,1.836129226333844e+18,2024-09-17,NEG,not ironic,
22946713,4336,4336,1.8361292243836723e+18,2024-09-17,NEG,not ironic,
22946714,4337,4337,1.8361292242659948e+18,2024-09-17,NEG,not ironic,
22946715,4338,4338,1.8361292226891607e+18,2024-09-17,NEG,ironic,
22946716,4339,4339,1.8361292222529907e+18,2024-09-17,NEU,not ironic,
22946717,4340,4340,1.836129221527376e+18,2024-09-17,NEG,ironic,
22946718,4341,4341,1.836129221468656e+18,2024-09-17,NEU,not ironic,
22946719,4342,4342,1.8361292208604813e+18,2024-09-17,NEU,not ironic,
22946720,4343,4343,1.8361292203863327e+18,2024-09-17,NEG,ironic,
22946721,4344,4344,1.8361292202646776e+18,2024-09-17,NEG,not ironic,
22946722,4345,4345,1.836129218242974e+18,2024-09-17,NEG,ironic,
22946723,4346,4346,1.8361292167039508e+18,2024-09-17,NEG,not ironic,
22946724,4347,4347,1.8361292164690988e+18,2024-09-17,NEU,not ironic,
22946725,4348,4348,1.836129216007672e+18,2024-09-17,NEG,not ironic,
22946726,4349,4349,1.836129214258468e+18,2024-09-17,NEU,not ironic,
22946727,4350,4350,1.836129212828177e+18,2024-09-17,NEG,not ironic,
22946728,4351,4351,1.8361292117249969e+18,2024-09-17,NEG,ironic,
22946729,4352,4352,1.8361292110080617e+18,2024-09-17,POS,ironic,
22946730,4353,4353,1.836129210525745e+18,2024-09-17,NEG,not ironic,
22946731,4354,4354,1.836129207744676e+18,2024-09-17,NEG,ironic,
22946732,4355,4355,1.8361292074722555e+18,2024-09-17,NEG,ironic,
22946733,4356,4356,1.8361292073296568e+18,2024-09-17,NEG,ironic,
22946734,4357,4357,1.8361292067759844e+18,2024-09-17,NEG,ironic,
22946735,4358,4358,1.8361292067757427e+18,2024-09-17,NEU,not ironic,
22946736,4359,4359,1.8361292065579584e+18,2024-09-17,NEG,not ironic,
22946737,4360,4360,1.8361292063314125e+18,2024-09-17,NEG,not ironic,
22946738,4361,4361,1.8361292063144223e+18,2024-09-17,NEU,not ironic,
22946739,4362,4362,1.836129206172029e+18,2024-09-17,NEU,not ironic,
22946740,4363,4363,1.836129205601424e+18,2024-09-17,POS,not ironic,
22946741,4364,4364,1.8361292039445588e+18,2024-09-17,NEG,not ironic,
22946742,4365,4365,1.8361292032400105e+18,2024-09-17,NEU,not ironic,
22946743,4366,4366,1.836129202795397e+18,2024-09-17,NEG,ironic,
22946744,4367,4367,1.8361292025018127e+18,2024-09-17,NEG,ironic,
22946745,4368,4368,1.8361292014280745e+18,2024-09-17,NEG,not ironic,
22946746,4369,4369,1.83612919990578e+18,2024-09-17,NEG,not ironic,
22946747,4370,4370,1.836129199779664e+18,2024-09-17,NEG,not ironic,
22946748,4371,4371,1.8361291980728407e+18,2024-09-17,NEG,ironic,
22946749,4372,4372,1.8361291967012905e+18,2024-09-17,NEU,not ironic,
22946750,4373,4373,1.836129195933733e+18,2024-09-17,NEG,not ironic,
22946751,4374,4374,1.836129194985529e+18,2024-09-17,NEG,not ironic,
22946752,4375,4375,1.836129192829752e+18,2024-09-17,NEG,ironic,
22946753,4376,4376,1.836129192653828e+18,2024-09-17,NEU,not ironic,
22946754,4377,4377,1.83612919202884e+18,2024-09-17,NEU,not ironic,
22946755,4378,4378,1.836129192003396e+18,2024-09-17,NEU,not ironic,
22946756,4379,4379,1.8361291910725348e+18,2024-09-17,NEU,not ironic,
22946757,4380,4380,1.8361291907789169e+18,2024-09-17,NEG,not ironic,
22946758,4381,4381,1.8361291902711565e+18,2024-09-17,NEU,not ironic,
22946759,4382,4382,1.8361291893777487e+18,2024-09-17,NEU,not ironic,
22946760,4383,4383,1.8361291885853368e+18,2024-09-17,NEU,not ironic,
22946761,4384,4384,1.8361291879182377e+18,2024-09-17,NEG,not ironic,
22946762,4385,4385,1.8361291868614984e+18,2024-09-17,NEG,not ironic,
22946763,4386,4386,1.8361291862700564e+18,2024-09-17,NEG,ironic,
22946764,4387,4387,1.8361291853848783e+18,2024-09-17,NEG,ironic,
22946765,4388,4388,1.8361291842316247e+18,2024-09-17,POS,ironic,
22946766,4389,4389,1.8361291821257887e+18,2024-09-17,NEU,ironic,
22946767,4390,4390,1.8361291785315653e+18,2024-09-17,NEG,not ironic,
22946768,4391,4391,1.8361291781834383e+18,2024-09-17,NEG,not ironic,
22946769,4392,4392,1.8361291780028787e+18,2024-09-17,POS,ironic,
22946770,4393,4393,1.8361291771725947e+18,2024-09-17,NEG,ironic,
22946771,4394,4394,1.83612917687484e+18,2024-09-17,NEG,ironic,
22946772,4395,4395,1.836129176035668e+18,2024-09-17,NEU,not ironic,
22946773,4396,4396,1.8361291750668823e+18,2024-09-17,NEU,not ironic,
22946774,4397,4397,1.836129174815228e+18,2024-09-17,NEG,ironic,
22946775,4398,4398,1.8361291742449871e+18,2024-09-17,NEU,not ironic,
22946776,4399,4399,1.8361291737458404e+18,2024-09-17,NEU,ironic,
22946777,4400,4400,1.8361291736452017e+18,2024-09-17,NEU,not ironic,
22946778,4401,4401,1.836129171267032e+18,2024-09-17,NEU,not ironic,
22946779,4402,4402,1.8361291707176428e+18,2024-09-17,NEU,not ironic,
22946780,4403,4403,1.8361291706922107e+18,2024-09-17,NEU,not ironic,
22946781,4404,4404,1.836129168494572e+18,2024-09-17,NEU,ironic,
22946782,4405,4405,1.836129167848408e+18,2024-09-17,NEG,not ironic,
22946783,4406,4406,1.8361291670391887e+18,2024-09-17,NEU,not ironic,
22946784,4407,4407,1.836129165822845e+18,2024-09-17,NEU,not ironic,
22946785,4408,4408,1.8361291647781888e+18,2024-09-17,NEG,ironic,
22946786,4409,4409,1.8361291639854203e+18,2024-09-17,NEU,not ironic,
22946787,4410,4410,1.8361291628571896e+18,2024-09-17,NEU,not ironic,
22946788,4411,4411,1.836129162051887e+18,2024-09-17,NEG,not ironic,
22946789,4412,4412,1.8361291609949391e+18,2024-09-17,NEG,not ironic,
22946790,4413,4413,1.8361291600262963e+18,2024-09-17,NEG,ironic,
22946791,4414,4414,1.8361291597830843e+18,2024-09-17,NEG,not ironic,
22946792,4415,4415,1.836129159262663e+18,2024-09-17,NEU,not ironic,
22946793,4416,4416,1.8361291583860943e+18,2024-09-17,NEG,ironic,
22946794,4417,4417,1.836129157958312e+18,2024-09-17,NEG,not ironic,
22946795,4418,4418,1.8361291575094272e+18,2024-09-17,NEG,ironic,
22946796,4419,4419,1.8361291574342167e+18,2024-09-17,NEU,ironic,
22946797,4420,4420,1.8361291566790208e+18,2024-09-17,NEG,ironic,
22946798,4421,4421,1.8361291566037448e+18,2024-09-17,NEU,not ironic,
22946799,4422,4422,1.8361291558571584e+18,2024-09-17,NEU,not ironic,
22946800,4423,4423,1.836129152514294e+18,2024-09-17,POS,not ironic,
22946801,4424,4424,1.8361291498467208e+18,2024-09-17,NEU,not ironic,
22946802,4425,4425,1.836129149238289e+18,2024-09-17,NEG,ironic,
22946803,4426,4426,1.836129147934118e+18,2024-09-17,NEU,not ironic,
22946804,4427,4427,1.836129147778646e+18,2024-09-17,NEG,ironic,
22946805,4428,4428,1.836129147115975e+18,2024-09-17,NEU,ironic,
22946806,4429,4429,1.8361291444947889e+18,2024-09-17,NEU,not ironic,
22946807,4430,4430,1.8361291442512568e+18,2024-09-17,NEG,ironic,
22946808,4431,4431,1.8361291440795528e+18,2024-09-17,NEG,ironic,
22946809,4432,4432,1.8361291440248264e+18,2024-09-17,NEG,not ironic,
22946810,4433,4433,1.8361291418482609e+18,2024-09-17,NEU,ironic,
22946811,4434,4434,1.836129140740604e+18,2024-09-17,POS,not ironic,
22946812,4435,4435,1.8361291400823808e+18,2024-09-17,POS,not ironic,
22946814,4437,4437,1.836129138303996e+18,2024-09-17,NEG,not ironic,
22946815,4438,4438,1.836129138098176e+18,2024-09-17,NEG,not ironic,
22946816,4439,4439,1.8361291380311368e+18,2024-09-17,POS,not ironic,
22946817,4440,4440,1.836129137553277e+18,2024-09-17,NEG,not ironic,
22946818,4441,4441,1.8361291366598287e+18,2024-09-17,NEU,ironic,
22946819,4442,4442,1.8361291345626767e+18,2024-09-17,POS,ironic,
22946820,4443,4443,1.8361291335390487e+18,2024-09-17,POS,ironic,
22946821,4444,4444,1.8361291320544832e+18,2024-09-17,NEG,not ironic,
22946822,4445,4445,1.8361291316515392e+18,2024-09-17,NEG,not ironic,
22946823,4446,4446,1.8361291312324e+18,2024-09-17,NEG,not ironic,
22946824,4447,4447,1.8361291310687928e+18,2024-09-17,NEG,not ironic,
22946825,4448,4448,1.8361291298186857e+18,2024-09-17,NEG,ironic,
22946826,4449,4449,1.8361291290553385e+18,2024-09-17,NEG,not ironic,
22946827,4450,4450,1.836129128602284e+18,2024-09-17,NEG,not ironic,
22946828,4451,4451,1.8361291283003845e+18,2024-09-17,NEG,not ironic,
22946829,4452,4452,1.8361291281118367e+18,2024-09-17,NEU,not ironic,
22946830,4453,4453,1.836129127511806e+18,2024-09-17,NEU,ironic,
22946831,4454,4454,1.8361291272098368e+18,2024-09-17,NEG,not ironic,
22946832,4455,4455,1.8361291266690463e+18,2024-09-17,NEU,not ironic,
22946833,4456,4456,1.8361291248906527e+18,2024-09-17,NEG,not ironic,
22946834,4457,4457,1.8361291225963807e+18,2024-09-17,NEG,not ironic,
22946835,4458,4458,1.836129122453508e+18,2024-09-17,NEG,not ironic,
22946836,4459,4459,1.836129121748898e+18,2024-09-17,NEU,not ironic,
22946839,4462,4462,1.8361291182845832e+18,2024-09-17,NEG,not ironic,
22946840,4463,4463,1.8361291179616207e+18,2024-09-17,NEU,not ironic,
22946841,4464,4464,1.836129117592322e+18,2024-09-17,NEU,ironic,
22946842,4465,4465,1.8361291170095148e+18,2024-09-17,NEG,not ironic,
22946843,4466,4466,1.836129116866724e+18,2024-09-17,POS,not ironic,
22946844,4467,4467,1.8361291167827763e+18,2024-09-17,NEG,not ironic,
22946845,4468,4468,1.836129115834897e+18,2024-09-17,NEG,ironic,
22946846,4469,4469,1.836129115822244e+18,2024-09-17,NEG,ironic,
22946847,4470,4470,1.836129115419898e+18,2024-09-17,NEG,not ironic,
22946848,4471,4471,1.8361291143459471e+18,2024-09-17,NEG,ironic,
22946849,4472,4472,1.8361291142955377e+18,2024-09-17,NEU,ironic,
22946850,4473,4473,1.836129112769073e+18,2024-09-17,NEG,ironic,
22946851,4474,4474,1.836129111988716e+18,2024-09-17,NEG,ironic,
22946852,4475,4475,1.8361291115317865e+18,2024-09-17,NEG,ironic,
22946853,4476,4476,1.836129111443673e+18,2024-09-17,NEG,ironic,
22946854,4477,4477,1.836129110550106e+18,2024-09-17,POS,ironic,
22946855,4478,4478,1.8361291104368028e+18,2024-09-17,NEG,ironic,
22946857,4480,4480,1.8361291076939656e+18,2024-09-17,NEG,ironic,
22946858,4481,4481,1.8361291059826893e+18,2024-09-17,NEG,not ironic,
22946859,4482,4482,1.836129105038971e+18,2024-09-17,NEU,not ironic,
22946860,4483,4483,1.8361291036967813e+18,2024-09-17,NEG,not ironic,
22946861,4484,4484,1.8361291032648256e+18,2024-09-17,NEG,not ironic,
22946862,4485,4485,1.8361291016626176e+18,2024-09-17,NEG,not ironic,
22946863,4486,4486,1.8361291014484585e+18,2024-09-17,NEG,ironic,
22946864,4487,4487,1.836129100970496e+18,2024-09-17,NEG,not ironic,
22946865,4488,4488,1.836129097698939e+18,2024-09-17,POS,ironic,
22946866,4489,4489,1.8361290970108275e+18,2024-09-17,NEG,not ironic,
22946867,4490,4490,1.8361290958785743e+18,2024-09-17,NEG,ironic,
22946868,4491,4491,1.8361290956182807e+18,2024-09-17,NEG,not ironic,
22946870,4493,4493,1.836129095140221e+18,2024-09-17,NEU,not ironic,
22946871,4494,4494,1.8361290934457185e+18,2024-09-17,NEU,not ironic,
22946872,4495,4495,1.836129093164708e+18,2024-09-17,NEG,ironic,
22946873,4496,4496,1.8361290920785395e+18,2024-09-17,NEG,ironic,
22946874,4497,4497,1.8361290897127672e+18,2024-09-17,NEU,ironic,
22946875,4498,4498,1.8361290885637368e+18,2024-09-17,NEG,ironic,
22946876,4499,4499,1.8361290879220165e+18,2024-09-17,POS,not ironic,
22946878,4501,4501,1.8361290859211208e+18,2024-09-17,NEG,not ironic,
22946879,4502,4502,1.83612908588778e+18,2024-09-17,POS,ironic,
22946880,4503,4503,1.8361290854010388e+18,2024-09-17,NEG,not ironic,
22946881,4504,4504,1.8361290850657487e+18,2024-09-17,NEG,not ironic,
22946882,4505,4505,1.836129084688208e+18,2024-09-17,NEG,ironic,
22946883,4506,4506,1.836129082255512e+18,2024-09-17,NEU,not ironic,
22946884,4507,4507,1.8361290820290967e+18,2024-09-17,POS,ironic,
22946885,4508,4508,1.836129081093456e+18,2024-09-17,NEG,not ironic,
22946886,4509,4509,1.836129080342676e+18,2024-09-17,NEU,not ironic,
22946887,4510,4510,1.8361290799694031e+18,2024-09-17,NEG,not ironic,
22946888,4511,4511,1.836129078581372e+18,2024-09-17,NEU,not ironic,
22946889,4512,4512,1.8361290778679995e+18,2024-09-17,NEU,not ironic,
22946890,4513,4513,1.8361290776208225e+18,2024-09-17,NEU,ironic,
22946891,4514,4514,1.836129077368906e+18,2024-09-17,NEG,ironic,
22946892,4515,4515,1.836129074789618e+18,2024-09-17,NEG,ironic,
22946893,4516,4516,1.836129073808184e+18,2024-09-17,NEU,ironic,
22946894,4517,4517,1.8361290737702136e+18,2024-09-17,NEG,not ironic,
22946895,4518,4518,1.836129072021128e+18,2024-09-17,NEU,ironic,
22946896,4519,4519,1.8361290700205343e+18,2024-09-17,NEU,ironic,
22946897,4520,4520,1.8361290696472005e+18,2024-09-17,NEU,not ironic,
22946898,4521,4521,1.8361290694039025e+18,2024-09-17,NEU,not ironic,
22946899,4522,4522,1.8361290689341768e+18,2024-09-17,NEU,not ironic,
22946900,4523,4523,1.8361290688041083e+18,2024-09-17,NEU,not ironic,
22946901,4524,4524,1.8361290672902351e+18,2024-09-17,POS,not ironic,
22946902,4525,4525,1.8361290671602488e+18,2024-09-17,NEG,not ironic,
22946903,4526,4526,1.8361290660403328e+18,2024-09-17,POS,ironic,
22946904,4527,4527,1.836129065989792e+18,2024-09-17,NEU,ironic,
22946905,4528,4528,1.836129065478296e+18,2024-09-17,POS,not ironic,
22946906,4529,4529,1.8361290640897843e+18,2024-09-17,NEG,not ironic,
22946907,4530,4530,1.8361290639138204e+18,2024-09-17,NEG,ironic,
22946908,4531,4531,1.836129063599064e+18,2024-09-17,NEU,not ironic,
22946909,4532,4532,1.836129063338996e+18,2024-09-17,NEG,not ironic,
22946910,4533,4533,1.8361290615272617e+18,2024-09-17,POS,not ironic,
22946911,4534,4534,1.8361290595766807e+18,2024-09-17,NEG,not ironic,
22946912,4535,4535,1.8361290573413453e+18,2024-09-17,NEU,not ironic,
22946914,4537,4537,1.836129055889912e+18,2024-09-17,NEG,not ironic,
22946916,4539,4539,1.8361290530967104e+18,2024-09-17,POS,ironic,
22946917,4540,4540,1.83612904951036e+18,2024-09-17,NEG,ironic,
22946918,4541,4541,1.8361290484365967e+18,2024-09-17,NEU,not ironic,
22946919,4542,4542,1.836129047941718e+18,2024-09-17,NEG,not ironic,
22946920,4543,4543,1.836129046930801e+18,2024-09-17,NEG,ironic,
22946921,4544,4544,1.836129046427768e+18,2024-09-17,NEG,not ironic,
22946922,4545,4545,1.8361290462558003e+18,2024-09-17,NEG,not ironic,
22946923,4546,4546,1.8361290457564567e+18,2024-09-17,NEU,not ironic,
22946924,4547,4547,1.8361290422334628e+18,2024-09-17,NEG,not ironic,
22946925,4548,4548,1.8361290403415693e+18,2024-09-17,NEU,not ironic,
22946926,4549,4549,1.8361290379802424e+18,2024-09-17,NEU,ironic,
22946927,4550,4550,1.8361290376449764e+18,2024-09-17,POS,not ironic,
22946928,4551,4551,1.836129034872263e+18,2024-09-17,NEG,not ironic,
22946929,4552,4552,1.836129034511528e+18,2024-09-17,NEU,not ironic,
22946930,4553,4553,1.836129034222097e+18,2024-09-17,POS,not ironic,
22946931,4554,4554,1.836129034079552e+18,2024-09-17,NEG,ironic,
22946932,4555,4555,1.836129032469123e+18,2024-09-17,NEU,not ironic,
22946933,4556,4556,1.8361290320369293e+18,2024-09-17,NEG,not ironic,
22946934,4557,4557,1.836129031944536e+18,2024-09-17,NEG,ironic,
22946935,4558,4558,1.8361290314582712e+18,2024-09-17,NEG,ironic,
22946937,4560,4560,1.836129026899088e+18,2024-09-17,POS,not ironic,
22946938,4561,4561,1.8361290262026447e+18,2024-09-17,NEG,not ironic,
22946939,4562,4562,1.836129025313436e+18,2024-09-17,NEG,ironic,
22946940,4563,4563,1.8361290248480727e+18,2024-09-17,NEG,ironic,
22946941,4564,4564,1.836129024449332e+18,2024-09-17,NEG,ironic,
22946942,4565,4565,1.8361290244451988e+18,2024-09-17,NEG,not ironic,
22946943,4566,4566,1.836129024390976e+18,2024-09-17,NEU,not ironic,
22946944,4567,4567,1.83612902127872e+18,2024-09-17,POS,ironic,
22946945,4568,4568,1.836129019647136e+18,2024-09-17,NEU,not ironic,
22946946,4569,4569,1.8361290184682573e+18,2024-09-17,POS,not ironic,
22946947,4570,4570,1.8361290181369408e+18,2024-09-17,NEU,ironic,
22946948,4571,4571,1.8361290180701225e+18,2024-09-17,NEU,not ironic,
22946949,4572,4572,1.8361290177597e+18,2024-09-17,NEU,not ironic,
22946950,4573,4573,1.836129016652374e+18,2024-09-17,NEU,not ironic,
22946951,4574,4574,1.836129016354353e+18,2024-09-17,POS,ironic,
22946952,4575,4575,1.8361290162369088e+18,2024-09-17,NEG,ironic,
22946953,4576,4576,1.836129014882214e+18,2024-09-17,NEU,ironic,
22946955,4578,4578,1.8361290146224407e+18,2024-09-17,NEG,not ironic,
22946956,4579,4579,1.8361290132844465e+18,2024-09-17,NEU,not ironic,
22946957,4580,4580,1.83612901201322e+18,2024-09-17,NEG,ironic,
22946958,4581,4581,1.836129011765768e+18,2024-09-17,NEG,not ironic,
22946959,4582,4582,1.8361290111575985e+18,2024-09-17,NEU,not ironic,
22946960,4583,4583,1.8361290107384343e+18,2024-09-17,NEU,not ironic,
22946961,4584,4584,1.836129010352378e+18,2024-09-17,NEU,not ironic,
22946962,4585,4585,1.8361290099328653e+18,2024-09-17,NEU,ironic,
22946963,4586,4586,1.8361290095470472e+18,2024-09-17,NEG,ironic,
22946964,4587,4587,1.836129007269532e+18,2024-09-17,NEU,not ironic,
22946965,4588,4588,1.8361290071772408e+18,2024-09-17,NEG,not ironic,
22946966,4589,4589,1.8361290067119025e+18,2024-09-17,POS,ironic,
22946967,4590,4590,1.8361290053107464e+18,2024-09-17,POS,not ironic,
22946968,4591,4591,1.836129005151421e+18,2024-09-17,NEG,not ironic,
22946969,4592,4592,1.836129004417364e+18,2024-09-17,POS,ironic,
22946970,4593,4593,1.8361290031171136e+18,2024-09-17,NEU,not ironic,
22946971,4594,4594,1.8361290029580288e+18,2024-09-17,POS,not ironic,
22946972,4595,4595,1.83612900242532e+18,2024-09-17,NEU,not ironic,
22946973,4596,4596,1.8361290023411387e+18,2024-09-17,NEG,not ironic,
22946974,4597,4597,1.8361290014522447e+18,2024-09-17,NEG,ironic,
22946975,4598,4598,1.8361290000594824e+18,2024-09-17,NEU,not ironic,
22946976,4599,4599,1.8361289997409687e+18,2024-09-17,NEU,not ironic,
22946977,4600,4600,1.8361289996193344e+18,2024-09-17,NEG,ironic,
22946978,4601,4601,1.836128999614956e+18,2024-09-17,NEU,not ironic,
22946979,4602,4602,1.836128998616633e+18,2024-09-17,NEU,ironic,
22946980,4603,4603,1.836128998214247e+18,2024-09-17,NEU,ironic,
22946981,4604,4604,1.836128997630956e+18,2024-09-17,NEU,not ironic,
22946982,4605,4605,1.8361289971741207e+18,2024-09-17,NEG,not ironic,
22946983,4606,4606,1.8361289970018268e+18,2024-09-17,NEG,not ironic,
22946984,4607,4607,1.8361289969978944e+18,2024-09-17,NEG,not ironic,
22946985,4608,4608,1.8361289947456187e+18,2024-09-17,NEG,ironic,
22946986,4609,4609,1.8361289939610296e+18,2024-09-17,POS,not ironic,
22946987,4610,4610,1.8361289922874537e+18,2024-09-17,NEG,not ironic,
22946988,4611,4611,1.836128992019256e+18,2024-09-17,NEG,ironic,
22946990,4613,4613,1.836128991583048e+18,2024-09-17,NEG,ironic,
22946991,4614,4614,1.8361289897921047e+18,2024-09-17,NEG,not ironic,
22946992,4615,4615,1.8361289897750323e+18,2024-09-17,NEG,not ironic,
22946993,4616,4616,1.8361289892927647e+18,2024-09-17,NEU,ironic,
22946994,4617,4617,1.8361289877117048e+18,2024-09-17,NEU,not ironic,
22946995,4618,4618,1.83612898765718e+18,2024-09-17,NEU,not ironic,
22946996,4619,4619,1.8361289861385912e+18,2024-09-17,NEU,ironic,
22946997,4620,4620,1.836128985375552e+18,2024-09-17,NEU,not ironic,
22946998,4621,4621,1.8361289852032407e+18,2024-09-17,NEG,ironic,
22946999,4622,4622,1.836128985040008e+18,2024-09-17,NEG,ironic,
22947000,4623,4623,1.836128984448332e+18,2024-09-17,NEG,not ironic,
22947001,4624,4624,1.8361289839868928e+18,2024-09-17,POS,ironic,
22947002,4625,4625,1.836128981948732e+18,2024-09-17,NEU,ironic,
22947004,4627,4627,1.836128981395084e+18,2024-09-17,NEG,ironic,
22947005,4628,4628,1.8361289809840287e+18,2024-09-17,NEU,not ironic,
22947007,4630,4630,1.8361289785094024e+18,2024-09-17,NEU,not ironic,
22947008,4631,4631,1.8361289776873188e+18,2024-09-17,NEG,not ironic,
22947009,4632,4632,1.8361289761016712e+18,2024-09-17,NEG,not ironic,
22947010,4633,4633,1.8361289754894835e+18,2024-09-17,NEG,not ironic,
22947011,4634,4634,1.8361289749565967e+18,2024-09-17,NEG,not ironic,
22947012,4635,4635,1.8361289743023148e+18,2024-09-17,NEG,not ironic,
22947013,4636,4636,1.8361289740548224e+18,2024-09-17,NEU,not ironic,
22947014,4637,4637,1.8361289735473444e+18,2024-09-17,NEG,not ironic,
22947015,4638,4638,1.836128971425223e+18,2024-09-17,POS,not ironic,
22947016,4639,4639,1.8361289695042808e+18,2024-09-17,NEU,not ironic,
22947017,4640,4640,1.8361289672057528e+18,2024-09-17,NEG,ironic,
22947018,4641,4641,1.836128966861808e+18,2024-09-17,NEG,ironic,
22947019,4642,4642,1.836128966832259e+18,2024-09-17,NEG,ironic,
22947021,4644,4644,1.8361289644834696e+18,2024-09-17,NEG,not ironic,
22947022,4645,4645,1.8361289634055004e+18,2024-09-17,NEU,not ironic,
22947023,4646,4646,1.8361289628644275e+18,2024-09-17,NEG,not ironic,
22947025,4648,4648,1.836128961744839e+18,2024-09-17,NEU,not ironic,
22947026,4649,4649,1.836128961643836e+18,2024-09-17,NEG,not ironic,
22947027,4650,4650,1.836128959588672e+18,2024-09-17,NEG,ironic,
22947028,4651,4651,1.8361289586659497e+18,2024-09-17,NEU,not ironic,
22947029,4652,4652,1.8361289586323087e+18,2024-09-17,NEG,not ironic,
22947030,4653,4653,1.8361289572943176e+18,2024-09-17,NEG,not ironic,
22947031,4654,4654,1.8361289568290447e+18,2024-09-17,NEG,not ironic,
22947032,4655,4655,1.8361289550126287e+18,2024-09-17,NEG,ironic,
22947033,4656,4656,1.83612895429988e+18,2024-09-17,NEU,not ironic,
22947034,4657,4657,1.8361289533729385e+18,2024-09-17,NEG,ironic,
22947035,4658,4658,1.8361289531755927e+18,2024-09-17,NEG,ironic,
22947036,4659,4659,1.836128951154152e+18,2024-09-17,NEG,ironic,
22947037,4660,4660,1.8361289485243228e+18,2024-09-17,NEU,not ironic,
22947038,4661,4661,1.836128948109169e+18,2024-09-17,NEU,ironic,
22947039,4662,4662,1.836128946683024e+18,2024-09-17,NEU,ironic,
22947040,4663,4663,1.8361289426775124e+18,2024-09-17,NEG,not ironic,
22947041,4664,4664,1.8361289420357348e+18,2024-09-17,NEG,ironic,
22947042,4665,4665,1.8361289407394944e+18,2024-09-17,NEU,not ironic,
22947043,4666,4666,1.8361289402154068e+18,2024-09-17,NEU,ironic,
22947044,4667,4667,1.836128939137496e+18,2024-09-17,NEG,ironic,
22947045,4668,4668,1.836128939049448e+18,2024-09-17,NEG,ironic,
22947046,4669,4669,1.8361289387429645e+18,2024-09-17,NEG,ironic,
22947047,4670,4670,1.8361289386173768e+18,2024-09-17,NEG,ironic,
22947048,4671,4671,1.8361289382105293e+18,2024-09-17,NEU,not ironic,
22947049,4672,4672,1.8361289371407729e+18,2024-09-17,NEG,ironic,
22947050,4673,4673,1.836128934804517e+18,2024-09-17,NEG,ironic,
22947051,4674,4674,1.836128932376253e+18,2024-09-17,NEU,not ironic,
22947052,4675,4675,1.836128929687446e+18,2024-09-17,NEG,not ironic,
22947053,4676,4676,1.836128929444434e+18,2024-09-17,NEG,not ironic,
22947054,4677,4677,1.83612892678944e+18,2024-09-17,NEG,ironic,
22947055,4678,4678,1.836128925937787e+18,2024-09-17,POS,ironic,
22947056,4679,4679,1.8361289237737928e+18,2024-09-17,NEU,ironic,
22947057,4680,4680,1.8361289235514004e+18,2024-09-17,NEU,not ironic,
22947058,4681,4681,1.8361289223896845e+18,2024-09-17,NEG,not ironic,
22947059,4682,4682,1.8361289219363968e+18,2024-09-17,NEG,ironic,
22947060,4683,4683,1.836128921844355e+18,2024-09-17,NEG,ironic,
22947061,4684,4684,1.8361289217646387e+18,2024-09-17,NEU,ironic,
22947062,4685,4685,1.8361289216302408e+18,2024-09-17,NEG,not ironic,
22947063,4686,4686,1.8361289215172529e+18,2024-09-17,NEU,ironic,
22947064,4687,4687,1.8361289211522952e+18,2024-09-17,NEU,not ironic,
22947065,4688,4688,1.8361289205397056e+18,2024-09-17,NEG,ironic,
22947066,4689,4689,1.8361289203844751e+18,2024-09-17,NEG,not ironic,
22947067,4690,4690,1.83612891965046e+18,2024-09-17,NEU,not ironic,
22947068,4691,4691,1.8361289191556017e+18,2024-09-17,NEU,ironic,
22947069,4692,4692,1.8361289184595315e+18,2024-09-17,NEG,ironic,
22947070,4693,4693,1.8361289174822792e+18,2024-09-17,NEU,not ironic,
22947071,4694,4694,1.8361289153723228e+18,2024-09-17,NEU,not ironic,
22947072,4695,4695,1.8361289152131607e+18,2024-09-17,NEU,not ironic,
22947073,4696,4696,1.8361289140301327e+18,2024-09-17,NEU,not ironic,
22947074,4697,4697,1.836128912910488e+18,2024-09-17,NEU,not ironic,
22947075,4698,4698,1.8361289100038927e+18,2024-09-17,NEG,not ironic,
22947076,4699,4699,1.8361289091985567e+18,2024-09-17,POS,not ironic,
22947077,4700,4700,1.836128908757873e+18,2024-09-17,NEU,not ironic,
22947078,4701,4701,1.836128908393214e+18,2024-09-17,NEG,not ironic,
22947079,4702,4702,1.836128907822572e+18,2024-09-17,NEU,not ironic,
22947080,4703,4703,1.8361289051132764e+18,2024-09-17,NEG,ironic,
22947081,4704,4704,1.8361289044880343e+18,2024-09-17,POS,not ironic,
22947082,4705,4705,1.8361289040896248e+18,2024-09-17,NEG,ironic,
22947083,4706,4706,1.836128903259108e+18,2024-09-17,NEU,not ironic,
22947084,4707,4707,1.83612890323846e+18,2024-09-17,NEG,not ironic,
22947085,4708,4708,1.836128903204644e+18,2024-09-17,NEG,not ironic,
22947086,4709,4709,1.8361289028606927e+18,2024-09-17,NEU,not ironic,
22947087,4710,4710,1.8361289024079672e+18,2024-09-17,NEG,not ironic,
22947088,4711,4711,1.836128901279388e+18,2024-09-17,POS,not ironic,
22947089,4712,4712,1.8361289002769567e+18,2024-09-17,NEG,ironic,
22947090,4713,4713,1.8361288978362327e+18,2024-09-17,NEG,not ironic,
22947091,4714,4714,1.8361288964559424e+18,2024-09-17,NEU,not ironic,
22947092,4715,4715,1.836128896296584e+18,2024-09-17,NEG,ironic,
22947093,4716,4716,1.8361288957138127e+18,2024-09-17,NEG,not ironic,
22947094,4717,4717,1.8361288948120653e+18,2024-09-17,NEG,not ironic,
22947095,4718,4718,1.836128893876736e+18,2024-09-17,NEU,not ironic,
22947096,4719,4719,1.8361288935493965e+18,2024-09-17,NEG,not ironic,
22947097,4720,4720,1.836128892668859e+18,2024-09-17,NEG,not ironic,
22947098,4721,4721,1.836128891691311e+18,2024-09-17,NEG,not ironic,
22947099,4722,4722,1.83612889138532e+18,2024-09-17,NEU,not ironic,
22947100,4723,4723,1.836128891330864e+18,2024-09-17,NEU,not ironic,
22947101,4724,4724,1.836128888789095e+18,2024-09-17,NEG,ironic,
22947102,4725,4725,1.8361288886632727e+18,2024-09-17,NEG,not ironic,
22947103,4726,4726,1.836128888403252e+18,2024-09-17,NEU,ironic,
22947104,4727,4727,1.8361288882186204e+18,2024-09-17,NEG,ironic,
22947105,4728,4728,1.836128887853437e+18,2024-09-17,NEU,not ironic,
22947106,4729,4729,1.836128887694132e+18,2024-09-17,NEG,ironic,
22947107,4730,4730,1.8361288861421727e+18,2024-09-17,NEG,not ironic,
22947108,4731,4731,1.8361288856766423e+18,2024-09-17,NEG,ironic,
22947109,4732,4732,1.836128885441991e+18,2024-09-17,NEG,not ironic,
22947110,4733,4733,1.836128885307773e+18,2024-09-17,NEG,not ironic,
22947111,4734,4734,1.8361288852613407e+18,2024-09-17,NEG,not ironic,
22947112,4735,4735,1.836128884716188e+18,2024-09-17,POS,not ironic,
22947113,4736,4736,1.836128883805958e+18,2024-09-17,NEG,ironic,
22947114,4737,4737,1.836128882174641e+18,2024-09-17,NEG,not ironic,
22947115,4738,4738,1.8361288814909568e+18,2024-09-17,NEG,not ironic,
22947116,4739,4739,1.8361288801026417e+18,2024-09-17,NEG,not ironic,
22947117,4740,4740,1.8361288795657708e+18,2024-09-17,NEG,ironic,
22947118,4741,4741,1.836128879167312e+18,2024-09-17,NEG,ironic,
22947119,4742,4742,1.836128876197708e+18,2024-09-17,NEU,not ironic,
22947120,4743,4743,1.8361288743226327e+18,2024-09-17,NEU,not ironic,
22947121,4744,4744,1.836128873643164e+18,2024-09-17,NEG,not ironic,
22947122,4745,4745,1.836128872229659e+18,2024-09-17,NEG,not ironic,
22947123,4746,4746,1.836128871718228e+18,2024-09-17,NEG,not ironic,
22947124,4747,4747,1.8361288700656724e+18,2024-09-17,NEG,not ironic,
22947125,4748,4748,1.8361288699018447e+18,2024-09-17,NEU,ironic,
22947126,4749,4749,1.8361288676581417e+18,2024-09-17,POS,ironic,
22947127,4750,4750,1.8361288647554496e+18,2024-09-17,NEG,ironic,
22947128,4751,4751,1.836128864734712e+18,2024-09-17,NEU,not ironic,
22947129,4752,4752,1.836128864675992e+18,2024-09-17,NEG,ironic,
22947130,4753,4753,1.8361288637907889e+18,2024-09-17,NEU,not ironic,
22947131,4754,4754,1.8361288631826104e+18,2024-09-17,NEG,not ironic,
22947132,4755,4755,1.836128862159409e+18,2024-09-17,POS,not ironic,
22947133,4756,4756,1.8361288619620232e+18,2024-09-17,NEU,ironic,
22947134,4757,4757,1.8361288613539187e+18,2024-09-17,NEG,not ironic,
22947135,4758,4758,1.8361288612741448e+18,2024-09-17,NEU,ironic,
22947136,4759,4759,1.8361288598105664e+18,2024-09-17,POS,ironic,
22947137,4760,4760,1.8361288596929413e+18,2024-09-17,POS,not ironic,
22947138,4761,4761,1.8361288596679928e+18,2024-09-17,NEU,not ironic,
22947139,4762,4762,1.8361288591267348e+18,2024-09-17,NEG,ironic,
22947140,4763,4763,1.836128856928879e+18,2024-09-17,POS,ironic,
22947141,4764,4764,1.8361288559809487e+18,2024-09-17,NEU,ironic,
22947142,4765,4765,1.8361288556914967e+18,2024-09-17,NEU,not ironic,
22947143,4766,4766,1.836128855553168e+18,2024-09-17,NEG,not ironic,
22947144,4767,4767,1.8361288537831552e+18,2024-09-17,NEG,not ironic,
22947145,4768,4768,1.8361288526844764e+18,2024-09-17,NEG,ironic,
22947146,4769,4769,1.836128852667474e+18,2024-09-17,NEG,ironic,
22947147,4770,4770,1.8361288525583688e+18,2024-09-17,NEG,ironic,
22947148,4771,4771,1.836128852243804e+18,2024-09-17,NEU,not ironic,
22947149,4772,4772,1.836128852025713e+18,2024-09-17,NEU,not ironic,
22947150,4773,4773,1.836128849886876e+18,2024-09-17,NEG,not ironic,
22947151,4774,4774,1.836128846929892e+18,2024-09-17,NEG,not ironic,
22947152,4775,4775,1.8361288459355423e+18,2024-09-17,NEG,ironic,
22947153,4776,4776,1.836128845176488e+18,2024-09-17,NEG,ironic,
22947154,4777,4777,1.836128844756976e+18,2024-09-17,NEG,not ironic,
22947155,4778,4778,1.83612884411132e+18,2024-09-17,NEU,not ironic,
22947156,4779,4779,1.8361288436581048e+18,2024-09-17,NEG,ironic,
22947157,4780,4780,1.836128843578356e+18,2024-09-17,NEU,ironic,
22947158,4781,4781,1.8361288431882936e+18,2024-09-17,NEG,not ironic,
22947159,4782,4782,1.8361288423536804e+18,2024-09-17,NEG,not ironic,
22947160,4783,4783,1.836128842311762e+18,2024-09-17,NEU,ironic,
22947161,4784,4784,1.836128841942946e+18,2024-09-17,NEG,not ironic,
22947162,4785,4785,1.8361288418502904e+18,2024-09-17,NEU,not ironic,
22947163,4786,4786,1.8361288417331487e+18,2024-09-17,NEG,not ironic,
22947164,4787,4787,1.8361288415611825e+18,2024-09-17,POS,not ironic,
22947165,4788,4788,1.8361288406635889e+18,2024-09-17,NEG,not ironic,
22947166,4789,4789,1.8361288376940096e+18,2024-09-17,NEG,not ironic,
22947167,4790,4790,1.8361288370229453e+18,2024-09-17,POS,not ironic,
22947168,4791,4791,1.8361288357185457e+18,2024-09-17,NEG,ironic,
22947169,4792,4792,1.836128835663992e+18,2024-09-17,NEG,ironic,
22947170,4793,4793,1.8361288352529288e+18,2024-09-17,NEG,ironic,
22947171,4794,4794,1.836128834934182e+18,2024-09-17,NEU,not ironic,
22947172,4795,4795,1.8361288333232783e+18,2024-09-17,NEG,not ironic,
22947174,4797,4797,1.8361288285376435e+18,2024-09-17,NEU,not ironic,
22947175,4798,4798,1.8361288275855404e+18,2024-09-17,NEG,not ironic,
22947176,4799,4799,1.8361288275774264e+18,2024-09-17,POS,ironic,
22947177,4800,4800,1.8361288244314527e+18,2024-09-17,NEU,not ironic,
22947178,4801,4801,1.836128822917501e+18,2024-09-17,POS,not ironic,
22947179,4802,4802,1.8361288226113167e+18,2024-09-17,NEG,not ironic,
22947180,4803,4803,1.836128821403128e+18,2024-09-17,NEG,not ironic,
22947181,4804,4804,1.8361288212608e+18,2024-09-17,NEG,not ironic,
22947182,4805,4805,1.836128820853904e+18,2024-09-17,NEG,ironic,
22947183,4806,4806,1.836128819834749e+18,2024-09-17,NEG,not ironic,
22947184,4807,4807,1.8361288192221184e+18,2024-09-17,NEU,ironic,
22947185,4808,4808,1.836128819192668e+18,2024-09-17,POS,ironic,
22947186,4809,4809,1.836128817687204e+18,2024-09-17,NEG,ironic,
22947187,4810,4810,1.8361288171251635e+18,2024-09-17,NEG,not ironic,
22947188,4811,4811,1.8361288160386007e+18,2024-09-17,NEG,ironic,
22947189,4812,4812,1.836128812406576e+18,2024-09-17,NEU,not ironic,
22947190,4813,4813,1.8361288121423345e+18,2024-09-17,NEG,not ironic,
22947191,4814,4814,1.836128810074268e+18,2024-09-17,NEG,not ironic,
22947192,4815,4815,1.836128806840734e+18,2024-09-17,NEU,ironic,
22947193,4816,4816,1.83612880665616e+18,2024-09-17,NEG,ironic,
22947194,4817,4817,1.8361288058131287e+18,2024-09-17,NEG,ironic,
22947195,4818,4818,1.8361288057919767e+18,2024-09-17,NEU,not ironic,
22947196,4819,4819,1.836128803799684e+18,2024-09-17,NEG,not ironic,
22947197,4820,4820,1.8361288025164063e+18,2024-09-17,NEG,ironic,
22947198,4821,4821,1.8361288016481856e+18,2024-09-17,NEU,not ironic,
22947199,4822,4822,1.8361288016059848e+18,2024-09-17,POS,not ironic,
22947200,4823,4823,1.836128801538888e+18,2024-09-17,NEU,ironic,
22947201,4824,4824,1.8361288011320648e+18,2024-09-17,POS,not ironic,
22947202,4825,4825,1.8361287989093048e+18,2024-09-17,NEG,ironic,
22947203,4826,4826,1.836128797428453e+18,2024-09-17,NEG,not ironic,
22947204,4827,4827,1.8361287965519217e+18,2024-09-17,NEU,not ironic,
22947205,4828,4828,1.836128795671122e+18,2024-09-17,POS,not ironic,
22947206,4829,4829,1.836128795528696e+18,2024-09-17,NEG,ironic,
22947207,4830,4830,1.8361287954110093e+18,2024-09-17,POS,ironic,
22947208,4831,4831,1.836128794001969e+18,2024-09-17,NEG,ironic,
22947209,4832,4832,1.8361287939390548e+18,2024-09-17,NEU,ironic,
22947210,4833,4833,1.8361287918626944e+18,2024-09-17,NEU,not ironic,
22947211,4834,4834,1.8361287917370647e+18,2024-09-17,NEG,not ironic,
22947212,4835,4835,1.8361287907553528e+18,2024-09-17,NEG,not ironic,
22947213,4836,4836,1.8361287899628544e+18,2024-09-17,NEG,ironic,
22947214,4837,4837,1.8361287888427704e+18,2024-09-17,NEG,ironic,
22947215,4838,4838,1.836128788314501e+18,2024-09-17,NEU,not ironic,
22947216,4839,4839,1.836128787920044e+18,2024-09-17,NEG,not ironic,
22947217,4840,4840,1.836128787052008e+18,2024-09-17,NEU,not ironic,
22947218,4841,4841,1.8361287859112223e+18,2024-09-17,NEG,not ironic,
22947219,4842,4842,1.8361287847829007e+18,2024-09-17,NEG,not ironic,
22947220,4843,4843,1.8361287816287729e+18,2024-09-17,POS,ironic,
22947221,4844,4844,1.8361287799718167e+18,2024-09-17,NEG,not ironic,
22947222,4845,4845,1.8361287787430912e+18,2024-09-17,NEG,not ironic,
22947223,4846,4846,1.8361287769059863e+18,2024-09-17,NEG,ironic,
22947224,4847,4847,1.836128776096252e+18,2024-09-17,POS,not ironic,
22947225,4848,4848,1.836128775827772e+18,2024-09-17,NEU,not ironic,
22947227,4850,4850,1.8361287700902216e+18,2024-09-17,NEU,ironic,
22947228,4851,4851,1.8361287696540347e+18,2024-09-17,NEG,not ironic,
22947229,4852,4852,1.8361287687813985e+18,2024-09-17,NEG,not ironic,
22947230,4853,4853,1.8361287665835707e+18,2024-09-17,NEG,ironic,
22947231,4854,4854,1.8361287665332388e+18,2024-09-17,NEG,ironic,
22947232,4855,4855,1.836128766495724e+18,2024-09-17,NEG,ironic,
22947233,4856,4856,1.8361287661893184e+18,2024-09-17,NEG,not ironic,
22947234,4857,4857,1.8361287620285688e+18,2024-09-17,POS,not ironic,
22947235,4858,4858,1.8361287619449777e+18,2024-09-17,NEG,not ironic,
22947236,4859,4859,1.8361287616764603e+18,2024-09-17,NEG,not ironic,
22947237,4860,4860,1.8361287616635948e+18,2024-09-17,NEU,ironic,
22947238,4861,4861,1.8361287605356173e+18,2024-09-17,NEU,not ironic,
22947239,4862,4862,1.8361287593570184e+18,2024-09-17,NEU,not ironic,
22947240,4863,4863,1.8361287582203617e+18,2024-09-17,NEG,ironic,
22947241,4864,4864,1.8361287574190656e+18,2024-09-17,POS,not ironic,
22947242,4865,4865,1.8361287562446195e+18,2024-09-17,NEG,ironic,
22947243,4866,4866,1.83612875570378e+18,2024-09-17,NEU,not ironic,
22947244,4867,4867,1.8361287552799127e+18,2024-09-17,NEU,not ironic,
22947245,4868,4868,1.8361287547433656e+18,2024-09-17,NEU,not ironic,
22947246,4869,4869,1.83612875383312e+18,2024-09-17,NEU,not ironic,
22947247,4870,4870,1.836128752339948e+18,2024-09-17,NEG,not ironic,
22947248,4871,4871,1.836128751824024e+18,2024-09-17,POS,not ironic,
22947249,4872,4872,1.8361287511026445e+18,2024-09-17,NEG,ironic,
22947250,4873,4873,1.836128748623852e+18,2024-09-17,NEG,not ironic,
22947251,4874,4874,1.836128747621172e+18,2024-09-17,NEU,not ironic,
22947252,4875,4875,1.8361287471261617e+18,2024-09-17,NEU,not ironic,
22947253,4876,4876,1.836128746795139e+18,2024-09-17,NEG,not ironic,
22947254,4877,4877,1.836128744798589e+18,2024-09-17,POS,not ironic,
22947255,4878,4878,1.8361287433052365e+18,2024-09-17,POS,ironic,
22947256,4879,4879,1.8361287426427249e+18,2024-09-17,NEU,not ironic,
22947257,4880,4880,1.8361287415267945e+18,2024-09-17,NEU,not ironic,
22947258,4881,4881,1.836128739815756e+18,2024-09-17,NEG,ironic,
22947259,4882,4882,1.8361287395009208e+18,2024-09-17,NEG,ironic,
22947260,4883,4883,1.836128738792145e+18,2024-09-17,NEU,not ironic,
22947261,4884,4884,1.8361287355585367e+18,2024-09-17,POS,not ironic,
22947262,4885,4885,1.8361287353111104e+18,2024-09-17,NEU,not ironic,
22947263,4886,4886,1.836128735164273e+18,2024-09-17,NEG,ironic,
22947264,4887,4887,1.83612873498792e+18,2024-09-17,NEU,ironic,
22947265,4888,4888,1.8361287345181e+18,2024-09-17,NEG,not ironic,
22947267,4890,4890,1.836128734023164e+18,2024-09-17,NEG,not ironic,
22947268,4891,4891,1.8361287338682327e+18,2024-09-17,NEU,not ironic,
22947269,4892,4892,1.836128733553632e+18,2024-09-17,NEG,ironic,
22947270,4893,4893,1.836128733276836e+18,2024-09-17,NEU,ironic,
22947271,4894,4894,1.836128730604794e+18,2024-09-17,NEU,not ironic,
22947272,4895,4895,1.8361287305883648e+18,2024-09-17,NEG,ironic,
22947273,4896,4896,1.8361287302105664e+18,2024-09-17,POS,not ironic,
22947274,4897,4897,1.8361287293926848e+18,2024-09-17,NEG,not ironic,
22947275,4898,4898,1.8361287283443343e+18,2024-09-17,NEU,not ironic,
22947276,4900,4900,1.8361287252279665e+18,2024-09-17,NEU,not ironic,
22947277,4901,4901,1.8361287246869007e+18,2024-09-17,NEG,ironic,
22947278,4902,4902,1.836128724388844e+18,2024-09-17,NEG,ironic,
22947279,4903,4903,1.83612872401132e+18,2024-09-17,NEG,not ironic,
22947280,4904,4904,1.836128720853316e+18,2024-09-17,POS,ironic,
22947281,4905,4905,1.8361287193682657e+18,2024-09-17,NEG,ironic,
22947282,4906,4906,1.836128719078908e+18,2024-09-17,NEU,not ironic,
22947283,4907,4907,1.836128718655492e+18,2024-09-17,NEG,ironic,
22947284,4908,4908,1.83612871803034e+18,2024-09-17,NEU,ironic,
22947285,4909,4909,1.8361287176318449e+18,2024-09-17,NEU,not ironic,
22947286,4910,4910,1.836128717015601e+18,2024-09-17,NEG,not ironic,
22947288,4912,4912,1.836128714897396e+18,2024-09-17,POS,ironic,
22947289,4913,4913,1.8361287135214472e+18,2024-09-17,NEG,ironic,
22947290,4914,4914,1.8361287135171955e+18,2024-09-17,NEG,ironic,
22947291,4915,4915,1.8361287134001e+18,2024-09-17,NEG,ironic,
22947292,4916,4916,1.8361287132487928e+18,2024-09-17,NEG,not ironic,
22947293,4917,4917,1.8361287121039887e+18,2024-09-17,NEU,not ironic,
22947294,4918,4918,1.836128711747535e+18,2024-09-17,NEG,not ironic,
22947295,4919,4919,1.8361287102499064e+18,2024-09-17,NEG,not ironic,
22947296,4920,4920,1.83612870999826e+18,2024-09-17,NEG,ironic,
22947297,4921,4921,1.836128709042148e+18,2024-09-17,NEU,not ironic,
22947298,4922,4922,1.836128708966364e+18,2024-09-17,NEG,ironic,
22947299,4923,4923,1.8361287087233764e+18,2024-09-17,NEG,ironic,
22947300,4924,4924,1.836128708433691e+18,2024-09-17,NEG,not ironic,
22947301,4925,4925,1.8361287077752384e+18,2024-09-17,NEG,ironic,
22947302,4926,4926,1.8361287066346168e+18,2024-09-17,NEU,not ironic,
22947303,4927,4927,1.8361287060513464e+18,2024-09-17,NEG,ironic,
22947304,4928,4928,1.8361287046001093e+18,2024-09-17,NEU,not ironic,
22947305,4929,4929,1.8361287044494543e+18,2024-09-17,NEG,not ironic,
22947306,4930,4930,1.836128704109704e+18,2024-09-17,POS,ironic,
22947307,4931,4931,1.8361287036102984e+18,2024-09-17,NEU,ironic,
22947308,4932,4932,1.8361287030775608e+18,2024-09-17,NEU,not ironic,
22947309,4933,4933,1.836128703065031e+18,2024-09-17,NEG,ironic,
22947310,4934,4934,1.8361287030524887e+18,2024-09-17,NEG,ironic,
22947311,4935,4935,1.8361287025745303e+18,2024-09-17,NEG,ironic,
22947312,4936,4936,1.8361287024946056e+18,2024-09-17,NEG,not ironic,
22947313,4937,4937,1.8361287020670364e+18,2024-09-17,NEG,not ironic,
22947314,4938,4938,1.8361287013454031e+18,2024-09-17,NEG,ironic,
22947315,4939,4939,1.8361287006703168e+18,2024-09-17,NEG,not ironic,
22947316,4940,4940,1.8361287003345428e+18,2024-09-17,NEU,ironic,
22947317,4941,4941,1.836128700263204e+18,2024-09-17,NEU,ironic,
22947318,4942,4942,1.8361286991811213e+18,2024-09-17,NEG,not ironic,
22947319,4943,4943,1.8361286985771543e+18,2024-09-17,NEU,not ironic,
22947320,4944,4944,1.836128698074043e+18,2024-09-17,NEU,not ironic,
22947321,4945,4945,1.8361286980402056e+18,2024-09-17,NEU,not ironic,
22947322,4946,4946,1.8361286954104755e+18,2024-09-17,NEG,not ironic,
22947323,4947,4947,1.8361286944835256e+18,2024-09-17,NEG,ironic,
22947324,4948,4948,1.836128693279744e+18,2024-09-17,NEU,ironic,
22947325,4949,4949,1.8361286928393587e+18,2024-09-17,NEG,not ironic,
22947326,4950,4950,1.836128692055216e+18,2024-09-17,NEU,not ironic,
22947327,4951,4951,1.8361286919794767e+18,2024-09-17,NEU,not ironic,
22947328,4952,4952,1.836128691602244e+18,2024-09-17,NEU,ironic,
22947329,4953,4953,1.836128691245724e+18,2024-09-17,NEG,ironic,
22947330,4954,4954,1.836128689462936e+18,2024-09-17,NEG,not ironic,
22947331,4955,4955,1.836128689399997e+18,2024-09-17,NEU,not ironic,
22947332,4956,4956,1.8361286884813944e+18,2024-09-17,NEG,not ironic,
22947333,4957,4957,1.836128687932024e+18,2024-09-17,NEU,not ironic,
22947334,4958,4958,1.836128687764444e+18,2024-09-17,NEG,not ironic,
22947335,4959,4959,1.83612868753381e+18,2024-09-17,NEU,ironic,
22947336,4960,4960,1.8361286867029847e+18,2024-09-17,NEU,ironic,
22947337,4961,4961,1.8361286858266752e+18,2024-09-17,POS,ironic,
22947338,4962,4962,1.836128684639449e+18,2024-09-17,NEG,not ironic,
22947339,4963,4963,1.8361286846354924e+18,2024-09-17,NEG,not ironic,
22947340,4964,4964,1.836128684106744e+18,2024-09-17,NEG,ironic,
22947341,4965,4965,1.836128683465282e+18,2024-09-17,NEG,ironic,
22947342,4966,4966,1.836128681414312e+18,2024-09-17,NEG,not ironic,
22947343,4967,4967,1.8361286813595405e+18,2024-09-17,NEG,not ironic,
22947344,4968,4968,1.836128680768136e+18,2024-09-17,NEG,not ironic,
22947345,4969,4969,1.83612867996704e+18,2024-09-17,NEG,not ironic,
22947346,4970,4970,1.8361286799169004e+18,2024-09-17,NEG,not ironic,
22947347,4971,4971,1.83612867838598e+18,2024-09-17,NEG,not ironic,
22947348,4972,4972,1.836128676242768e+18,2024-09-17,NEG,ironic,
22947349,4973,4973,1.8361286761081933e+18,2024-09-17,NEG,not ironic,
22947350,4974,4974,1.836128675772928e+18,2024-09-17,NEG,not ironic,
22947351,4975,4975,1.8361286754752143e+18,2024-09-17,NEU,not ironic,
22947352,4976,4976,1.836128675470717e+18,2024-09-17,NEG,not ironic,
22947353,4977,4977,1.836128675395158e+18,2024-09-17,NEG,ironic,
22947354,4978,4978,1.8361286746949924e+18,2024-09-17,NEU,not ironic,
22947355,4979,4979,1.8361286737177684e+18,2024-09-17,NEG,ironic,
22947356,4980,4980,1.8361286735581391e+18,2024-09-17,NEG,ironic,
22947357,4981,4981,1.8361286727151004e+18,2024-09-17,NEU,not ironic,
22947358,4982,4982,1.8361286718219308e+18,2024-09-17,NEU,not ironic,
22947359,4983,4983,1.8361286701022085e+18,2024-09-17,NEG,not ironic,
22947360,4984,4984,1.8361286692047096e+18,2024-09-17,NEG,ironic,
22947361,4985,4985,1.8361286692001792e+18,2024-09-17,NEG,not ironic,
22947362,4986,4986,1.836128669015888e+18,2024-09-17,NEG,not ironic,
22947363,4987,4987,1.8361286688394483e+18,2024-09-17,NEU,not ironic,
22947364,4988,4988,1.8361286683403228e+18,2024-09-17,POS,ironic,
22947365,4989,4989,1.8361286675141512e+18,2024-09-17,NEG,not ironic,
22947366,4990,4990,1.8361286672249367e+18,2024-09-17,NEU,ironic,
22947367,4991,4991,1.836128666327356e+18,2024-09-17,NEU,ironic,
22947368,4992,4992,1.8361286662893896e+18,2024-09-17,NEU,ironic,
22947369,4993,4993,1.836128665718908e+18,2024-09-17,NEG,ironic,
22947370,4994,4994,1.8361286655010693e+18,2024-09-17,NEG,ironic,
22947371,4995,4995,1.8361286627496223e+18,2024-09-17,NEU,ironic,
22947372,4996,4996,1.8361286609667528e+18,2024-09-17,NEU,not ironic,
22947373,4997,4997,1.8361286606395889e+18,2024-09-17,NEG,ironic,
22947374,4998,4998,1.8361286574144228e+18,2024-09-17,NEU,not ironic,
22947375,4999,4999,1.8361286562734208e+18,2024-09-17,NEG,not ironic,
22947376,5000,5000,1.836128655938036e+18,2024-09-17,NEU,not ironic,
22947378,5002,5002,1.8361286534505925e+18,2024-09-17,NEU,not ironic,
22947379,5003,5003,1.8361286530691927e+18,2024-09-17,NEG,ironic,
22947380,5004,5004,1.8361286530689395e+18,2024-09-17,NEG,ironic,
22947382,5006,5006,1.83612865188198e+18,2024-09-17,NEG,ironic,
22947383,5007,5007,1.83612865160097e+18,2024-09-17,NEU,not ironic,
22947384,5008,5008,1.83612864997356e+18,2024-09-17,NEG,not ironic,
22947385,5009,5009,1.836128648514212e+18,2024-09-17,NEU,not ironic,
22947386,5010,5010,1.8361286437240507e+18,2024-09-17,NEG,not ironic,
22947387,5011,5011,1.836128643510329e+18,2024-09-17,NEG,ironic,
22947388,5012,5012,1.8361286414215785e+18,2024-09-17,NEG,ironic,
22947389,5013,5013,1.8361286410479985e+18,2024-09-17,NEU,not ironic,
22947390,5014,5014,1.836128640771203e+18,2024-09-17,NEG,not ironic,
22947391,5015,5015,1.8361286398527247e+18,2024-09-17,POS,not ironic,
22947393,5017,5017,1.8361286395467249e+18,2024-09-17,NEU,ironic,
22947394,5018,5018,1.836128636878897e+18,2024-09-17,NEG,ironic,
22947395,5019,5019,1.836128636619068e+18,2024-09-17,NEU,not ironic,
22947396,5020,5020,1.8361286359100367e+18,2024-09-17,NEU,not ironic,
22947397,5021,5021,1.836128635847377e+18,2024-09-17,NEG,not ironic,
22947398,5022,5022,1.836128635616412e+18,2024-09-17,NEU,ironic,
22947399,5023,5023,1.8361286333682609e+18,2024-09-17,POS,not ironic,
22947400,5024,5024,1.836128631556604e+18,2024-09-17,POS,ironic,
22947401,5025,5025,1.836128631094916e+18,2024-09-17,NEG,ironic,
22947402,5026,5026,1.8361286307468209e+18,2024-09-17,NEU,not ironic,
22947403,5027,5027,1.8361286292075604e+18,2024-09-17,NEU,not ironic,
22947404,5028,5028,1.8361286273455227e+18,2024-09-17,NEU,not ironic,
22947405,5029,5029,1.8361286267916457e+18,2024-09-17,NEG,not ironic,
22947406,5030,5030,1.8361286247448248e+18,2024-09-17,NEU,not ironic,
22947407,5031,5031,1.836128624522728e+18,2024-09-17,NEU,not ironic,
22947408,5032,5032,1.8361286237761416e+18,2024-09-17,POS,not ironic,
22947409,5033,5033,1.836128623641661e+18,2024-09-17,POS,not ironic,
22947410,5034,5034,1.83612862318454e+18,2024-09-17,POS,not ironic,
22947411,5035,5035,1.8361286208147743e+18,2024-09-17,NEG,not ironic,
22947412,5036,5036,1.8361286201939804e+18,2024-09-17,NEU,ironic,
22947413,5037,5037,1.836128619522852e+18,2024-09-17,NEG,ironic,
22947414,5038,5038,1.8361286191789343e+18,2024-09-17,NEG,not ironic,
22947415,5039,5039,1.836128618919216e+18,2024-09-17,NEG,not ironic,
22947416,5040,5040,1.8361286187933084e+18,2024-09-17,NEG,ironic,
22947417,5041,5041,1.836128616855282e+18,2024-09-17,NEU,ironic,
22947418,5042,5042,1.8361286157437504e+18,2024-09-17,NEG,ironic,
22947419,5043,5043,1.8361286150897708e+18,2024-09-17,NEU,not ironic,
22947420,5044,5044,1.836128614045393e+18,2024-09-17,NEU,not ironic,
22947421,5045,5045,1.8361286139193057e+18,2024-09-17,POS,not ironic,
22947422,5046,5046,1.8361286135333524e+18,2024-09-17,NEG,not ironic,
22947423,5047,5047,1.8361286133949727e+18,2024-09-17,NEG,not ironic,
22947424,5048,5048,1.8361286130091625e+18,2024-09-17,NEG,ironic,
22947425,5049,5049,1.8361286126525527e+18,2024-09-17,NEU,not ironic,
22947426,5050,5050,1.8361286117469307e+18,2024-09-17,NEG,ironic,
22947427,5051,5051,1.836128609477788e+18,2024-09-17,NEU,not ironic,
22947428,5052,5052,1.8361286091673807e+18,2024-09-17,NEG,not ironic,
22947429,5053,5053,1.836128608479515e+18,2024-09-17,NEG,ironic,
22947430,5054,5054,1.83612860828654e+18,2024-09-17,NEG,not ironic,
22947431,5055,5055,1.8361286076991857e+18,2024-09-17,NEG,ironic,
22947432,5056,5056,1.8361286053421752e+18,2024-09-17,NEU,not ironic,
22947433,5057,5057,1.8361286051700209e+18,2024-09-17,POS,ironic,
22947434,5058,5058,1.836128604520092e+18,2024-09-17,POS,not ironic,
22947435,5059,5059,1.83612860311892e+18,2024-09-17,NEU,not ironic,
22947436,5060,5060,1.836128601651188e+18,2024-09-17,POS,not ironic,
22947437,5061,5061,1.83612859833351e+18,2024-09-17,NEG,not ironic,
22947438,5062,5062,1.8361285977253192e+18,2024-09-17,NEU,not ironic,
22947439,5063,5063,1.83612859588402e+18,2024-09-17,NEU,ironic,
22947440,5064,5064,1.836128595393286e+18,2024-09-17,NEU,not ironic,
22947441,5065,5065,1.8361285953849385e+18,2024-09-17,NEU,ironic,
22947442,5066,5066,1.8361285942650184e+18,2024-09-17,NEG,ironic,
22947443,5067,5067,1.836128594172744e+18,2024-09-17,NEU,not ironic,
22947444,5068,5068,1.836128593769902e+18,2024-09-17,NEU,not ironic,
22947445,5069,5069,1.8361285929854807e+18,2024-09-17,NEG,ironic,
22947446,5070,5070,1.8361285925995973e+18,2024-09-17,NEU,not ironic,
22947447,5071,5071,1.8361285921844265e+18,2024-09-17,POS,not ironic,
22947449,5073,5073,1.836128590649308e+18,2024-09-17,NEU,not ironic,
22947450,5074,5074,1.836128590565368e+18,2024-09-17,NEG,ironic,
22947451,5075,5075,1.8361285881032911e+18,2024-09-17,NEU,not ironic,
22947452,5076,5076,1.836128587398738e+18,2024-09-17,NEG,ironic,
22947453,5077,5077,1.8361285860567657e+18,2024-09-17,NEU,not ironic,
22947454,5078,5078,1.8361285854232044e+18,2024-09-17,NEG,ironic,
22947455,5079,5079,1.8361285852931768e+18,2024-09-17,NEU,not ironic,
22947456,5080,5080,1.836128585159185e+18,2024-09-17,NEU,ironic,
22947457,5081,5081,1.8361285848823608e+18,2024-09-17,NEU,ironic,
22947458,5082,5082,1.836128583686984e+18,2024-09-17,NEG,ironic,
22947459,5083,5083,1.836128583468626e+18,2024-09-17,NEG,ironic,
22947460,5084,5084,1.836128582202004e+18,2024-09-17,NEU,ironic,
22947461,5085,5085,1.8361285797314967e+18,2024-09-17,NEG,ironic,
22947462,5086,5086,1.836128579702408e+18,2024-09-17,NEG,ironic,
22947463,5087,5087,1.83612857899749e+18,2024-09-17,NEG,not ironic,
22947464,5088,5088,1.8361285789387656e+18,2024-09-17,NEG,not ironic,
22947465,5089,5089,1.8361285770222351e+18,2024-09-17,NEU,ironic,
22947466,5090,5090,1.8361285767031967e+18,2024-09-17,NEG,ironic,
22947467,5091,5091,1.8361285765313083e+18,2024-09-17,NEU,ironic,
22947468,5092,5092,1.8361285764222405e+18,2024-09-17,NEG,not ironic,
22947469,5093,5093,1.8361285743462687e+18,2024-09-17,NEG,ironic,
22947470,5094,5094,1.8361285729244e+18,2024-09-17,POS,not ironic,
22947471,5095,5095,1.8361285726640868e+18,2024-09-17,NEU,not ironic,
22947472,5096,5096,1.8361285725049687e+18,2024-09-17,POS,not ironic,
22947473,5097,5097,1.8361285723456105e+18,2024-09-17,POS,not ironic,
22947474,5098,5098,1.836128571628163e+18,2024-09-17,NEG,ironic,
22947475,5099,5099,1.836128571561276e+18,2024-09-17,NEG,ironic,
22947476,5100,5100,1.8361285710579185e+18,2024-09-17,NEU,ironic,
22947478,5102,5102,1.836128568411108e+18,2024-09-17,NEG,not ironic,
22947479,5103,5103,1.8361285683775767e+18,2024-09-17,NEG,not ironic,
22947480,5104,5104,1.836128568008401e+18,2024-09-17,NEG,not ironic,
22947481,5105,5105,1.8361285679121984e+18,2024-09-17,NEU,not ironic,
22947482,5106,5106,1.8361285675221484e+18,2024-09-17,NEG,not ironic,
22947483,5107,5107,1.8361285667630287e+18,2024-09-17,NEG,not ironic,
22947484,5108,5108,1.836128566670656e+18,2024-09-17,NEG,not ironic,
22947485,5109,5109,1.8361285662384704e+18,2024-09-17,NEG,not ironic,
22947486,5110,5110,1.8361285660918664e+18,2024-09-17,NEG,ironic,
22947487,5111,5111,1.8361285657395727e+18,2024-09-17,NEU,not ironic,
22947488,5112,5112,1.836128564619678e+18,2024-09-17,NEG,ironic,
22947489,5113,5113,1.8361285620695693e+18,2024-09-17,NEG,not ironic,
22947490,5114,5114,1.8361285604670223e+18,2024-09-17,NEG,not ironic,
22947491,5115,5115,1.836128559833789e+18,2024-09-17,NEG,ironic,
22947492,5116,5116,1.836128559758193e+18,2024-09-17,NEU,not ironic,
22947493,5117,5117,1.836128559003206e+18,2024-09-17,NEU,not ironic,
22947494,5118,5118,1.8361285581982351e+18,2024-09-17,NEU,not ironic,
22947495,5119,5119,1.8361285574430103e+18,2024-09-17,NEG,ironic,
22947496,5120,5120,1.8361285565750024e+18,2024-09-17,NEU,not ironic,
22947497,5121,5121,1.8361285523932813e+18,2024-09-17,NEG,not ironic,
22947498,5122,5122,1.836128551071888e+18,2024-09-17,NEU,not ironic,
22947499,5123,5123,1.836128548047708e+18,2024-09-17,NEU,ironic,
22947500,5124,5124,1.8361285480100088e+18,2024-09-17,NEG,not ironic,
22947501,5125,5125,1.8361285463409377e+18,2024-09-17,NEG,ironic,
22947502,5126,5126,1.836128545635972e+18,2024-09-17,NEG,ironic,
22947503,5127,5127,1.836128544348418e+18,2024-09-17,NEG,not ironic,
22947504,5128,5128,1.8361285428929088e+18,2024-09-17,NEU,not ironic,
22947506,5130,5130,1.8361285423602893e+18,2024-09-17,NEU,not ironic,
22947507,5131,5131,1.836128541915632e+18,2024-09-17,NEG,not ironic,
22947508,5132,5132,1.8361285418149688e+18,2024-09-17,NEU,not ironic,
22947509,5133,5133,1.8361285418026967e+18,2024-09-17,NEU,not ironic,
22947510,5134,5134,1.8361285414629832e+18,2024-09-17,NEG,not ironic,
22947511,5135,5135,1.8361285413371249e+18,2024-09-17,NEG,ironic,
22947512,5136,5136,1.8361285401918428e+18,2024-09-17,NEG,not ironic,
22947513,5137,5137,1.8361285395964603e+18,2024-09-17,NEU,not ironic,
22947514,5138,5138,1.836128539055174e+18,2024-09-17,NEG,ironic,
22947515,5139,5139,1.8361285366475776e+18,2024-09-17,NEG,ironic,
22947516,5140,5140,1.8361285354521887e+18,2024-09-17,NEG,ironic,
22947517,5141,5141,1.8361285354147392e+18,2024-09-17,POS,ironic,
22947518,5142,5142,1.8361285344455808e+18,2024-09-17,NEU,not ironic,
22947519,5143,5143,1.836128533871236e+18,2024-09-17,NEG,ironic,
22947520,5144,5144,1.8361285337828887e+18,2024-09-17,NEG,not ironic,
22947521,5145,5145,1.836128532834968e+18,2024-09-17,NEG,ironic,
22947523,5147,5147,1.8361285299033992e+18,2024-09-17,NEG,not ironic,
22947524,5148,5148,1.8361285294042688e+18,2024-09-17,NEG,ironic,
22947525,5149,5149,1.8361285289848504e+18,2024-09-17,NEU,not ironic,
22947526,5150,5150,1.8361285289133632e+18,2024-09-17,NEU,not ironic,
22947527,5151,5151,1.836128525298078e+18,2024-09-17,NEG,not ironic,
22947528,5152,5152,1.8361285251552049e+18,2024-09-17,NEG,ironic,
22947529,5153,5153,1.836128524916101e+18,2024-09-17,NEG,ironic,
22947530,5154,5154,1.8361285235194964e+18,2024-09-17,NEG,ironic,
22947531,5155,5155,1.8361285224669228e+18,2024-09-17,NEG,ironic,
22947532,5156,5156,1.8361285222946767e+18,2024-09-17,NEG,not ironic,
22947533,5157,5157,1.836128521061831e+18,2024-09-17,NEU,ironic,
22947534,5158,5158,1.8361285205207657e+18,2024-09-17,POS,ironic,
22947535,5159,5159,1.8361285204743373e+18,2024-09-17,NEU,ironic,
22947536,5160,5160,1.8361285195183268e+18,2024-09-17,NEG,not ironic,
22947537,5161,5161,1.836128518213915e+18,2024-09-17,NEG,not ironic,
22947538,5162,5162,1.836128517400024e+18,2024-09-17,NEG,ironic,
22947539,5163,5163,1.83612851528208e+18,2024-09-17,NEU,not ironic,
22947540,5164,5164,1.836128515189863e+18,2024-09-17,NEU,ironic,
22947541,5165,5165,1.8361285149381468e+18,2024-09-17,NEU,not ironic,
22947542,5166,5166,1.8361285143677207e+18,2024-09-17,NEU,not ironic,
22947543,5167,5167,1.8361285141954888e+18,2024-09-17,NEU,not ironic,
22947544,5168,5168,1.836128514103276e+18,2024-09-17,NEU,not ironic,
22947545,5169,5169,1.8361285137134103e+18,2024-09-17,NEU,ironic,
22947546,5170,5170,1.836128513457312e+18,2024-09-17,NEU,not ironic,
22947547,5171,5171,1.8361285130630065e+18,2024-09-17,NEU,ironic,
22947548,5172,5172,1.8361285128701207e+18,2024-09-17,POS,ironic,
22947549,5173,5173,1.8361285124802524e+18,2024-09-17,NEG,not ironic,
22947550,5174,5174,1.8361285116875945e+18,2024-09-17,POS,not ironic,
22947552,5176,5176,1.836128510454186e+18,2024-09-17,NEU,ironic,
22947553,5177,5177,1.8361285065325363e+18,2024-09-17,NEG,ironic,
22947554,5178,5178,1.836128505907884e+18,2024-09-17,NEG,not ironic,
22947555,5179,5179,1.8361285047373988e+18,2024-09-17,NEG,not ironic,
22947556,5180,5180,1.8361285038901453e+18,2024-09-17,NEG,ironic,
22947557,5181,5181,1.8361285037226191e+18,2024-09-17,NEG,ironic,
22947558,5182,5182,1.8361285025985088e+18,2024-09-17,POS,not ironic,
22947559,5183,5183,1.8361285020658447e+18,2024-09-17,NEU,not ironic,
22947560,5184,5184,1.8361285009163228e+18,2024-09-17,NEU,not ironic,
22947561,5185,5185,1.836128500136448e+18,2024-09-17,NEU,not ironic,
22947562,5186,5186,1.8361285001154767e+18,2024-09-17,NEU,not ironic,
22947563,5187,5187,1.836128498869584e+18,2024-09-17,NEU,not ironic,
22947564,5188,5188,1.8361284982320287e+18,2024-09-17,NEU,ironic,
22947565,5189,5189,1.8361284961516795e+18,2024-09-17,NEU,not ironic,
22947566,5190,5190,1.8361284954218007e+18,2024-09-17,NEU,not ironic,
22947567,5191,5191,1.8361284950529152e+18,2024-09-17,NEG,ironic,
22947568,5192,5192,1.836128494390043e+18,2024-09-17,NEG,not ironic,
22947569,5193,5193,1.8361284932282248e+18,2024-09-17,NEG,ironic,
22947570,5194,5194,1.8361284931193777e+18,2024-09-17,POS,not ironic,
22947571,5195,5195,1.8361284926577708e+18,2024-09-17,NEG,ironic,
22947572,5196,5196,1.8361284913452529e+18,2024-09-17,NEG,not ironic,
22947573,5197,5197,1.836128491244495e+18,2024-09-17,NEG,not ironic,
22947574,5198,5198,1.8361284908922025e+18,2024-09-17,NEU,not ironic,
22947575,5199,5199,1.8361284897510728e+18,2024-09-17,NEG,not ironic,
22947576,5200,5200,1.836128488153371e+18,2024-09-17,NEG,ironic,
22947577,5201,5201,1.8361284876038308e+18,2024-09-17,NEG,not ironic,
22947578,5202,5202,1.8361284865091543e+18,2024-09-17,NEG,ironic,
22947579,5203,5203,1.8361284843153083e+18,2024-09-17,NEG,ironic,
22947580,5204,5204,1.8361284831704888e+18,2024-09-17,NEG,not ironic,
22947581,5205,5205,1.8361284830695631e+18,2024-09-17,NEG,not ironic,
22947582,5206,5206,1.8361284828137024e+18,2024-09-17,NEG,ironic,
22947583,5207,5207,1.8361284812744745e+18,2024-09-17,POS,not ironic,
22947584,5208,5208,1.8361284809223416e+18,2024-09-17,NEG,not ironic,
22947585,5209,5209,1.836128480783672e+18,2024-09-17,NEU,not ironic,
22947586,5210,5210,1.8361284804778107e+18,2024-09-17,POS,not ironic,
22947587,5211,5211,1.8361284798234337e+18,2024-09-17,NEG,ironic,
22947588,5212,5212,1.8361284788964928e+18,2024-09-17,POS,not ironic,
22947590,5214,5214,1.8361284767613747e+18,2024-09-17,NEG,ironic,
22947591,5215,5215,1.8361284742827832e+18,2024-09-17,NEG,ironic,
22947592,5216,5216,1.8361284736743017e+18,2024-09-17,POS,not ironic,
22947593,5217,5217,1.8361284734814287e+18,2024-09-17,NEU,not ironic,
22947594,5218,5218,1.836128473418703e+18,2024-09-17,NEG,not ironic,
22947595,5219,5219,1.8361284712166976e+18,2024-09-17,NEG,not ironic,
22947596,5220,5220,1.8361284707844552e+18,2024-09-17,NEG,ironic,
22947597,5221,5221,1.836128470671496e+18,2024-09-17,NEU,not ironic,
22947598,5222,5222,1.83612846940482e+18,2024-09-17,POS,not ironic,
22947599,5223,5223,1.8361284686498245e+18,2024-09-17,NEG,not ironic,
22947600,5224,5224,1.836128466384884e+18,2024-09-17,NEG,ironic,
22947601,5225,5225,1.8361284663346253e+18,2024-09-17,NEG,ironic,
22947602,5226,5226,1.8361284660072123e+18,2024-09-17,POS,not ironic,
22947603,5227,5227,1.836128465642492e+18,2024-09-17,POS,not ironic,
22947604,5228,5228,1.8361284648327496e+18,2024-09-17,NEG,not ironic,
22947605,5229,5229,1.8361284621989688e+18,2024-09-17,POS,ironic,
22947606,5230,5230,1.836128461808632e+18,2024-09-17,NEU,not ironic,
22947607,5231,5231,1.836128461032932e+18,2024-09-17,NEU,not ironic,
22947608,5232,5232,1.836128459690816e+18,2024-09-17,NEG,ironic,
22947609,5233,5233,1.83612845966531e+18,2024-09-17,NEU,not ironic,
22947610,5234,5234,1.836128459518624e+18,2024-09-17,NEG,not ironic,
22947611,5235,5235,1.836128457929167e+18,2024-09-17,NEU,not ironic,
22947612,5236,5236,1.836128457660732e+18,2024-09-17,NEG,ironic,
22947613,5237,5237,1.836128457488548e+18,2024-09-17,NEG,not ironic,
22947614,5238,5238,1.8361284572622807e+18,2024-09-17,NEU,ironic,
22947615,5239,5239,1.8361284548503347e+18,2024-09-17,NEG,not ironic,
22947616,5240,5240,1.8361284547834388e+18,2024-09-17,NEG,ironic,
22947617,5241,5241,1.8361284547792448e+18,2024-09-17,NEG,ironic,
22947618,5242,5242,1.836128454586348e+18,2024-09-17,NEG,ironic,
22947619,5243,5243,1.836128454007456e+18,2024-09-17,NEU,ironic,
22947620,5244,5244,1.836128453936231e+18,2024-09-17,NEG,ironic,
22947621,5245,5245,1.836128453432648e+18,2024-09-17,NEG,not ironic,
22947622,5246,5246,1.8361284525479488e+18,2024-09-17,NEU,not ironic,
22947623,5247,5247,1.8361284524386263e+18,2024-09-17,NEU,not ironic,
22947624,5248,5248,1.836128452312736e+18,2024-09-17,POS,not ironic,
22947625,5249,5249,1.8361284522330888e+18,2024-09-17,NEU,not ironic,
22947626,5250,5250,1.836128451780076e+18,2024-09-17,NEU,not ironic,
22947627,5251,5251,1.836128451365081e+18,2024-09-17,NEU,not ironic,
22947628,5252,5252,1.8361284509621745e+18,2024-09-17,POS,ironic,
22947629,5253,5253,1.836128450601489e+18,2024-09-17,POS,ironic,
22947630,5254,5254,1.836128450362676e+18,2024-09-17,NEG,not ironic,
22947631,5255,5255,1.8361284502242964e+18,2024-09-17,NEG,not ironic,
22947632,5256,5256,1.836128448462616e+18,2024-09-17,NEG,ironic,
22947633,5257,5257,1.8361284482778035e+18,2024-09-17,NEG,ironic,
22947634,5258,5258,1.8361284481310884e+18,2024-09-17,NEU,not ironic,
22947635,5259,5259,1.8361284475189737e+18,2024-09-17,NEG,not ironic,
22947636,5260,5260,1.8361284455559703e+18,2024-09-17,NEG,ironic,
22947637,5261,5261,1.8361284434963743e+18,2024-09-17,NEU,not ironic,
22947638,5262,5262,1.836128443152692e+18,2024-09-17,NEG,ironic,
22947639,5263,5263,1.8361284421960663e+18,2024-09-17,NEG,ironic,
22947640,5264,5264,1.836128442187944e+18,2024-09-17,NEU,not ironic,
22947641,5265,5265,1.836128439251928e+18,2024-09-17,POS,ironic,
22947642,5266,5266,1.836128439243544e+18,2024-09-17,NEU,not ironic,
22947643,5267,5267,1.836128438874236e+18,2024-09-17,NEG,ironic,
22947644,5268,5268,1.8361284384675963e+18,2024-09-17,NEU,not ironic,
22947645,5269,5269,1.8361284365676047e+18,2024-09-17,NEU,not ironic,
22947646,5270,5270,1.8361284351622927e+18,2024-09-17,NEG,not ironic,
22947647,5271,5271,1.836128432666584e+18,2024-09-17,NEG,not ironic,
22947648,5272,5272,1.8361284325074944e+18,2024-09-17,NEG,not ironic,
22947649,5273,5273,1.8361284319452657e+18,2024-09-17,POS,ironic,
22947650,5274,5274,1.8361284316979896e+18,2024-09-17,NEG,not ironic,
22947651,5275,5275,1.8361284310436785e+18,2024-09-17,NEG,not ironic,
22947652,5276,5276,1.8361284304856023e+18,2024-09-17,NEG,not ironic,
22947653,5277,5277,1.8361284279986127e+18,2024-09-17,POS,not ironic,
22947654,5278,5278,1.8361284278938376e+18,2024-09-17,NEU,not ironic,
22947655,5279,5279,1.8361284278011904e+18,2024-09-17,NEG,not ironic,
22947656,5280,5280,1.836128426899706e+18,2024-09-17,POS,not ironic,
22947657,5281,5281,1.8361284254104456e+18,2024-09-17,NEU,not ironic,
22947658,5282,5282,1.8361284245928635e+18,2024-09-17,NEG,ironic,
22947659,5283,5283,1.836128424391312e+18,2024-09-17,NEU,not ironic,
22947660,5284,5284,1.8361284241606408e+18,2024-09-17,NEU,not ironic,
22947661,5285,5285,1.8361284237455565e+18,2024-09-17,NEU,not ironic,
22947662,5286,5286,1.8361284233387407e+18,2024-09-17,NEG,not ironic,
22947663,5287,5287,1.836128421287727e+18,2024-09-17,NEG,not ironic,
22947664,5288,5288,1.8361284210864008e+18,2024-09-17,NEU,not ironic,
22947665,5289,5289,1.8361284207548703e+18,2024-09-17,NEU,not ironic,
22947666,5290,5290,1.836128420591244e+18,2024-09-17,NEG,ironic,
22947667,5291,5291,1.8361284194590108e+18,2024-09-17,POS,not ironic,
22947668,5292,5292,1.836128418645316e+18,2024-09-17,NEG,not ironic,
22947669,5293,5293,1.8361284186450248e+18,2024-09-17,NEG,not ironic,
22947670,5294,5294,1.8361284176932785e+18,2024-09-17,POS,not ironic,
22947671,5295,5295,1.8361284165018465e+18,2024-09-17,NEG,not ironic,
22947672,5296,5296,1.836128415222764e+18,2024-09-17,NEU,not ironic,
22947673,5297,5297,1.836128415017255e+18,2024-09-17,NEG,not ironic,
22947674,5298,5298,1.8361284139644728e+18,2024-09-17,NEG,ironic,
22947675,5299,5299,1.836128409317184e+18,2024-09-17,NEG,ironic,
22947676,5300,5300,1.836128409115648e+18,2024-09-17,NEG,not ironic,
22947677,5301,5301,1.836128409052984e+18,2024-09-17,NEU,not ironic,
22947678,5302,5302,1.8361284087635927e+18,2024-09-17,NEG,not ironic,
22947679,5303,5303,1.8361284053239565e+18,2024-09-17,NEU,not ironic,
22947680,5304,5304,1.8361284034493527e+18,2024-09-17,NEU,ironic,
22947681,5305,5305,1.8361284030087447e+18,2024-09-17,NEG,not ironic,
22947682,5306,5306,1.8361284024259343e+18,2024-09-17,NEG,ironic,
22947683,5307,5307,1.836128402299876e+18,2024-09-17,NEG,not ironic,
22947684,5308,5308,1.8361284020945925e+18,2024-09-17,NEU,not ironic,
22947685,5309,5309,1.8361284016497623e+18,2024-09-17,NEG,not ironic,
22947686,5310,5310,1.8361284013099955e+18,2024-09-17,NEU,not ironic,
22947687,5311,5311,1.8361284002281272e+18,2024-09-17,NEU,ironic,
22947688,5312,5312,1.8361283994561905e+18,2024-09-17,NEU,not ironic,
22947689,5313,5313,1.8361283985837755e+18,2024-09-17,NEG,ironic,
22947690,5314,5314,1.8361283982774764e+18,2024-09-17,NEG,ironic,
22947691,5315,5315,1.8361283977196872e+18,2024-09-17,NEU,ironic,
22947692,5316,5316,1.836128395794748e+18,2024-09-17,NEG,not ironic,
22947693,5317,5317,1.8361283948759084e+18,2024-09-17,NEU,not ironic,
22947694,5318,5318,1.8361283912271503e+18,2024-09-17,POS,not ironic,
22947695,5319,5319,1.836128389562012e+18,2024-09-17,NEU,not ironic,
22947696,5320,5320,1.8361283889454487e+18,2024-09-17,NEU,not ironic,
22947697,5321,5321,1.8361283864540567e+18,2024-09-17,NEU,not ironic,
22947698,5322,5322,1.8361283858330253e+18,2024-09-17,NEU,not ironic,
22947699,5323,5323,1.8361283856487096e+18,2024-09-17,NEU,not ironic,
22947700,5324,5324,1.8361283850948813e+18,2024-09-17,NEU,ironic,
22947701,5325,5325,1.836128383379616e+18,2024-09-17,NEG,ironic,
22947702,5326,5326,1.836128383295431e+18,2024-09-17,NEG,not ironic,
22947703,5327,5327,1.8361283830189225e+18,2024-09-17,NEU,not ironic,
22947704,5328,5328,1.836128382653744e+18,2024-09-17,NEU,not ironic,
22947705,5329,5329,1.836128382502732e+18,2024-09-17,NEU,not ironic,
22947706,5330,5330,1.8361283806994268e+18,2024-09-17,NEG,not ironic,
22947707,5331,5331,1.836128379390575e+18,2024-09-17,NEG,ironic,
22947708,5332,5332,1.836128379260785e+18,2024-09-17,POS,not ironic,
22947709,5333,5333,1.836128378279334e+18,2024-09-17,NEG,ironic,
22947710,5334,5334,1.8361283781996424e+18,2024-09-17,NEG,ironic,
22947711,5335,5335,1.8361283781491223e+18,2024-09-17,NEG,ironic,
22947712,5336,5336,1.836128377188815e+18,2024-09-17,NEU,not ironic,
22947713,5337,5337,1.8361283760731016e+18,2024-09-17,NEG,not ironic,
22947714,5338,5338,1.836128375129174e+18,2024-09-17,NEU,not ironic,
22947715,5339,5339,1.8361283747771028e+18,2024-09-17,NEU,not ironic,
22947716,5340,5340,1.8361283728770703e+18,2024-09-17,NEG,not ironic,
22947717,5341,5341,1.8361283702092183e+18,2024-09-17,POS,not ironic,
22947718,5342,5342,1.8361283696597647e+18,2024-09-17,NEU,not ironic,
22947719,5343,5343,1.8361283693996933e+18,2024-09-17,NEU,not ironic,
22947720,5344,5344,1.8361283682295032e+18,2024-09-17,NEG,not ironic,
22947721,5345,5345,1.836128367286064e+18,2024-09-17,NEG,ironic,
22947723,5347,5347,1.836128366304596e+18,2024-09-17,NEU,not ironic,
22947724,5348,5348,1.8361283662836247e+18,2024-09-17,NEU,ironic,
22947725,5349,5349,1.8361283662794304e+18,2024-09-17,NEU,not ironic,
22947726,5350,5350,1.836128365050471e+18,2024-09-17,NEG,ironic,
22947727,5351,5351,1.8361283630118303e+18,2024-09-17,NEG,not ironic,
22947728,5352,5352,1.836128362357457e+18,2024-09-17,NEG,not ironic,
22947729,5353,5353,1.836128360432357e+18,2024-09-17,NEU,not ironic,
22947730,5354,5354,1.8361283602563768e+18,2024-09-17,POS,ironic,
22947732,5356,5356,1.8361283574920847e+18,2024-09-17,NEG,not ironic,
22947733,5357,5357,1.836128354971292e+18,2024-09-17,NEU,not ironic,
22947734,5358,5358,1.8361283548080087e+18,2024-09-17,POS,not ironic,
22947735,5359,5359,1.8361283535916608e+18,2024-09-17,NEG,not ironic,
22947736,5360,5360,1.836128352702468e+18,2024-09-17,NEG,not ironic,
22947737,5361,5361,1.8361283526896847e+18,2024-09-17,NEU,ironic,
22947738,5362,5362,1.8361283508066924e+18,2024-09-17,NEU,not ironic,
22947739,5363,5363,1.836128350789628e+18,2024-09-17,NEG,not ironic,
22947740,5364,5364,1.836128348721804e+18,2024-09-17,NEG,not ironic,
22947741,5365,5365,1.8361283482271457e+18,2024-09-17,NEG,not ironic,
22947742,5366,5366,1.8361283477447887e+18,2024-09-17,NEG,not ironic,
22947743,5367,5367,1.836128346201105e+18,2024-09-17,NEU,not ironic,
22947744,5368,5368,1.8361283461929083e+18,2024-09-17,POS,not ironic,
22947745,5369,5369,1.8361283438648404e+18,2024-09-17,POS,not ironic,
22947746,5370,5370,1.836128343584052e+18,2024-09-17,NEG,ironic,
22947747,5371,5371,1.8361283434075955e+18,2024-09-17,NEU,ironic,
22947748,5372,5372,1.836128343390823e+18,2024-09-17,NEG,not ironic,
22947749,5373,5373,1.8361283431224448e+18,2024-09-17,NEG,not ironic,
22947750,5374,5374,1.8361283420824904e+18,2024-09-17,NEU,not ironic,
22947751,5375,5375,1.8361283416711823e+18,2024-09-17,NEG,ironic,
22947752,5376,5376,1.8361283388358124e+18,2024-09-17,NEG,not ironic,
22947753,5377,5377,1.8361283356104049e+18,2024-09-17,NEG,not ironic,
22947754,5378,5378,1.8361283349813368e+18,2024-09-17,NEU,not ironic,
22947755,5379,5379,1.8361283348050865e+18,2024-09-17,NEU,not ironic,
22947756,5380,5380,1.836128334549324e+18,2024-09-17,NEU,not ironic,
22947757,5381,5381,1.8361283340794885e+18,2024-09-17,NEU,not ironic,
22947758,5382,5382,1.8361283328340503e+18,2024-09-17,NEG,not ironic,
22947759,5383,5383,1.8361283318357893e+18,2024-09-17,NEU,not ironic,
22947760,5384,5384,1.8361283317265736e+18,2024-09-17,NEG,ironic,
22947761,5385,5385,1.8361283312192435e+18,2024-09-17,NEG,ironic,
22947762,5386,5386,1.8361283311602936e+18,2024-09-17,NEG,not ironic,
22947763,5387,5387,1.8361283299607432e+18,2024-09-17,NEU,not ironic,
22947764,5388,5388,1.836128329747104e+18,2024-09-17,NEG,not ironic,
22947765,5389,5389,1.836128329709294e+18,2024-09-17,NEU,not ironic,
22947766,5390,5390,1.8361283296503155e+18,2024-09-17,NEG,not ironic,
22947767,5391,5391,1.836128328933348e+18,2024-09-17,POS,not ironic,
22947768,5392,5392,1.8361283266642447e+18,2024-09-17,NEG,ironic,
22947769,5393,5393,1.8361283254646257e+18,2024-09-17,NEU,not ironic,
22947770,5394,5394,1.8361283248522893e+18,2024-09-17,NEU,not ironic,
22947771,5395,5395,1.8361283242061128e+18,2024-09-17,NEG,ironic,
22947773,5397,5397,1.8361283204776307e+18,2024-09-17,NEG,ironic,
22947774,5398,5398,1.8361283180701e+18,2024-09-17,NEU,ironic,
22947775,5399,5399,1.836128317986214e+18,2024-09-17,POS,not ironic,
22947776,5400,5400,1.8361283160691223e+18,2024-09-17,NEU,not ironic,
22947777,5401,5401,1.8361283156833e+18,2024-09-17,NEG,ironic,
22947778,5402,5402,1.83612831449233e+18,2024-09-17,NEG,ironic,
22947779,5403,5403,1.8361283139258647e+18,2024-09-17,NEG,ironic,
22947780,5404,5404,1.8361283134018604e+18,2024-09-17,NEG,not ironic,
22947781,5405,5405,1.8361283126217e+18,2024-09-17,NEU,not ironic,
22947782,5406,5406,1.8361283111033613e+18,2024-09-17,NEG,ironic,
22947783,5407,5407,1.8361283110192584e+18,2024-09-17,NEG,not ironic,
22947784,5408,5408,1.836128310171964e+18,2024-09-17,NEU,not ironic,
22947785,5409,5409,1.83612831002094e+18,2024-09-17,NEU,not ironic,
22947786,5410,5410,1.8361283097441567e+18,2024-09-17,POS,ironic,
22947787,5411,5411,1.836128309526119e+18,2024-09-17,NEG,ironic,
22947788,5412,5412,1.83612830933756e+18,2024-09-17,NEG,ironic,
22947789,5413,5413,1.8361283093289613e+18,2024-09-17,NEG,ironic,
22947790,5414,5414,1.83612830804972e+18,2024-09-17,NEG,ironic,
22947791,5415,5415,1.836128306820719e+18,2024-09-17,NEG,not ironic,
22947792,5416,5416,1.836128306481296e+18,2024-09-17,NEG,ironic,
22947793,5417,5417,1.8361283051558505e+18,2024-09-17,NEG,ironic,
22947794,5418,5418,1.83612830512622e+18,2024-09-17,NEU,not ironic,
22947795,5419,5419,1.8361283049585257e+18,2024-09-17,NEG,not ironic,
22947796,5420,5420,1.8361283019511565e+18,2024-09-17,NEG,not ironic,
22947797,5421,5421,1.83612830151918e+18,2024-09-17,POS,not ironic,
22947798,5422,5422,1.8361283007096712e+18,2024-09-17,NEU,ironic,
22947799,5423,5423,1.836128300277617e+18,2024-09-17,NEG,not ironic,
22947800,5424,5424,1.8361282994555825e+18,2024-09-17,NEG,not ironic,
22947801,5425,5425,1.8361282989395848e+18,2024-09-17,NEG,not ironic,
22947802,5426,5426,1.8361282980758528e+18,2024-09-17,NEG,not ironic,
22947803,5427,5427,1.836128296872088e+18,2024-09-17,POS,not ironic,
22947804,5428,5428,1.836128295106286e+18,2024-09-17,NEG,ironic,
22947805,5429,5429,1.8361282943553088e+18,2024-09-17,NEG,not ironic,
22947806,5430,5430,1.836128293059228e+18,2024-09-17,NEU,not ironic,
22947807,5431,5431,1.8361282928621e+18,2024-09-17,NEG,not ironic,
22947809,5433,5433,1.8361282887139407e+18,2024-09-17,NEU,not ironic,
22947810,5434,5434,1.8361282886386688e+18,2024-09-17,NEU,not ironic,
22947811,5435,5435,1.8361282886132687e+18,2024-09-17,NEU,not ironic,
22947812,5436,5436,1.8361282873636004e+18,2024-09-17,NEU,not ironic,
22947813,5437,5437,1.836128287212605e+18,2024-09-17,NEG,not ironic,
22947814,5438,5438,1.836128286553892e+18,2024-09-17,NEG,not ironic,
22947815,5439,5439,1.836128285476132e+18,2024-09-17,NEU,not ironic,
22947816,5440,5440,1.836128285417444e+18,2024-09-17,NEG,ironic,
22947817,5441,5441,1.836128282401735e+18,2024-09-17,NEU,not ironic,
22947818,5442,5442,1.8361282819529485e+18,2024-09-17,NEG,ironic,
22947819,5443,5443,1.8361282817094656e+18,2024-09-17,NEG,ironic,
22947820,5444,5444,1.836128281659056e+18,2024-09-17,NEG,not ironic,
22947821,5445,5445,1.836128281453617e+18,2024-09-17,NEG,not ironic,
22947822,5446,5446,1.8361282808624287e+18,2024-09-17,NEG,not ironic,
22947823,5447,5447,1.8361282799145167e+18,2024-09-17,NEG,not ironic,
22947824,5448,5448,1.836128279788688e+18,2024-09-17,NEU,not ironic,
22947825,5449,5449,1.8361282787904435e+18,2024-09-17,NEU,not ironic,
22947826,5450,5450,1.8361282781149435e+18,2024-09-17,NEG,not ironic,
22947827,5451,5451,1.8361282773137943e+18,2024-09-17,POS,not ironic,
22947828,5452,5452,1.836128277024428e+18,2024-09-17,NEG,ironic,
22947829,5453,5453,1.8361282736941468e+18,2024-09-17,NEU,not ironic,
22947830,5454,5454,1.836128272653906e+18,2024-09-17,POS,not ironic,
22947831,5455,5455,1.8361282718278607e+18,2024-09-17,POS,not ironic,
22947832,5456,5456,1.836128269713969e+18,2024-09-17,NEG,not ironic,
22947833,5457,5457,1.8361282696675863e+18,2024-09-17,NEG,ironic,
22947834,5458,5458,1.836128268938068e+18,2024-09-17,NEU,ironic,
22947835,5459,5459,1.836128267499128e+18,2024-09-17,NEU,ironic,
22947836,5460,5460,1.8361282671551767e+18,2024-09-17,NEG,not ironic,
22947837,5461,5461,1.8361282670296148e+18,2024-09-17,NEG,not ironic,
22947838,5462,5462,1.836128266924508e+18,2024-09-17,NEU,not ironic,
22947839,5463,5463,1.8361282668660367e+18,2024-09-17,NEU,not ironic,
22947840,5464,5464,1.836128266392138e+18,2024-09-17,NEG,ironic,
22947841,5465,5465,1.8361282656245228e+18,2024-09-17,NEG,ironic,
22947842,5466,5466,1.836128265523921e+18,2024-09-17,POS,ironic,
22947843,5467,5467,1.8361282655155244e+18,2024-09-17,NEU,not ironic,
22947844,5468,5468,1.836128264764719e+18,2024-09-17,NEG,ironic,
22947845,5469,5469,1.8361282646470408e+18,2024-09-17,NEU,ironic,
22947846,5470,5470,1.8361282644372524e+18,2024-09-17,NEU,ironic,
22947847,5471,5471,1.8361282630869688e+18,2024-09-17,NEU,not ironic,
22947848,5472,5472,1.8361282620214195e+18,2024-09-17,NEU,not ironic,
22947849,5473,5473,1.836128261778346e+18,2024-09-17,NEG,ironic,
22947850,5474,5474,1.8361282614218304e+18,2024-09-17,NEG,not ironic,
22947851,5475,5475,1.8361282607169293e+18,2024-09-17,NEG,not ironic,
22947852,5476,5476,1.8361282596977088e+18,2024-09-17,NEG,not ironic,
22947853,5477,5477,1.8361282594041288e+18,2024-09-17,NEU,not ironic,
22947854,5478,5478,1.8361282590394647e+18,2024-09-17,NEG,not ironic,
22947855,5479,5479,1.836128256958845e+18,2024-09-17,NEU,ironic,
22947856,5480,5480,1.836128256896168e+18,2024-09-17,NEG,not ironic,
22947857,5481,5481,1.836128256032125e+18,2024-09-17,NEG,not ironic,
22947858,5482,5482,1.8361282557382943e+18,2024-09-17,NEG,ironic,
22947859,5483,5483,1.836128255247844e+18,2024-09-17,NEU,ironic,
22947860,5484,5484,1.836128255122064e+18,2024-09-17,NEU,not ironic,
22947861,5485,5485,1.8361282548032184e+18,2024-09-17,NEU,not ironic,
22947862,5486,5486,1.836128254719112e+18,2024-09-17,NEG,not ironic,
22947863,5487,5487,1.8361282537839785e+18,2024-09-17,NEU,not ironic,
22947864,5488,5488,1.8361282524500088e+18,2024-09-17,NEG,ironic,
22947865,5489,5489,1.8361282523534705e+18,2024-09-17,NEG,not ironic,
22947866,5490,5490,1.8361282519844127e+18,2024-09-17,NEG,not ironic,
22947867,5491,5491,1.8361282482220887e+18,2024-09-17,NEG,ironic,
22947868,5492,5492,1.8361282474881231e+18,2024-09-17,NEG,ironic,
22947869,5493,5493,1.8361282472786373e+18,2024-09-17,NEG,ironic,
22947870,5494,5494,1.83612824665788e+18,2024-09-17,NEG,ironic,
22947871,5495,5495,1.8361282445310927e+18,2024-09-17,NEG,not ironic,
22947872,5496,5496,1.8361282443090696e+18,2024-09-17,NEU,not ironic,
22947873,5497,5497,1.836128243830641e+18,2024-09-17,NEG,ironic,
22947874,5498,5498,1.8361282431136927e+18,2024-09-17,NEG,not ironic,
22947875,5499,5499,1.836128240320324e+18,2024-09-17,NEU,ironic,
22947876,5500,5500,1.836128239464428e+18,2024-09-17,POS,not ironic,
22947877,5501,5501,1.8361282378834207e+18,2024-09-17,NEG,ironic,
22947878,5502,5502,1.8361282369480663e+18,2024-09-17,NEG,not ironic,
22947879,5503,5503,1.836128236792644e+18,2024-09-17,NEG,ironic,
22947880,5504,5504,1.8361282349010127e+18,2024-09-17,NEG,not ironic,
22947881,5505,5505,1.836128234771018e+18,2024-09-17,NEG,ironic,
22947882,5506,5506,1.836128233399685e+18,2024-09-17,NEU,not ironic,
22947883,5507,5507,1.8361282327325248e+18,2024-09-17,NEU,not ironic,
22947884,5508,5508,1.8361282322085645e+18,2024-09-17,NEG,ironic,
22947885,5509,5509,1.836128232086868e+18,2024-09-17,NEU,not ironic,
22947886,5510,5510,1.83612823129834e+18,2024-09-17,NEG,not ironic,
22947887,5511,5511,1.836128230996349e+18,2024-09-17,NEU,not ironic,
22947888,5512,5512,1.836128230954406e+18,2024-09-17,NEG,not ironic,
22947889,5513,5513,1.836128230761268e+18,2024-09-17,NEG,not ironic,
22947890,5514,5514,1.8361282301614124e+18,2024-09-17,NEG,ironic,
22947891,5515,5515,1.8361282301321009e+18,2024-09-17,NEG,not ironic,
22947892,5516,5516,1.83612823005234e+18,2024-09-17,NEG,not ironic,
22947893,5517,5517,1.8361282299642964e+18,2024-09-17,NEG,ironic,
22947894,5518,5518,1.8361282295409664e+18,2024-09-17,NEG,not ironic,
22947895,5519,5519,1.8361282280393649e+18,2024-09-17,POS,not ironic,
22947896,5520,5520,1.83612822677688e+18,2024-09-17,POS,not ironic,
22947897,5521,5521,1.83612822614354e+18,2024-09-17,NEG,ironic,
22947898,5522,5522,1.836128225925436e+18,2024-09-17,NEU,not ironic,
22947899,5523,5523,1.836128225577017e+18,2024-09-17,NEG,not ironic,
22947900,5524,5524,1.8361282253466217e+18,2024-09-17,NEG,not ironic,
22947901,5525,5525,1.8361282251618225e+18,2024-09-17,NEG,not ironic,
22947903,5527,5527,1.8361282223393047e+18,2024-09-17,NEG,not ironic,
22947904,5528,5528,1.836128222213268e+18,2024-09-17,NEU,ironic,
22947905,5529,5529,1.8361282221755392e+18,2024-09-17,NEG,not ironic,
22947906,5530,5530,1.8361282189248924e+18,2024-09-17,NEG,not ironic,
22947907,5531,5531,1.8361282183128312e+18,2024-09-17,NEU,ironic,
22947908,5532,5532,1.836128218191131e+18,2024-09-17,NEU,not ironic,
22947909,5533,5533,1.8361282178262344e+18,2024-09-17,POS,ironic,
22947910,5534,5534,1.8361282170460936e+18,2024-09-17,NEG,not ironic,
22947911,5535,5535,1.8361282169955128e+18,2024-09-17,NEG,ironic,
22947912,5536,5536,1.8361282168907205e+18,2024-09-17,NEU,not ironic,
22947913,5537,5537,1.8361282168489613e+18,2024-09-17,NEG,ironic,
22947914,5538,5538,1.836128216794256e+18,2024-09-17,NEG,ironic,
22947915,5539,5539,1.836128216550969e+18,2024-09-17,NEG,not ironic,
22947916,5540,5540,1.8361282164924088e+18,2024-09-17,NEG,not ironic,
22947917,5541,5541,1.8361282161063488e+18,2024-09-17,NEU,not ironic,
22947918,5542,5542,1.83612821526322e+18,2024-09-17,NEU,not ironic,
22947919,5543,5543,1.8361282149445143e+18,2024-09-17,NEU,not ironic,
22947920,5544,5544,1.836128214264972e+18,2024-09-17,NEG,ironic,
22947921,5545,5545,1.836128213052888e+18,2024-09-17,NEU,not ironic,
22947923,5547,5547,1.8361282109138207e+18,2024-09-17,NEG,not ironic,
22947924,5548,5548,1.836128209399928e+18,2024-09-17,NEU,ironic,
22947925,5549,5549,1.8361282092991887e+18,2024-09-17,NEU,not ironic,
22947926,5550,5550,1.8361282091647672e+18,2024-09-17,POS,not ironic,
22947927,5551,5551,1.836128208623932e+18,2024-09-17,NEU,not ironic,
22947928,5552,5552,1.8361282081287703e+18,2024-09-17,NEU,not ironic,
22947929,5553,5553,1.8361282056876485e+18,2024-09-17,NEU,ironic,
22947930,5554,5554,1.8361282049327311e+18,2024-09-17,NEG,not ironic,
22947931,5555,5555,1.8361282047858967e+18,2024-09-17,NEG,not ironic,
22947932,5556,5556,1.8361282038967703e+18,2024-09-17,NEG,ironic,
22947933,5557,5557,1.8361282038465943e+18,2024-09-17,NEU,not ironic,
22947934,5558,5558,1.8361282031126164e+18,2024-09-17,NEG,not ironic,
22947935,5559,5559,1.836128202437112e+18,2024-09-17,NEG,not ironic,
22947936,5560,5560,1.8361282021686108e+18,2024-09-17,NEU,not ironic,
22947937,5561,5561,1.836128199857832e+18,2024-09-17,NEU,not ironic,
22947938,5562,5562,1.836128198825841e+18,2024-09-17,NEU,ironic,
22947939,5563,5563,1.8361281968882808e+18,2024-09-17,NEG,not ironic,
22947940,5564,5564,1.836128194342052e+18,2024-09-17,NEG,not ironic,
22947941,5565,5565,1.8361281938138445e+18,2024-09-17,NEG,ironic,
22947943,5567,5567,1.8361281912550927e+18,2024-09-17,NEG,ironic,
22947944,5568,5568,1.836128188931687e+18,2024-09-17,POS,ironic,
22947945,5569,5569,1.836128187941622e+18,2024-09-17,NEG,ironic,
22947946,5570,5570,1.8361281874173504e+18,2024-09-17,NEG,not ironic,
22947947,5571,5571,1.8361281871239951e+18,2024-09-17,NEG,ironic,
22947948,5572,5572,1.8361281865660872e+18,2024-09-17,NEG,ironic,
22947949,5573,5573,1.8361281856013967e+18,2024-09-17,NEG,not ironic,
22947950,5574,5574,1.836128185085497e+18,2024-09-17,NEG,not ironic,
22947951,5575,5575,1.836128184544162e+18,2024-09-17,NEG,not ironic,
22947952,5576,5576,1.8361281844899064e+18,2024-09-17,NEU,not ironic,
22947953,5577,5577,1.836128183273558e+18,2024-09-17,POS,not ironic,
22947954,5578,5578,1.8361281830261435e+18,2024-09-17,NEU,not ironic,
22947955,5579,5579,1.836128182681928e+18,2024-09-17,NEG,not ironic,
22947956,5580,5580,1.8361281819982728e+18,2024-09-17,NEG,not ironic,
22947957,5581,5581,1.8361281816042253e+18,2024-09-17,NEG,not ironic,
22947958,5582,5582,1.836128181277115e+18,2024-09-17,NEG,not ironic,
22947959,5583,5583,1.836128180337255e+18,2024-09-17,NEG,not ironic,
22947960,5584,5584,1.8361281783410568e+18,2024-09-17,POS,not ironic,
22947961,5585,5585,1.8361281781230065e+18,2024-09-17,NEU,not ironic,
22947962,5586,5586,1.8361281773722465e+18,2024-09-17,NEU,ironic,
22947963,5587,5587,1.836128177355153e+18,2024-09-17,NEU,not ironic,
22947964,5588,5588,1.836128176247804e+18,2024-09-17,NEG,ironic,
22947965,5589,5589,1.8361281762395087e+18,2024-09-17,NEU,not ironic,
22947966,5590,5590,1.836128175975215e+18,2024-09-17,NEU,not ironic,
22947967,5591,5591,1.8361281754887337e+18,2024-09-17,POS,not ironic,
22947968,5592,5592,1.8361281732743373e+18,2024-09-17,NEU,not ironic,
22947969,5593,5593,1.83612817063612e+18,2024-09-17,NEG,not ironic,
22947970,5594,5594,1.836128166986801e+18,2024-09-17,NEG,ironic,
22947971,5595,5595,1.8361281657036183e+18,2024-09-17,NEU,not ironic,
22947972,5596,5596,1.836128165606851e+18,2024-09-17,NEU,ironic,
22947973,5597,5597,1.8361281651371745e+18,2024-09-17,NEG,not ironic,
22947974,5598,5598,1.836128164872913e+18,2024-09-17,NEG,ironic,
22947975,5599,5599,1.8361281648563697e+18,2024-09-17,NEG,ironic,
22947976,5600,5600,1.8361281646298767e+18,2024-09-17,NEG,not ironic,
22947977,5601,5601,1.8361281641641044e+18,2024-09-17,NEG,ironic,
22947978,5602,5602,1.8361281622011249e+18,2024-09-17,NEG,ironic,
22947979,5603,5603,1.836128162146607e+18,2024-09-17,POS,not ironic,
22947980,5604,5604,1.8361281617777664e+18,2024-09-17,NEG,not ironic,
22947981,5605,5605,1.8361281609260728e+18,2024-09-17,NEU,not ironic,
22947982,5606,5606,1.8361281583048745e+18,2024-09-17,NEG,ironic,
22947983,5607,5607,1.8361281580571807e+18,2024-09-17,POS,ironic,
22947984,5608,5608,1.8361281578644644e+18,2024-09-17,NEG,not ironic,
22947985,5609,5609,1.8361281557041848e+18,2024-09-17,NEU,not ironic,
22947986,5610,5610,1.8361281549156068e+18,2024-09-17,NEU,not ironic,
22947987,5611,5611,1.8361281540644247e+18,2024-09-17,NEG,not ironic,
22947988,5612,5612,1.8361281534266737e+18,2024-09-17,POS,not ironic,
22947989,5613,5613,1.8361281531249257e+18,2024-09-17,NEG,not ironic,
22947990,5614,5614,1.836128152365732e+18,2024-09-17,NEG,ironic,
22947991,5615,5615,1.836128152176988e+18,2024-09-17,NEU,not ironic,
22947992,5616,5616,1.83612815217671e+18,2024-09-17,NEU,not ironic,
22947993,5617,5617,1.8361281510193608e+18,2024-09-17,NEG,ironic,
22947994,5618,5618,1.8361281506712328e+18,2024-09-17,NEG,not ironic,
22947995,5619,5619,1.836128149706544e+18,2024-09-17,NEU,ironic,
22947996,5620,5620,1.8361281482928407e+18,2024-09-17,NEU,not ironic,
22947997,5621,5621,1.8361281470806344e+18,2024-09-17,NEG,ironic,
22947998,5622,5622,1.836128146992829e+18,2024-09-17,NEG,not ironic,
22947999,5623,5623,1.836128145612624e+18,2024-09-17,NEU,not ironic,
22948000,5624,5624,1.8361281446102103e+18,2024-09-17,NEG,not ironic,
22948001,5625,5625,1.8361281438345167e+18,2024-09-17,NEU,ironic,
22948002,5626,5626,1.8361281432303567e+18,2024-09-17,POS,ironic,
22948003,5627,5627,1.8361281425971976e+18,2024-09-17,NEU,not ironic,
22948004,5628,5628,1.836128141766734e+18,2024-09-17,NEU,ironic,
22948005,5629,5629,1.8361281414815127e+18,2024-09-17,NEG,ironic,
22948006,5630,5630,1.8361281388013527e+18,2024-09-17,NEG,ironic,
22948007,5631,5631,1.8361281377695537e+18,2024-09-17,NEG,not ironic,
22948008,5632,5632,1.8361281375680064e+18,2024-09-17,NEG,ironic,
22948009,5633,5633,1.836128136691618e+18,2024-09-17,NEG,not ironic,
22948010,5634,5634,1.836128136540377e+18,2024-09-17,POS,not ironic,
22948011,5635,5635,1.8361281361505608e+18,2024-09-17,NEG,ironic,
22948012,5636,5636,1.836128135915422e+18,2024-09-17,NEU,not ironic,
22948013,5637,5637,1.8361281354124288e+18,2024-09-17,NEG,not ironic,
22948015,5639,5639,1.836128134648992e+18,2024-09-17,NEU,not ironic,
22948016,5640,5640,1.836128133394895e+18,2024-09-17,POS,not ironic,
22948017,5641,5641,1.8361281326899727e+18,2024-09-17,NEG,not ironic,
22948018,5642,5642,1.8361281323251343e+18,2024-09-17,NEG,ironic,
22948019,5643,5643,1.8361281310122929e+18,2024-09-17,NEG,not ironic,
22948020,5644,5644,1.836128130865472e+18,2024-09-17,NEG,not ironic,
22948021,5645,5645,1.836128130635056e+18,2024-09-17,NEG,not ironic,
22948022,5646,5646,1.836128130072728e+18,2024-09-17,NEG,not ironic,
22948023,5647,5647,1.8361281297961825e+18,2024-09-17,NEU,ironic,
22948024,5648,5648,1.8361281282397965e+18,2024-09-17,NEU,ironic,
22948025,5649,5649,1.836128127602344e+18,2024-09-17,NEG,not ironic,
22948026,5650,5650,1.8361281258407e+18,2024-09-17,NEU,not ironic,
22948027,5651,5651,1.8361281242594263e+18,2024-09-17,NEU,not ironic,
22948028,5652,5652,1.8361281233118287e+18,2024-09-17,POS,ironic,
22948029,5653,5653,1.8361281221919089e+18,2024-09-17,NEU,not ironic,
22948030,5654,5654,1.836128121332052e+18,2024-09-17,NEU,not ironic,
22948031,5655,5655,1.8361281211391063e+18,2024-09-17,NEG,not ironic,
22948032,5656,5656,1.836128120706868e+18,2024-09-17,POS,ironic,
22948033,5657,5657,1.8361281187774671e+18,2024-09-17,NEU,not ironic,
22948034,5658,5658,1.8361281169823624e+18,2024-09-17,NEG,ironic,
22948035,5659,5659,1.8361281160470528e+18,2024-09-17,NEG,ironic,
22948036,5660,5660,1.836128115015217e+18,2024-09-17,NEU,not ironic,
22948037,5661,5661,1.8361281139791667e+18,2024-09-17,POS,ironic,
22948038,5662,5662,1.8361281131028524e+18,2024-09-17,NEG,ironic,
22948039,5663,5663,1.836128108618908e+18,2024-09-17,NEU,ironic,
22948040,5664,5664,1.836128107926844e+18,2024-09-17,POS,not ironic,
22948041,5665,5665,1.836128106299672e+18,2024-09-17,NEU,not ironic,
22948042,5666,5666,1.8361281058467064e+18,2024-09-17,NEG,not ironic,
22948043,5667,5667,1.836128104605008e+18,2024-09-17,POS,not ironic,
22948044,5668,5668,1.836128104479146e+18,2024-09-17,NEG,not ironic,
22948045,5669,5669,1.8361281042526088e+18,2024-09-17,POS,not ironic,
22948046,5670,5670,1.8361281038500247e+18,2024-09-17,NEG,not ironic,
22948047,5671,5671,1.8361281027007816e+18,2024-09-17,NEU,ironic,
22948049,5673,5673,1.836128102470296e+18,2024-09-17,NEG,ironic,
22948050,5674,5674,1.8361281004483663e+18,2024-09-17,POS,not ironic,
22948051,5675,5675,1.836128099752104e+18,2024-09-17,NEG,ironic,
22948052,5676,5676,1.836128098988794e+18,2024-09-17,POS,not ironic,
22948053,5677,5677,1.8361280973196984e+18,2024-09-17,NEG,not ironic,
22948054,5678,5678,1.836128096929616e+18,2024-09-17,NEG,not ironic,
22948055,5679,5679,1.8361280950377144e+18,2024-09-17,POS,not ironic,
22948056,5680,5680,1.836128094484128e+18,2024-09-17,NEU,not ironic,
22948057,5681,5681,1.836128094286918e+18,2024-09-17,NEG,ironic,
22948058,5682,5682,1.8361280941949297e+18,2024-09-17,NEG,ironic,
22948059,5683,5683,1.8361280936790303e+18,2024-09-17,NEG,not ironic,
22948060,5684,5684,1.8361280933809644e+18,2024-09-17,NEU,not ironic,
22948061,5685,5685,1.8361280933183204e+18,2024-09-17,NEU,not ironic,
22948062,5686,5686,1.836128090696688e+18,2024-09-17,NEU,not ironic,
22948063,5687,5687,1.836128089652281e+18,2024-09-17,NEU,ironic,
22948064,5688,5688,1.836128087806804e+18,2024-09-17,NEG,ironic,
22948065,5689,5689,1.8361280852566428e+18,2024-09-17,NEG,ironic,
22948066,5690,5690,1.836128085185348e+18,2024-09-17,NEG,not ironic,
22948067,5691,5691,1.8361280851352049e+18,2024-09-17,NEG,ironic,
22948068,5692,5692,1.83612808506393e+18,2024-09-17,POS,ironic,
22948069,5693,5693,1.8361280847910587e+18,2024-09-17,NEG,ironic,
22948070,5694,5694,1.8361280844138168e+18,2024-09-17,POS,not ironic,
22948071,5695,5695,1.836128083025539e+18,2024-09-17,NEG,ironic,
22948072,5696,5696,1.8361280828744748e+18,2024-09-17,NEU,not ironic,
22948073,5697,5697,1.8361280828661143e+18,2024-09-17,NEU,not ironic,
22948074,5698,5698,1.8361280810877425e+18,2024-09-17,NEG,not ironic,
22948075,5699,5699,1.836128079053251e+18,2024-09-17,NEG,not ironic,
22948076,5700,5700,1.836128078503756e+18,2024-09-17,NEG,ironic,
22948077,5701,5701,1.8361280781933896e+18,2024-09-17,NEU,not ironic,
22948078,5702,5702,1.8361280767173143e+18,2024-09-17,NEG,not ironic,
22948079,5703,5703,1.8361280761927844e+18,2024-09-17,POS,not ironic,
22948080,5704,5704,1.8361280754168087e+18,2024-09-17,NEG,ironic,
22948081,5705,5705,1.836128075399992e+18,2024-09-17,NEG,ironic,
22948082,5706,5706,1.83612807482144e+18,2024-09-17,NEG,ironic,
22948084,5708,5708,1.8361280729337528e+18,2024-09-17,POS,ironic,
22948085,5709,5709,1.836128072908624e+18,2024-09-17,NEG,not ironic,
22948086,5710,5710,1.8361280727743247e+18,2024-09-17,POS,ironic,
22948087,5711,5711,1.8361280727240625e+18,2024-09-17,NEG,not ironic,
22948088,5712,5712,1.8361280714198592e+18,2024-09-17,NEG,ironic,
22948089,5713,5713,1.8361280708449485e+18,2024-09-17,NEG,not ironic,
22948090,5714,5714,1.8361280706523264e+18,2024-09-17,NEG,ironic,
22948091,5715,5715,1.8361280700273915e+18,2024-09-17,POS,ironic,
22948092,5716,5716,1.83612806991412e+18,2024-09-17,NEG,ironic,
22948093,5717,5717,1.8361280693434944e+18,2024-09-17,NEU,not ironic,
22948094,5718,5718,1.8361280690959729e+18,2024-09-17,NEG,ironic,
22948095,5719,5719,1.836128068110628e+18,2024-09-17,NEU,not ironic,
22948096,5720,5720,1.8361280678712648e+18,2024-09-17,NEU,ironic,
22948097,5721,5721,1.836128066776765e+18,2024-09-17,NEG,ironic,
22948098,5722,5722,1.836128066743288e+18,2024-09-17,NEU,not ironic,
22948099,5723,5723,1.8361280666884795e+18,2024-09-17,NEU,ironic,
22948100,5724,5724,1.8361280661306527e+18,2024-09-17,NEU,not ironic,
22948101,5725,5725,1.836128065606304e+18,2024-09-17,NEG,ironic,
22948102,5726,5726,1.8361280648764908e+18,2024-09-17,POS,ironic,
22948103,5727,5727,1.8361280646880008e+18,2024-09-17,NEG,ironic,
22948104,5728,5728,1.8361280624776645e+18,2024-09-17,NEG,not ironic,
22948105,5729,5729,1.8361280596336804e+18,2024-09-17,NEU,not ironic,
22948106,5730,5730,1.8361280585682327e+18,2024-09-17,NEG,ironic,
22948107,5731,5731,1.8361280579855035e+18,2024-09-17,NEG,ironic,
22948108,5732,5732,1.836128056760788e+18,2024-09-17,NEU,not ironic,
22948109,5733,5733,1.836128056504689e+18,2024-09-17,NEG,not ironic,
22948110,5734,5734,1.836128055687025e+18,2024-09-17,NEU,not ironic,
22948111,5735,5735,1.8361280555947505e+18,2024-09-17,NEG,not ironic,
22948112,5736,5736,1.8361280548311944e+18,2024-09-17,NEU,not ironic,
22948113,5737,5737,1.836128054495621e+18,2024-09-17,NEG,not ironic,
22948114,5738,5738,1.836128054453912e+18,2024-09-17,NEG,ironic,
22948115,5739,5739,1.8361280543867904e+18,2024-09-17,NEG,ironic,
22948116,5740,5740,1.836128053388345e+18,2024-09-17,NEG,ironic,
22948117,5741,5741,1.836128053048808e+18,2024-09-17,POS,not ironic,
22948118,5742,5742,1.836128053002486e+18,2024-09-17,POS,ironic,
22948119,5743,5743,1.836128052256084e+18,2024-09-17,NEU,not ironic,
22948120,5744,5744,1.8361280521006733e+18,2024-09-17,NEG,ironic,
22948121,5745,5745,1.836128051811488e+18,2024-09-17,NEG,ironic,
22948122,5746,5746,1.836128050552984e+18,2024-09-17,NEU,not ironic,
22948123,5747,5747,1.8361280504942185e+18,2024-09-17,NEU,ironic,
22948125,5749,5749,1.8361280498188943e+18,2024-09-17,NEU,ironic,
22948126,5750,5750,1.8361280497311127e+18,2024-09-17,NEU,not ironic,
22948127,5751,5751,1.8361280496514168e+18,2024-09-17,NEG,ironic,
22948128,5752,5752,1.8361280494247365e+18,2024-09-17,NEG,ironic,
22948129,5753,5753,1.836128049341014e+18,2024-09-17,NEU,not ironic,
22948130,5754,5754,1.8361280493032945e+18,2024-09-17,NEU,not ironic,
22948131,5755,5755,1.8361280486741484e+18,2024-09-17,NEU,not ironic,
22948132,5756,5756,1.836128047960884e+18,2024-09-17,NEG,ironic,
22948133,5757,5757,1.8361280477723727e+18,2024-09-17,NEG,not ironic,
22948134,5758,5758,1.8361280465642253e+18,2024-09-17,NEG,ironic,
22948135,5759,5759,1.8361280462705992e+18,2024-09-17,NEU,ironic,
22948136,5760,5760,1.836128045192893e+18,2024-09-17,NEU,not ironic,
22948137,5761,5761,1.836128045045809e+18,2024-09-17,NEG,not ironic,
22948138,5762,5762,1.8361280440897743e+18,2024-09-17,POS,not ironic,
22948139,5763,5763,1.8361280435652808e+18,2024-09-17,NEG,not ironic,
22948140,5764,5764,1.8361280434435937e+18,2024-09-17,NEU,not ironic,
22948141,5765,5765,1.8361280420639247e+18,2024-09-17,NEU,not ironic,
22948142,5766,5766,1.8361280419084864e+18,2024-09-17,NEU,not ironic,
22948143,5767,5767,1.836128039534576e+18,2024-09-17,NEU,ironic,
22948144,5768,5768,1.8361280378528443e+18,2024-09-17,NEG,not ironic,
22948145,5769,5769,1.8361280373282693e+18,2024-09-17,NEU,not ironic,
22948146,5770,5770,1.8361280360702648e+18,2024-09-17,NEU,not ironic,
22948147,5771,5771,1.8361280358309847e+18,2024-09-17,POS,ironic,
22948148,5772,5772,1.8361280355753208e+18,2024-09-17,NEG,ironic,
22948150,5774,5774,1.836128034937582e+18,2024-09-17,NEU,not ironic,
22948151,5775,5775,1.836128034023158e+18,2024-09-17,NEU,ironic,
22948152,5776,5776,1.8361280320521216e+18,2024-09-17,NEG,not ironic,
22948153,5777,5777,1.836128029489369e+18,2024-09-17,NEG,not ironic,
22948154,5778,5778,1.8361280288433e+18,2024-09-17,NEU,not ironic,
22948155,5779,5779,1.83612802663286e+18,2024-09-17,NEU,not ironic,
22948156,5780,5780,1.8361280261339592e+18,2024-09-17,NEU,ironic,
22948157,5781,5781,1.836128024854516e+18,2024-09-17,POS,not ironic,
22948158,5782,5782,1.8361280221787213e+18,2024-09-17,NEG,ironic,
22948159,5783,5783,1.836128021956145e+18,2024-09-17,NEG,not ironic,
22948161,5785,5785,1.8361280180260992e+18,2024-09-17,NEG,ironic,
22948162,5786,5786,1.8361280162435648e+18,2024-09-17,NEU,not ironic,
22948163,5787,5787,1.83612801597508e+18,2024-09-17,POS,ironic,
22948165,5789,5789,1.836128011801732e+18,2024-09-17,NEU,not ironic,
22948166,5790,5790,1.836128011751404e+18,2024-09-17,POS,not ironic,
22948167,5791,5791,1.836128007939068e+18,2024-09-17,NEU,not ironic,
22948168,5792,5792,1.8361280076829207e+18,2024-09-17,NEU,not ironic,
22948169,5793,5793,1.8361280071798991e+18,2024-09-17,NEG,not ironic,
22948170,5794,5794,1.8361280061772024e+18,2024-09-17,NEU,not ironic,
22948171,5795,5795,1.8361280057160663e+18,2024-09-17,NEU,not ironic,
22948172,5796,5796,1.8361280048811745e+18,2024-09-17,NEU,ironic,
22948173,5797,5797,1.8361280037361088e+18,2024-09-17,NEG,ironic,
22948174,5798,5798,1.836128003375698e+18,2024-09-17,NEU,not ironic,
22948175,5799,5799,1.8361280024485192e+18,2024-09-17,NEU,not ironic,
22948176,5800,5800,1.8361280005946168e+18,2024-09-17,NEU,not ironic,
22948177,5801,5801,1.8361280002174323e+18,2024-09-17,NEG,not ironic,
22948178,5802,5802,1.8361279993994647e+18,2024-09-17,NEG,ironic,
22948179,5803,5803,1.8361279988120407e+18,2024-09-17,NEU,not ironic,
22948180,5804,5804,1.8361279979312008e+18,2024-09-17,NEU,not ironic,
22948182,5806,5806,1.836127995456615e+18,2024-09-17,NEU,ironic,
22948183,5807,5807,1.8361279950751373e+18,2024-09-17,NEU,not ironic,
22948184,5808,5808,1.836127994873533e+18,2024-09-17,NEG,not ironic,
22948185,5809,5809,1.83612799462613e+18,2024-09-17,NEU,not ironic,
22948186,5810,5810,1.836127994269647e+18,2024-09-17,NEG,not ironic,
22948187,5811,5811,1.836127993259004e+18,2024-09-17,NEG,ironic,
22948188,5812,5812,1.8361279925334592e+18,2024-09-17,NEU,not ironic,
22948189,5813,5813,1.8361279922017933e+18,2024-09-17,NEG,ironic,
22948190,5814,5814,1.83612799213491e+18,2024-09-17,NEG,not ironic,
22948192,5816,5816,1.8361279910486057e+18,2024-09-17,NEG,ironic,
22948193,5817,5817,1.83612798972713e+18,2024-09-17,NEU,not ironic,
22948194,5818,5818,1.836127989274415e+18,2024-09-17,NEU,not ironic,
22948195,5819,5819,1.8361279884563333e+18,2024-09-17,NEU,not ironic,
22948196,5820,5820,1.8361279883516687e+18,2024-09-17,NEU,not ironic,
22948197,5821,5821,1.836127988326503e+18,2024-09-17,NEG,not ironic,
22948198,5822,5822,1.8361279878022963e+18,2024-09-17,NEU,not ironic,
22948199,5823,5823,1.8361279865858665e+18,2024-09-17,NEG,not ironic,
22948200,5824,5824,1.836127986522952e+18,2024-09-17,NEG,ironic,
22948201,5825,5825,1.836127986015441e+18,2024-09-17,NEG,not ironic,
22948202,5826,5826,1.836127985407304e+18,2024-09-17,POS,not ironic,
22948203,5827,5827,1.8361279838469857e+18,2024-09-17,NEG,not ironic,
22948204,5828,5828,1.83612798379246e+18,2024-09-17,NEG,ironic,
22948205,5829,5829,1.8361279825632625e+18,2024-09-17,NEG,not ironic,
22948206,5830,5830,1.8361279820054607e+18,2024-09-17,NEG,not ironic,
22948207,5831,5831,1.836127980210524e+18,2024-09-17,NEU,not ironic,
22948208,5832,5832,1.836127979250107e+18,2024-09-17,NEG,not ironic,
22948209,5833,5833,1.8361279791910707e+18,2024-09-17,NEU,not ironic,
22948210,5834,5834,1.8361279782557944e+18,2024-09-17,NEG,not ironic,
22948211,5835,5835,1.8361279765950835e+18,2024-09-17,NEU,not ironic,
22948212,5836,5836,1.83612797586942e+18,2024-09-17,NEU,ironic,
22948213,5837,5837,1.8361279737680727e+18,2024-09-17,NEU,not ironic,
22948214,5838,5838,1.836127971490292e+18,2024-09-17,NEG,not ironic,
22948215,5839,5839,1.8361279713018225e+18,2024-09-17,NEG,not ironic,
22948216,5840,5840,1.836127970962137e+18,2024-09-17,NEG,ironic,
22948217,5841,5841,1.8361279709493048e+18,2024-09-17,NEG,ironic,
22948218,5842,5842,1.8361279702781207e+18,2024-09-17,POS,not ironic,
22948219,5843,5843,1.8361279700139256e+18,2024-09-17,NEU,ironic,
22948220,5844,5844,1.836127969795887e+18,2024-09-17,POS,not ironic,
22948221,5845,5845,1.8361279691837568e+18,2024-09-17,NEU,ironic,
22948222,5846,5846,1.836127967728276e+18,2024-09-17,NEU,not ironic,
22948223,5847,5847,1.836127967291769e+18,2024-09-17,NEU,not ironic,
22948224,5848,5848,1.8361279670991424e+18,2024-09-17,POS,not ironic,
22948225,5849,5849,1.8361279667468687e+18,2024-09-17,NEU,not ironic,
22948226,5850,5850,1.8361279656896143e+18,2024-09-17,NEG,not ironic,
22948227,5851,5851,1.8361279649682312e+18,2024-09-17,NEU,not ironic,
22948228,5852,5852,1.836127964519633e+18,2024-09-17,NEG,ironic,
22948229,5853,5853,1.8361279634669204e+18,2024-09-17,NEU,ironic,
22948230,5854,5854,1.836127963227537e+18,2024-09-17,NEU,not ironic,
22948231,5855,5855,1.8361279619273528e+18,2024-09-17,NEG,ironic,
22948233,5857,5857,1.836127958756672e+18,2024-09-17,NEU,not ironic,
22948234,5858,5858,1.836127957779399e+18,2024-09-17,POS,ironic,
22948235,5859,5859,1.8361279575064617e+18,2024-09-17,NEU,ironic,
22948236,5860,5860,1.8361279570745265e+18,2024-09-17,NEU,not ironic,
22948238,5862,5862,1.8361279559380664e+18,2024-09-17,NEG,ironic,
22948239,5863,5863,1.8361279556109967e+18,2024-09-17,NEU,not ironic,
22948240,5864,5864,1.8361279554347704e+18,2024-09-17,NEG,ironic,
22948241,5865,5865,1.8361279532870003e+18,2024-09-17,NEG,not ironic,
22948242,5866,5866,1.8361279529223823e+18,2024-09-17,NEU,ironic,
22948243,5867,5867,1.8361279524694144e+18,2024-09-17,NEU,not ironic,
22948244,5868,5868,1.8361279520625505e+18,2024-09-17,NEG,not ironic,
22948245,5869,5869,1.836127951865148e+18,2024-09-17,NEG,not ironic,
22948246,5870,5870,1.8361279517689487e+18,2024-09-17,NEG,not ironic,
22948247,5871,5871,1.8361279491724657e+18,2024-09-17,NEU,ironic,
22948248,5872,5872,1.8361279487699848e+18,2024-09-17,NEG,not ironic,
22948249,5873,5873,1.836127948644262e+18,2024-09-17,NEG,not ironic,
22948250,5874,5874,1.8361279478137367e+18,2024-09-17,NEG,not ironic,
22948251,5875,5875,1.8361279476835003e+18,2024-09-17,NEU,not ironic,
22948252,5876,5876,1.8361279466854523e+18,2024-09-17,NEU,not ironic,
22948253,5877,5877,1.8361279458088428e+18,2024-09-17,POS,ironic,
22948254,5878,5878,1.8361279454732948e+18,2024-09-17,NEG,not ironic,
22948255,5879,5879,1.8361279424366308e+18,2024-09-17,NEU,not ironic,
22948256,5880,5880,1.8361279423233764e+18,2024-09-17,NEG,ironic,
22948257,5881,5881,1.8361279420843704e+18,2024-09-17,NEG,not ironic,
22948258,5882,5882,1.8361279419962903e+18,2024-09-17,NEG,not ironic,
22948259,5883,5883,1.8361279415052777e+18,2024-09-17,NEU,not ironic,
22948260,5884,5884,1.8361279414004493e+18,2024-09-17,NEG,not ironic,
22948261,5885,5885,1.836127940561576e+18,2024-09-17,NEU,not ironic,
22948262,5886,5886,1.836127939416486e+18,2024-09-17,NEU,not ironic,
22948263,5887,5887,1.8361279385988344e+18,2024-09-17,NEU,not ironic,
22948264,5888,5888,1.836127938359759e+18,2024-09-17,NEG,not ironic,
22948265,5889,5889,1.836127934429508e+18,2024-09-17,NEU,ironic,
22948266,5890,5890,1.8361279332720684e+18,2024-09-17,NEG,not ironic,
22948267,5891,5891,1.8361279329698816e+18,2024-09-17,NEU,not ironic,
22948268,5892,5892,1.8361279323283497e+18,2024-09-17,NEG,ironic,
22948269,5893,5893,1.8361279316401848e+18,2024-09-17,NEG,ironic,
22948270,5894,5894,1.8361279292245647e+18,2024-09-17,NEG,not ironic,
22948271,5895,5895,1.8361279287967465e+18,2024-09-17,POS,ironic,
22948272,5896,5896,1.836127928129852e+18,2024-09-17,NEG,not ironic,
22948273,5897,5897,1.836127927085232e+18,2024-09-17,POS,not ironic,
22948274,5898,5898,1.836127927022269e+18,2024-09-17,NEG,ironic,
22948275,5899,5899,1.8361279267748785e+18,2024-09-17,NEG,not ironic,
22948276,5900,5900,1.8361279267161825e+18,2024-09-17,NEU,not ironic,
22948277,5901,5901,1.8361279262802447e+18,2024-09-17,POS,ironic,
22948278,5902,5902,1.836127925638161e+18,2024-09-17,NEU,ironic,
22948279,5903,5903,1.836127925013484e+18,2024-09-17,NEU,ironic,
22948280,5904,5904,1.8361279246441065e+18,2024-09-17,NEU,not ironic,
22948281,5905,5905,1.8361279245980472e+18,2024-09-17,NEU,ironic,
22948282,5906,5906,1.836127924409316e+18,2024-09-17,NEU,ironic,
22948283,5907,5907,1.8361279237633231e+18,2024-09-17,NEG,not ironic,
22948284,5908,5908,1.8361279233106657e+18,2024-09-17,NEU,not ironic,
22948285,5909,5909,1.8361279228782963e+18,2024-09-17,NEG,ironic,
22948286,5910,5910,1.8361279225134e+18,2024-09-17,POS,not ironic,
22948287,5911,5911,1.8361279217038912e+18,2024-09-17,NEG,not ironic,
22948288,5912,5912,1.83612792090726e+18,2024-09-17,NEG,ironic,
22948289,5913,5913,1.83612791989194e+18,2024-09-17,NEU,not ironic,
22948291,5915,5915,1.836127917233058e+18,2024-09-17,NEU,not ironic,
22948292,5916,5916,1.8361279158234767e+18,2024-09-17,NEG,not ironic,
22948293,5917,5917,1.836127915270116e+18,2024-09-17,NEG,ironic,
22948294,5918,5918,1.836127915211395e+18,2024-09-17,NEU,not ironic,
22948296,5920,5920,1.836127914473009e+18,2024-09-17,NEU,not ironic,
22948297,5921,5921,1.836127913004921e+18,2024-09-17,NEU,not ironic,
22948298,5922,5922,1.836127912308724e+18,2024-09-17,NEG,ironic,
22948299,5923,5923,1.8361279120654707e+18,2024-09-17,NEU,not ironic,
22948300,5924,5924,1.836127911323272e+18,2024-09-17,NEG,ironic,
22948301,5925,5925,1.8361279102159795e+18,2024-09-17,NEU,not ironic,
22948302,5926,5926,1.8361279100143537e+18,2024-09-17,NEU,ironic,
22948303,5927,5927,1.8361279091041976e+18,2024-09-17,NEG,not ironic,
22948304,5928,5928,1.8361279082066373e+18,2024-09-17,NEG,not ironic,
22948305,5929,5929,1.8361279072296348e+18,2024-09-17,NEG,not ironic,
22948306,5930,5930,1.836127906696958e+18,2024-09-17,NEU,not ironic,
22948307,5931,5931,1.8361279059207703e+18,2024-09-17,NEG,not ironic,
22948308,5932,5932,1.836127905749116e+18,2024-09-17,NEG,not ironic,
22948309,5933,5933,1.83612790557678e+18,2024-09-17,NEU,ironic,
22948310,5934,5934,1.836127905128256e+18,2024-09-17,NEU,not ironic,
22948311,5935,5935,1.8361279033876524e+18,2024-09-17,NEG,ironic,
22948312,5936,5936,1.836127902632436e+18,2024-09-17,NEU,not ironic,
22948313,5937,5937,1.8361279022677847e+18,2024-09-17,NEG,ironic,
22948314,5938,5938,1.8361279021458885e+18,2024-09-17,NEG,ironic,
22948315,5939,5939,1.83612790114352e+18,2024-09-17,NEU,ironic,
22948316,5940,5940,1.8361278993440727e+18,2024-09-17,NEG,ironic,
22948317,5941,5941,1.8361278992141235e+18,2024-09-17,NEU,ironic,
22948318,5942,5942,1.8361278990630505e+18,2024-09-17,POS,ironic,
22948319,5943,5943,1.836127898169656e+18,2024-09-17,NEG,ironic,
22948320,5944,5944,1.836127895850488e+18,2024-09-17,NEG,ironic,
22948321,5945,5945,1.8361278953846912e+18,2024-09-17,NEU,not ironic,
22948322,5946,5946,1.8361278940762967e+18,2024-09-17,NEU,not ironic,
22948323,5947,5947,1.8361278908593e+18,2024-09-17,NEU,not ironic,
22948324,5948,5948,1.836127890473124e+18,2024-09-17,NEG,ironic,
22948325,5949,5949,1.8361278901166328e+18,2024-09-17,NEU,ironic,
22948326,5950,5950,1.8361278900917084e+18,2024-09-17,NEU,not ironic,
22948327,5951,5951,1.836127889298776e+18,2024-09-17,NEG,not ironic,
22948328,5952,5952,1.8361278855325368e+18,2024-09-17,NEG,not ironic,
22948329,5953,5953,1.836127884378882e+18,2024-09-17,POS,ironic,
22948330,5954,5954,1.83612788411902e+18,2024-09-17,NEU,not ironic,
22948331,5955,5955,1.8361278834687053e+18,2024-09-17,NEG,ironic,
22948332,5956,5956,1.836127881820324e+18,2024-09-17,NEU,not ironic,
22948333,5957,5957,1.836127880985588e+18,2024-09-17,NEG,not ironic,
22948334,5958,5958,1.8361278809100908e+18,2024-09-17,NEG,not ironic,
22948335,5959,5959,1.8361278797737208e+18,2024-09-17,NEG,ironic,
22948337,5961,5961,1.8361278788426465e+18,2024-09-17,POS,not ironic,
22948338,5962,5962,1.8361278784063608e+18,2024-09-17,NEG,not ironic,
22948339,5963,5963,1.836127877869548e+18,2024-09-17,NEG,ironic,
22948340,5964,5964,1.8361278769006228e+18,2024-09-17,NEU,ironic,
22948341,5965,5965,1.8361278752352425e+18,2024-09-17,NEU,not ironic,
22948342,5966,5966,1.836127874438566e+18,2024-09-17,NEU,not ironic,
22948343,5967,5967,1.836127873939444e+18,2024-09-17,NEG,not ironic,
22948344,5968,5968,1.8361278736874903e+18,2024-09-17,NEU,not ironic,
22948345,5969,5969,1.8361278736246088e+18,2024-09-17,NEG,not ironic,
22948346,5970,5970,1.836127869229314e+18,2024-09-17,POS,ironic,
22948347,5971,5971,1.8361278690699185e+18,2024-09-17,POS,not ironic,
22948348,5972,5972,1.8361278688640945e+18,2024-09-17,NEU,ironic,
22948349,5973,5973,1.836127868759503e+18,2024-09-17,POS,not ironic,
22948350,5974,5974,1.8361278679748813e+18,2024-09-17,NEU,not ironic,
22948351,5975,5975,1.8361278662552407e+18,2024-09-17,NEU,not ironic,
22948352,5976,5976,1.8361278662301327e+18,2024-09-17,POS,not ironic,
22948353,5977,5977,1.836127864346784e+18,2024-09-17,NEG,not ironic,
22948354,5978,5978,1.8361278640993364e+18,2024-09-17,NEG,ironic,
22948355,5979,5979,1.8361278620611748e+18,2024-09-17,NEU,not ironic,
22948356,5980,5980,1.8361278615114588e+18,2024-09-17,NEU,ironic,
22948357,5981,5981,1.836127860723192e+18,2024-09-17,POS,ironic,
22948358,5982,5982,1.83612785959474e+18,2024-09-17,NEG,ironic,
22948359,5983,5983,1.836127859263292e+18,2024-09-17,NEU,not ironic,
22948360,5984,5984,1.8361278580470413e+18,2024-09-17,NEG,not ironic,
22948361,5985,5985,1.8361278563737152e+18,2024-09-17,POS,not ironic,
22948362,5986,5986,1.8361278553377047e+18,2024-09-17,NEG,not ironic,
22948363,5987,5987,1.8361278532405527e+18,2024-09-17,NEG,not ironic,
22948364,5988,5988,1.8361278528840376e+18,2024-09-17,NEG,not ironic,
22948365,5989,5989,1.836127852510708e+18,2024-09-17,NEU,not ironic,
22948367,5991,5991,1.836127850673435e+18,2024-09-17,NEG,not ironic,
22948368,5992,5992,1.836127850035921e+18,2024-09-17,NEU,ironic,
22948369,5993,5993,1.8361278491385777e+18,2024-09-17,NEG,not ironic,
22948370,5994,5994,1.8361278487484536e+18,2024-09-17,NEG,ironic,
22948371,5995,5995,1.8361278485342607e+18,2024-09-17,NEG,not ironic,
22948372,5996,5996,1.836127848408716e+18,2024-09-17,NEU,ironic,
22948373,5997,5997,1.836127848370968e+18,2024-09-17,POS,ironic,
22948374,5998,5998,1.8361278480058816e+18,2024-09-17,NEU,not ironic,
22948375,5999,5999,1.8361278467981025e+18,2024-09-17,NEG,not ironic,
22948376,6000,6000,1.836127845078188e+18,2024-09-17,NEG,not ironic,
22948377,6001,6001,1.8361278445413788e+18,2024-09-17,NEG,not ironic,
22948378,6002,6002,1.836127843236864e+18,2024-09-17,NEU,not ironic,
22948379,6003,6003,1.836127841295176e+18,2024-09-17,NEU,ironic,
22948380,6004,6004,1.8361278389292977e+18,2024-09-17,NEG,not ironic,
22948381,6005,6005,1.83612783855607e+18,2024-09-17,NEU,not ironic,
22948382,6006,6006,1.8361278377046223e+18,2024-09-17,NEG,ironic,
22948383,6007,6007,1.836127836953846e+18,2024-09-17,POS,ironic,
22948384,6008,6008,1.8361278366056983e+18,2024-09-17,NEU,not ironic,
22948385,6009,6009,1.836127836442186e+18,2024-09-17,POS,not ironic,
22948386,6010,6010,1.8361278364295004e+18,2024-09-17,NEG,not ironic,
22948387,6011,6011,1.83612783636274e+18,2024-09-17,NEG,ironic,
22948388,6012,6012,1.8361278361653496e+18,2024-09-17,NEU,ironic,
22948389,6013,6013,1.8361278349869343e+18,2024-09-17,NEG,not ironic,
22948390,6014,6014,1.8361278316815767e+18,2024-09-17,NEG,ironic,
22948391,6015,6015,1.836127831312732e+18,2024-09-17,POS,ironic,
22948392,6016,6016,1.836127830695892e+18,2024-09-17,NEU,not ironic,
22948393,6017,6017,1.8361278291317023e+18,2024-09-17,NEU,not ironic,
22948394,6018,6018,1.8361278279740664e+18,2024-09-17,NEU,ironic,
22948395,6019,6019,1.8361278277979548e+18,2024-09-17,NEU,ironic,
22948396,6020,6020,1.8361278276762703e+18,2024-09-17,NEU,not ironic,
22948397,6021,6021,1.8361278265687736e+18,2024-09-17,NEG,ironic,
22948398,6022,6022,1.8361278250086927e+18,2024-09-17,NEU,ironic,
22948399,6023,6023,1.83612782451771e+18,2024-09-17,NEG,ironic,
22948400,6024,6024,1.8361278239181745e+18,2024-09-17,NEG,ironic,
22948401,6025,6025,1.836127821972017e+18,2024-09-17,NEG,ironic,
22948402,6026,6026,1.836127821728748e+18,2024-09-17,NEG,ironic,
22948403,6027,6027,1.8361278215858463e+18,2024-09-17,NEG,ironic,
22948404,6028,6028,1.8361278213510392e+18,2024-09-17,POS,not ironic,
22948405,6029,6029,1.836127816733144e+18,2024-09-17,NEG,not ironic,
22948406,6030,6030,1.8361278159110065e+18,2024-09-17,NEU,not ironic,
22948407,6031,6031,1.8361278146066355e+18,2024-09-17,NEG,ironic,
22948408,6032,6032,1.836127814271025e+18,2024-09-17,NEG,not ironic,
22948409,6033,6033,1.8361278141370985e+18,2024-09-17,NEG,ironic,
22948410,6034,6034,1.8361278125597696e+18,2024-09-17,NEG,not ironic,
22948411,6035,6035,1.8361278102993472e+18,2024-09-17,NEG,not ironic,
22948412,6036,6036,1.836127810299052e+18,2024-09-17,NEU,not ironic,
22948413,6037,6037,1.836127810223772e+18,2024-09-17,NEG,ironic,
22948414,6038,6038,1.8361278085879928e+18,2024-09-17,NEU,ironic,
22948415,6039,6039,1.836127807849796e+18,2024-09-17,NEG,ironic,
22948416,6040,6040,1.8361278075013737e+18,2024-09-17,NEU,not ironic,
22948417,6041,6041,1.83612780638598e+18,2024-09-17,NEG,not ironic,
22948418,6042,6042,1.8361278062138163e+18,2024-09-17,NEU,ironic,
22948419,6043,6043,1.8361278060418376e+18,2024-09-17,POS,not ironic,
22948420,6044,6044,1.836127805546877e+18,2024-09-17,NEG,ironic,
22948421,6045,6045,1.836127802917093e+18,2024-09-17,NEU,not ironic,
22948422,6046,6046,1.836127800308155e+18,2024-09-17,NEU,not ironic,
22948423,6047,6047,1.836127799729398e+18,2024-09-17,POS,ironic,
22948424,6048,6048,1.8361277973556472e+18,2024-09-17,NEG,not ironic,
22948425,6049,6049,1.83612779699055e+18,2024-09-17,NEG,not ironic,
22948426,6050,6050,1.836127795732185e+18,2024-09-17,NEG,not ironic,
22948427,6051,6051,1.836127794801316e+18,2024-09-17,NEU,not ironic,
22948428,6052,6052,1.836127794566468e+18,2024-09-17,NEU,ironic,
22948429,6053,6053,1.8361277945158328e+18,2024-09-17,NEG,ironic,
22948430,6054,6054,1.8361277911436823e+18,2024-09-17,NEG,not ironic,
22948431,6055,6055,1.836127788153086e+18,2024-09-17,NEU,ironic,
22948432,6056,6056,1.8361277877546724e+18,2024-09-17,NEG,not ironic,
22948433,6057,6057,1.836127787595252e+18,2024-09-17,NEG,ironic,
22948434,6058,6058,1.8361277873060948e+18,2024-09-17,NEG,ironic,
22948435,6059,6059,1.8361277871509056e+18,2024-09-17,NEG,ironic,
22948436,6060,6060,1.8361277870123087e+18,2024-09-17,NEG,ironic,
22948437,6061,6061,1.836127786492196e+18,2024-09-17,POS,not ironic,
22948438,6062,6062,1.836127785573848e+18,2024-09-17,NEG,not ironic,
22948439,6063,6063,1.836127780171588e+18,2024-09-17,NEU,not ironic,
22948440,6064,6064,1.8361277775165888e+18,2024-09-17,NEU,not ironic,
22948441,6065,6065,1.836127777193394e+18,2024-09-17,NEG,not ironic,
22948442,6066,6066,1.836127776451036e+18,2024-09-17,NEU,not ironic,
22948443,6067,6067,1.8361277764428475e+18,2024-09-17,NEG,ironic,
22948444,6068,6068,1.8361277758682565e+18,2024-09-17,NEG,ironic,
22948445,6069,6069,1.8361277747441544e+18,2024-09-17,POS,not ironic,
22948446,6070,6070,1.8361277744589417e+18,2024-09-17,NEG,not ironic,
22948447,6071,6071,1.8361277744125207e+18,2024-09-17,NEG,not ironic,
22948448,6072,6072,1.8361277720430223e+18,2024-09-17,NEG,not ironic,
22948449,6073,6073,1.836127771518464e+18,2024-09-17,NEG,not ironic,
22948450,6074,6074,1.836127769861788e+18,2024-09-17,POS,ironic,
22948451,6075,6075,1.8361277697529203e+18,2024-09-17,NEU,not ironic,
22948452,6076,6076,1.8361277693251136e+18,2024-09-17,POS,not ironic,
22948453,6077,6077,1.836127732872381e+18,2024-09-17,NEG,ironic,
22948454,6078,6078,1.8361277320629903e+18,2024-09-17,NEG,ironic,
22948455,6079,6079,1.8361277313958093e+18,2024-09-17,NEG,ironic,
22948456,6080,6080,1.836127729789604e+18,2024-09-17,NEU,ironic,
22948457,6081,6081,1.8361277294372828e+18,2024-09-17,NEG,ironic,
22948458,6082,6082,1.8361277289547328e+18,2024-09-17,NEG,not ironic,
22948459,6083,6083,1.8361277276840635e+18,2024-09-17,NEU,ironic,
22948460,6084,6084,1.836127725964112e+18,2024-09-17,NEG,not ironic,
22948461,6085,6085,1.8361277243579807e+18,2024-09-17,POS,ironic,
22948462,6086,6086,1.836127723883737e+18,2024-09-17,NEG,not ironic,
22948463,6087,6087,1.83612772302814e+18,2024-09-17,NEG,not ironic,
22948464,6088,6088,1.836127721702708e+18,2024-09-17,POS,not ironic,
22948465,6089,6089,1.836127721249744e+18,2024-09-17,NEG,not ironic,
22948466,6090,6090,1.8361277207506944e+18,2024-09-17,NEG,not ironic,
22948467,6091,6091,1.836127720364712e+18,2024-09-17,NEG,ironic,
22948468,6092,6092,1.836127719928812e+18,2024-09-17,NEU,not ironic,
22948469,6093,6093,1.8361277173658127e+18,2024-09-17,NEU,not ironic,
22948470,6094,6094,1.8361277168292047e+18,2024-09-17,NEG,not ironic,
22948471,6095,6095,1.8361277166360783e+18,2024-09-17,NEG,not ironic,
22948472,6096,6096,1.836127716527252e+18,2024-09-17,POS,not ironic,
22948474,6098,6098,1.836127714916336e+18,2024-09-17,NEU,ironic,
22948476,6100,6100,1.836127714190988e+18,2024-09-17,POS,ironic,
22948477,6101,6101,1.836127713129632e+18,2024-09-17,NEU,not ironic,
22948478,6102,6102,1.836127712894948e+18,2024-09-17,NEG,not ironic,
22948479,6103,6103,1.8361277098915392e+18,2024-09-17,NEG,ironic,
22948480,6104,6104,1.8361277094427528e+18,2024-09-17,NEG,not ironic,
22948481,6105,6105,1.836127709191152e+18,2024-09-17,NEG,not ironic,
22948482,6106,6106,1.8361277090739364e+18,2024-09-17,NEG,ironic,
22948483,6107,6107,1.836127706502828e+18,2024-09-17,NEG,ironic,
22948484,6108,6108,1.8361277063600407e+18,2024-09-17,NEG,ironic,
22948485,6109,6109,1.836127706356028e+18,2024-09-17,POS,ironic,
22948486,6110,6110,1.8361277059995648e+18,2024-09-17,NEG,ironic,
22948487,6111,6111,1.836127705743729e+18,2024-09-17,NEU,not ironic,
22948488,6112,6112,1.8361277056387973e+18,2024-09-17,NEG,not ironic,
22948489,6113,6113,1.8361277050136456e+18,2024-09-17,NEG,not ironic,
22948490,6114,6114,1.8361277042125248e+18,2024-09-17,NEG,ironic,
22948491,6115,6115,1.8361277034200148e+18,2024-09-17,NEG,ironic,
22948492,6116,6116,1.8361277027989668e+18,2024-09-17,NEG,ironic,
22948493,6117,6117,1.8361277027612431e+18,2024-09-17,NEG,not ironic,
22948494,6118,6118,1.836127701637436e+18,2024-09-17,POS,not ironic,
22948495,6119,6119,1.8361276995151176e+18,2024-09-17,POS,ironic,
22948496,6120,6120,1.836127698059736e+18,2024-09-17,NEU,not ironic,
22948497,6121,6121,1.8361276972625267e+18,2024-09-17,NEG,not ironic,
22948498,6122,6122,1.8361276971788905e+18,2024-09-17,NEG,not ironic,
22948499,6123,6123,1.836127696608199e+18,2024-09-17,NEG,ironic,
22948500,6124,6124,1.8361276965746445e+18,2024-09-17,POS,not ironic,
22948501,6125,6125,1.8361276960167688e+18,2024-09-17,NEU,not ironic,
22948502,6126,6126,1.8361276954841457e+18,2024-09-17,NEG,ironic,
22948503,6127,6127,1.836127695434097e+18,2024-09-17,NEG,ironic,
22948504,6128,6128,1.836127695295648e+18,2024-09-17,NEU,ironic,
22948505,6129,6129,1.8361276948004416e+18,2024-09-17,NEG,not ironic,
22948506,6130,6130,1.8361276947000568e+18,2024-09-17,NEG,not ironic,
22948507,6131,6131,1.8361276940793e+18,2024-09-17,NEG,ironic,
22948508,6132,6132,1.83612769312698e+18,2024-09-17,NEG,not ironic,
22948509,6133,6133,1.8361276888658168e+18,2024-09-17,NEG,not ironic,
22948510,6134,6134,1.8361276886013297e+18,2024-09-17,NEU,not ironic,
22948511,6135,6135,1.8361276884379607e+18,2024-09-17,NEG,not ironic,
22948512,6136,6136,1.83612768756974e+18,2024-09-17,NEU,not ironic,
22948513,6137,6137,1.836127686403461e+18,2024-09-17,NEU,not ironic,
22948514,6138,6138,1.8361276860723727e+18,2024-09-17,NEU,not ironic,
22948515,6139,6139,1.8361276851410289e+18,2024-09-17,NEU,not ironic,
22948516,6140,6140,1.8361276787488689e+18,2024-09-17,NEG,ironic,
22948517,6141,6141,1.8361276766307945e+18,2024-09-17,NEU,not ironic,
22948518,6142,6142,1.836127676236452e+18,2024-09-17,POS,not ironic,
22948519,6143,6143,1.8361276745799803e+18,2024-09-17,NEG,not ironic,
22948520,6144,6144,1.8361276744751227e+18,2024-09-17,NEU,not ironic,
22948521,6145,6145,1.8361276742903444e+18,2024-09-17,NEG,not ironic,
22948522,6146,6146,1.8361276730068787e+18,2024-09-17,NEG,not ironic,
22948523,6147,6147,1.8361276721011464e+18,2024-09-17,POS,not ironic,
22948524,6148,6148,1.836127671979332e+18,2024-09-17,NEG,ironic,
22948525,6149,6149,1.8361276718827484e+18,2024-09-17,NEU,ironic,
22948526,6150,6150,1.8361276716230003e+18,2024-09-17,NEG,ironic,
22948527,6151,6151,1.83612767106073e+18,2024-09-17,NEU,not ironic,
22948528,6152,6152,1.8361276706580644e+18,2024-09-17,NEG,ironic,
22948529,6153,6153,1.8361276697397527e+18,2024-09-17,POS,not ironic,
22948531,6155,6155,1.8361276693622664e+18,2024-09-17,NEG,not ironic,
22948532,6156,6156,1.836127669085496e+18,2024-09-17,NEG,not ironic,
22948533,6157,6157,1.836127668653232e+18,2024-09-17,POS,ironic,
22948534,6158,6158,1.836127668187644e+18,2024-09-17,NEU,not ironic,
22948535,6159,6159,1.8361276681752783e+18,2024-09-17,NEG,not ironic,
22948536,6160,6160,1.836127666987992e+18,2024-09-17,NEU,not ironic,
22948537,6161,6161,1.8361276656626609e+18,2024-09-17,NEG,ironic,
22948538,6162,6162,1.8361276642116608e+18,2024-09-17,NEG,not ironic,
22948539,6163,6163,1.83612766364518e+18,2024-09-17,NEU,ironic,
22948540,6164,6164,1.836127663422932e+18,2024-09-17,POS,not ironic,
22948541,6165,6165,1.8361276629743409e+18,2024-09-17,NEU,not ironic,
22948542,6166,6166,1.836127662521324e+18,2024-09-17,NEU,not ironic,
22948543,6167,6167,1.836127662265258e+18,2024-09-17,NEG,not ironic,
22948544,6168,6168,1.836127661371864e+18,2024-09-17,NEG,ironic,
22948545,6169,6169,1.8361276607135823e+18,2024-09-17,NEU,not ironic,
22948546,6170,6170,1.8361276600590167e+18,2024-09-17,NEG,not ironic,
22948547,6171,6171,1.836127656670065e+18,2024-09-17,NEG,ironic,
22948548,6172,6172,1.8361276565193075e+18,2024-09-17,NEG,not ironic,
22948549,6173,6173,1.8361276551727148e+18,2024-09-17,POS,ironic,
22948550,6174,6174,1.836127654736728e+18,2024-09-17,NEG,ironic,
22948551,6175,6175,1.8361276545015608e+18,2024-09-17,NEU,not ironic,
22948552,6176,6176,1.836127651007992e+18,2024-09-17,NEG,not ironic,
22948553,6177,6177,1.8361276504834665e+18,2024-09-17,NEU,not ironic,
22948554,6178,6178,1.836127649359688e+18,2024-09-17,NEU,ironic,
22948555,6179,6179,1.8361276492922552e+18,2024-09-17,NEU,ironic,
22948556,6180,6180,1.836127648139092e+18,2024-09-17,POS,ironic,
22948557,6181,6181,1.8361276444313231e+18,2024-09-17,POS,not ironic,
22948558,6182,6182,1.836127643684438e+18,2024-09-17,NEU,not ironic,
22948559,6183,6183,1.8361276433198328e+18,2024-09-17,NEG,not ironic,
22948560,6184,6184,1.8361276416083028e+18,2024-09-17,NEG,ironic,
22948561,6185,6185,1.8361276406059167e+18,2024-09-17,NEU,not ironic,
22948562,6186,6186,1.836127640417076e+18,2024-09-17,NEG,not ironic,
22948563,6187,6187,1.8361276398972723e+18,2024-09-17,NEG,not ironic,
22948564,6188,6188,1.8361276393098e+18,2024-09-17,NEU,not ironic,
22948565,6189,6189,1.8361276380683064e+18,2024-09-17,NEG,not ironic,
22948566,6190,6190,1.8361276362776207e+18,2024-09-17,NEG,not ironic,
22948567,6191,6191,1.836127635736568e+18,2024-09-17,NEU,ironic,
22948568,6192,6192,1.83612763447824e+18,2024-09-17,NEU,not ironic,
22948569,6193,6193,1.8361276340462264e+18,2024-09-17,NEG,not ironic,
22948570,6194,6194,1.83612763327028e+18,2024-09-17,NEG,ironic,
22948571,6195,6195,1.8361276327960745e+18,2024-09-17,NEU,not ironic,
22948572,6196,6196,1.836127632502461e+18,2024-09-17,POS,not ironic,
22948573,6197,6197,1.8361276322340908e+18,2024-09-17,NEG,ironic,
22948574,6198,6198,1.836127631579779e+18,2024-09-17,POS,ironic,
22948575,6199,6199,1.8361276303088315e+18,2024-09-17,NEU,not ironic,
22948576,6200,6200,1.8361276288746496e+18,2024-09-17,NEG,ironic,
22948577,6201,6201,1.8361276282075507e+18,2024-09-17,NEU,not ironic,
22948578,6202,6202,1.836127627800712e+18,2024-09-17,POS,not ironic,
22948579,6203,6203,1.8361276269534367e+18,2024-09-17,POS,ironic,
22948580,6204,6204,1.83612762658456e+18,2024-09-17,NEG,ironic,
22948581,6205,6205,1.836127626504868e+18,2024-09-17,POS,not ironic,
22948583,6207,6207,1.83612762138368e+18,2024-09-17,NEU,not ironic,
22948584,6208,6208,1.836127620368344e+18,2024-09-17,NEU,not ironic,
22948585,6209,6209,1.8361276195633605e+18,2024-09-17,NEU,ironic,
22948586,6210,6210,1.8361276170131333e+18,2024-09-17,NEU,not ironic,
22948587,6211,6211,1.8361276164467136e+18,2024-09-17,NEG,not ironic,
22948588,6212,6212,1.836127615985272e+18,2024-09-17,NEU,not ironic,
22948589,6213,6213,1.8361276159184448e+18,2024-09-17,NEG,not ironic,
22948590,6214,6214,1.8361276151215063e+18,2024-09-17,NEU,ironic,
22948591,6215,6215,1.836127615108944e+18,2024-09-17,NEG,not ironic,
22948592,6216,6216,1.836127614911812e+18,2024-09-17,NEU,not ironic,
22948593,6217,6217,1.836127612722136e+18,2024-09-17,NEG,not ironic,
22948594,6218,6218,1.8361276117116152e+18,2024-09-17,NEU,ironic,
22948595,6219,6219,1.836127611535192e+18,2024-09-17,NEU,ironic,
22948596,6220,6220,1.8361276111159667e+18,2024-09-17,NEG,not ironic,
22948597,6221,6221,1.836127610545541e+18,2024-09-17,NEU,ironic,
22948598,6222,6222,1.836127610213991e+18,2024-09-17,NEU,ironic,
22948599,6223,6223,1.836127609173824e+18,2024-09-17,POS,ironic,
22948600,6224,6224,1.8361276082971e+18,2024-09-17,NEG,not ironic,
22948601,6225,6225,1.8361276076135304e+18,2024-09-17,POS,ironic,
22948602,6226,6226,1.8361276069006912e+18,2024-09-17,NEU,ironic,
22948603,6227,6227,1.836127605894124e+18,2024-09-17,NEG,not ironic,
22948604,6228,6228,1.836127603830252e+18,2024-09-17,NEU,not ironic,
22948605,6229,6229,1.836127602832024e+18,2024-09-17,NEG,ironic,
22948606,6230,6230,1.836127602798662e+18,2024-09-17,NEG,ironic,
22948607,6231,6231,1.8361276026013489e+18,2024-09-17,POS,ironic,
22948608,6232,6232,1.836127602072805e+18,2024-09-17,NEG,not ironic,
22948609,6233,6233,1.8361275993677207e+18,2024-09-17,NEG,ironic,
22948610,6234,6234,1.8361275986504952e+18,2024-09-17,NEG,ironic,
22948611,6235,6235,1.8361275978408056e+18,2024-09-17,NEU,not ironic,
22948612,6236,6236,1.836127597677233e+18,2024-09-17,NEU,not ironic,
22948613,6237,6237,1.8361275911466028e+18,2024-09-17,NEG,not ironic,
22948614,6238,6238,1.8361275904965348e+18,2024-09-17,POS,ironic,
22948615,6239,6239,1.836127588927816e+18,2024-09-17,NEU,ironic,
22948616,6240,6240,1.8361275878879112e+18,2024-09-17,NEU,not ironic,
22948617,6241,6241,1.8361275876779287e+18,2024-09-17,NEU,not ironic,
22948618,6242,6242,1.8361275875311493e+18,2024-09-17,POS,not ironic,
22948619,6243,6243,1.836127586872889e+18,2024-09-17,NEG,not ironic,
22948620,6244,6244,1.836127586109526e+18,2024-09-17,NEG,not ironic,
22948621,6245,6245,1.836127585807303e+18,2024-09-17,NEG,not ironic,
22948622,6246,6246,1.8361275856521047e+18,2024-09-17,NEG,ironic,
22948623,6247,6247,1.8361275853000256e+18,2024-09-17,NEU,not ironic,
22948624,6248,6248,1.8361275851949384e+18,2024-09-17,NEG,ironic,
22948625,6249,6249,1.8361275835674875e+18,2024-09-17,POS,ironic,
22948626,6250,6250,1.836127582703752e+18,2024-09-17,NEG,not ironic,
22948627,6251,6251,1.8361275826911685e+18,2024-09-17,NEU,ironic,
22948628,6252,6252,1.8361275818732792e+18,2024-09-17,POS,ironic,
22948629,6253,6253,1.8361275797255089e+18,2024-09-17,NEG,not ironic,
22948630,6254,6254,1.836127577628632e+18,2024-09-17,NEG,not ironic,
22948631,6255,6255,1.8361275773473792e+18,2024-09-17,NEG,not ironic,
22948632,6256,6256,1.836127576105894e+18,2024-09-17,NEU,ironic,
22948633,6257,6257,1.8361275759928648e+18,2024-09-17,NEG,ironic,
22948634,6258,6258,1.8361275756445573e+18,2024-09-17,POS,ironic,
22948635,6259,6259,1.836127575548064e+18,2024-09-17,POS,not ironic,
22948636,6260,6260,1.8361275750282488e+18,2024-09-17,NEG,not ironic,
22948637,6261,6261,1.8361275746672768e+18,2024-09-17,NEU,not ironic,
22948638,6262,6262,1.8361275744113664e+18,2024-09-17,POS,not ironic,
22948639,6263,6263,1.8361275733547008e+18,2024-09-17,NEU,not ironic,
22948640,6264,6264,1.836127572406436e+18,2024-09-17,NEU,not ironic,
22948641,6265,6265,1.8361275720080712e+18,2024-09-17,NEG,not ironic,
22948642,6266,6266,1.836127571559216e+18,2024-09-17,NEU,not ironic,
22948643,6267,6267,1.836127571068556e+18,2024-09-17,NEU,not ironic,
22948644,6268,6268,1.836127570808492e+18,2024-09-17,NEG,not ironic,
22948645,6269,6269,1.836127569663717e+18,2024-09-17,NEG,ironic,
22948646,6270,6270,1.8361275689799887e+18,2024-09-17,NEG,ironic,
22948647,6271,6271,1.836127568812032e+18,2024-09-17,NEG,not ironic,
22948648,6272,6272,1.8361275684344548e+18,2024-09-17,NEG,not ironic,
22948649,6273,6273,1.8361275681828367e+18,2024-09-17,POS,not ironic,
22948650,6274,6274,1.83612756668151e+18,2024-09-17,NEU,ironic,
22948651,6275,6275,1.8361275666476933e+18,2024-09-17,NEU,ironic,
22948652,6276,6276,1.836127566387901e+18,2024-09-17,NEU,ironic,
22948653,6277,6277,1.8361275663331576e+18,2024-09-17,NEG,ironic,
22948654,6278,6278,1.8361275655407048e+18,2024-09-17,NEG,ironic,
22948655,6279,6279,1.8361275654103693e+18,2024-09-17,NEG,ironic,
22948656,6280,6280,1.836127564512785e+18,2024-09-17,NEU,not ironic,
22948657,6281,6281,1.836127564009464e+18,2024-09-17,NEU,not ironic,
22948658,6282,6282,1.8361275637245256e+18,2024-09-17,NEG,not ironic,
22948659,6283,6283,1.8361275632587776e+18,2024-09-17,NEG,not ironic,
22948660,6284,6284,1.8361275621432727e+18,2024-09-17,NEG,ironic,
22948661,6285,6285,1.836127561514128e+18,2024-09-17,NEG,ironic,
22948662,6286,6286,1.836127561186947e+18,2024-09-17,NEG,not ironic,
22948663,6287,6287,1.836127560830456e+18,2024-09-17,NEG,not ironic,
22948665,6289,6289,1.8361275561493217e+18,2024-09-17,NEG,not ironic,
22948666,6290,6290,1.8361275560444928e+18,2024-09-17,NEG,not ironic,
22948667,6291,6291,1.836127555570577e+18,2024-09-17,NEU,not ironic,
22948668,6292,6292,1.8361275536497871e+18,2024-09-17,NEG,ironic,
22948669,6293,6293,1.836127553506984e+18,2024-09-17,NEU,ironic,
22948670,6294,6294,1.8361275522737848e+18,2024-09-17,NEU,not ironic,
22948671,6295,6295,1.836127552001155e+18,2024-09-17,NEG,not ironic,
22948672,6296,6296,1.836127551883825e+18,2024-09-17,NEG,not ironic,
22948673,6297,6297,1.8361275511413967e+18,2024-09-17,NEG,ironic,
22948674,6298,6298,1.8361275510954767e+18,2024-09-17,NEG,ironic,
22948675,6299,6299,1.8361275509274465e+18,2024-09-17,NEG,not ironic,
22948676,6300,6300,1.8361275505292987e+18,2024-09-17,POS,ironic,
22948677,6301,6301,1.836127549111382e+18,2024-09-17,NEU,not ironic,
22948678,6302,6302,1.8361275490318792e+18,2024-09-17,NEU,not ironic,
22948679,6303,6303,1.8361275486540964e+18,2024-09-17,NEU,not ironic,
22948680,6304,6304,1.8361275475426184e+18,2024-09-17,NEG,not ironic,
22948681,6305,6305,1.836127546099843e+18,2024-09-17,NEG,ironic,
22948682,6306,6306,1.836127545558704e+18,2024-09-17,NEU,ironic,
22948683,6307,6307,1.836127545474929e+18,2024-09-17,POS,ironic,
22948684,6308,6308,1.8361275444768645e+18,2024-09-17,NEU,not ironic,
22948685,6309,6309,1.836127543885468e+18,2024-09-17,POS,not ironic,
22948686,6310,6310,1.8361275429794696e+18,2024-09-17,NEU,ironic,
22948687,6311,6311,1.836127542530732e+18,2024-09-17,NEG,not ironic,
22948688,6312,6312,1.8361275422245235e+18,2024-09-17,NEG,not ironic,
22948689,6313,6313,1.8361275404713044e+18,2024-09-17,NEG,not ironic,
22948690,6314,6314,1.8361275402194004e+18,2024-09-17,NEU,not ironic,
22948691,6315,6315,1.836127539925836e+18,2024-09-17,NEU,ironic,
22948692,6316,6316,1.8361275382270728e+18,2024-09-17,NEG,not ironic,
22948693,6317,6317,1.8361275377825508e+18,2024-09-17,NEG,not ironic,
22948694,6318,6318,1.8361275313526825e+18,2024-09-17,POS,not ironic,
22948695,6319,6319,1.8361275303966065e+18,2024-09-17,POS,not ironic,
22948696,6320,6320,1.8361275299436017e+18,2024-09-17,NEU,not ironic,
22948697,6321,6321,1.836127528605344e+18,2024-09-17,NEU,not ironic,
22948698,6322,6322,1.8361275263823995e+18,2024-09-17,NEG,not ironic,
22948699,6323,6323,1.8361275261390807e+18,2024-09-17,POS,ironic,
22948700,6324,6324,1.836127525619004e+18,2024-09-17,NEG,not ironic,
22948701,6325,6325,1.8361275250488973e+18,2024-09-17,NEG,ironic,
22948702,6326,6326,1.8361275242978063e+18,2024-09-17,NEG,not ironic,
22948703,6327,6327,1.836127524025156e+18,2024-09-17,POS,not ironic,
22948704,6328,6328,1.836127522280608e+18,2024-09-17,NEU,not ironic,
22948705,6329,6329,1.83612752091746e+18,2024-09-17,NEG,ironic,
22948706,6330,6330,1.8361275208836424e+18,2024-09-17,NEU,ironic,
22948707,6331,6331,1.8361275204433144e+18,2024-09-17,NEU,not ironic,
22948709,6333,6333,1.836127519457841e+18,2024-09-17,NEG,ironic,
22948710,6334,6334,1.8361275191598607e+18,2024-09-17,NEU,not ironic,
22948711,6335,6335,1.8361275188748367e+18,2024-09-17,NEG,not ironic,
22948712,6336,6336,1.8361275187949445e+18,2024-09-17,NEU,not ironic,
22948713,6337,6337,1.8361275177129825e+18,2024-09-17,NEU,not ironic,
22948714,6338,6338,1.8361275176752868e+18,2024-09-17,NEG,not ironic,
22948715,6339,6339,1.8361275175869847e+18,2024-09-17,NEG,not ironic,
22948716,6340,6340,1.836127517448561e+18,2024-09-17,NEU,not ironic,
22948717,6341,6341,1.836127517381456e+18,2024-09-17,NEU,not ironic,
22948718,6342,6342,1.836127517243024e+18,2024-09-17,POS,ironic,
22948719,6343,6343,1.8361275170335337e+18,2024-09-17,POS,ironic,
22948720,6344,6344,1.8361275163244503e+18,2024-09-17,NEG,not ironic,
22948721,6345,6345,1.8361275144496453e+18,2024-09-17,NEU,not ironic,
22948722,6346,6346,1.836127513531368e+18,2024-09-17,NEG,ironic,
22948723,6347,6347,1.8361275131913464e+18,2024-09-17,NEG,not ironic,
22948724,6348,6348,1.8361275127134008e+18,2024-09-17,NEU,not ironic,
22948725,6349,6349,1.836127512663126e+18,2024-09-17,NEU,not ironic,
22948726,6350,6350,1.8361275121931023e+18,2024-09-17,NEU,ironic,
22948727,6351,6351,1.8361275115264128e+18,2024-09-17,NEU,ironic,
22948728,6352,6352,1.8361275114213704e+18,2024-09-17,POS,not ironic,
22948729,6353,6353,1.836127510989541e+18,2024-09-17,NEG,not ironic,
22948730,6354,6354,1.8361275109850568e+18,2024-09-17,NEG,ironic,
22948731,6355,6355,1.8361275107082327e+18,2024-09-17,NEU,not ironic,
22948732,6356,6356,1.8361275086531256e+18,2024-09-17,NEG,ironic,
22948733,6357,6357,1.8361275082336463e+18,2024-09-17,NEG,ironic,
22948734,6358,6358,1.8361275081416087e+18,2024-09-17,NEG,ironic,
22948735,6359,6359,1.8361275080199744e+18,2024-09-17,POS,ironic,
22948736,6360,6360,1.836127507080258e+18,2024-09-17,NEG,not ironic,
22948737,6361,6361,1.836127507009196e+18,2024-09-17,NEG,ironic,
22948738,6362,6362,1.8361275065684915e+18,2024-09-17,NEG,ironic,
22948739,6363,6363,1.8361275063419617e+18,2024-09-17,NEG,not ironic,
22948740,6364,6364,1.8361275060318705e+18,2024-09-17,NEG,not ironic,
22948741,6365,6365,1.836127505805132e+18,2024-09-17,NEG,ironic,
22948742,6366,6366,1.836127504781775e+18,2024-09-17,NEG,not ironic,
22948743,6367,6367,1.8361275036327813e+18,2024-09-17,NEU,not ironic,
22948744,6368,6368,1.8361275033556664e+18,2024-09-17,NEU,not ironic,
22948745,6369,6369,1.8361275021183475e+18,2024-09-17,NEG,ironic,
22948746,6370,6370,1.8361275007845783e+18,2024-09-17,NEG,not ironic,
22948747,6371,6371,1.83612750072608e+18,2024-09-17,NEG,ironic,
22948748,6372,6372,1.8361274998576576e+18,2024-09-17,NEU,ironic,
22948749,6373,6373,1.8361274991907228e+18,2024-09-17,NEG,ironic,
22948750,6374,6374,1.8361274989222625e+18,2024-09-17,NEG,ironic,
22948751,6375,6375,1.83612749694677e+18,2024-09-17,NEG,ironic,
22948752,6376,6376,1.836127496934196e+18,2024-09-17,NEG,ironic,
22948753,6377,6377,1.8361274954496448e+18,2024-09-17,NEG,not ironic,
22948754,6378,6378,1.8361274935706668e+18,2024-09-17,NEG,ironic,
22948755,6379,6379,1.8361274893889487e+18,2024-09-17,NEU,not ironic,
22948756,6380,6380,1.8361274884535465e+18,2024-09-17,NEU,not ironic,
22948757,6381,6381,1.8361274882648023e+18,2024-09-17,NEG,not ironic,
22948758,6382,6382,1.8361274880299087e+18,2024-09-17,POS,not ironic,
22948760,6384,6384,1.8361274838901435e+18,2024-09-17,NEG,not ironic,
22948761,6385,6385,1.836127482782552e+18,2024-09-17,NEG,not ironic,
22948762,6386,6386,1.836127482757681e+18,2024-09-17,NEG,ironic,
22948763,6387,6387,1.8361274825015337e+18,2024-09-17,NEG,not ironic,
22948764,6388,6388,1.8361274824890327e+18,2024-09-17,NEU,ironic,
22948765,6389,6389,1.8361274822499497e+18,2024-09-17,POS,not ironic,
22948766,6390,6390,1.8361274822166164e+18,2024-09-17,NEU,not ironic,
22948767,6391,6391,1.8361274816542804e+18,2024-09-17,POS,ironic,
22948769,6393,6393,1.8361274815788564e+18,2024-09-17,NEG,ironic,
22948770,6394,6394,1.8361274801195008e+18,2024-09-17,NEG,not ironic,
22948771,6395,6395,1.8361274795571323e+18,2024-09-17,NEG,not ironic,
22948772,6396,6396,1.836127479167357e+18,2024-09-17,NEU,ironic,
22948773,6397,6397,1.8361274791086367e+18,2024-09-17,NEG,not ironic,
22948774,6398,6398,1.8361274767556324e+18,2024-09-17,NEG,not ironic,
22948775,6399,6399,1.836127474889167e+18,2024-09-17,POS,not ironic,
22948776,6400,6400,1.836127473999962e+18,2024-09-17,NEU,not ironic,
22948777,6401,6401,1.836127471923544e+18,2024-09-17,NEG,not ironic,
22948778,6402,6402,1.836127471135032e+18,2024-09-17,NEG,not ironic,
22948779,6403,6403,1.8361274705353e+18,2024-09-17,NEG,ironic,
22948780,6404,6404,1.8361274698641367e+18,2024-09-17,NEG,not ironic,
22948781,6405,6405,1.83612746984324e+18,2024-09-17,NEG,ironic,
22948782,6406,6406,1.836127468933276e+18,2024-09-17,NEG,ironic,
22948783,6407,6407,1.836127468442276e+18,2024-09-17,POS,not ironic,
22948784,6408,6408,1.8361274680775967e+18,2024-09-17,POS,not ironic,
22948785,6409,6409,1.8361274652420588e+18,2024-09-17,NEU,not ironic,
22948786,6410,6410,1.8361274642649948e+18,2024-09-17,NEG,ironic,
22948787,6411,6411,1.8361274638539528e+18,2024-09-17,NEG,ironic,
22948788,6412,6412,1.83612746275924e+18,2024-09-17,POS,ironic,
22948789,6413,6413,1.836127462654088e+18,2024-09-17,NEG,not ironic,
22948790,6414,6414,1.836127458413712e+18,2024-09-17,NEG,ironic,
22948791,6415,6415,1.8361274569082555e+18,2024-09-17,NEU,ironic,
22948792,6416,6416,1.8361274561739904e+18,2024-09-17,NEG,not ironic,
22948793,6417,6417,1.836127453804458e+18,2024-09-17,NEG,ironic,
22948794,6418,6418,1.8361274520215352e+18,2024-09-17,NEG,not ironic,
22948795,6419,6419,1.8361274511913487e+18,2024-09-17,NEG,not ironic,
22948796,6420,6420,1.8361274503818488e+18,2024-09-17,NEU,not ironic,
22948797,6421,6421,1.83612745031474e+18,2024-09-17,NEU,not ironic,
22948798,6422,6422,1.8361274480917583e+18,2024-09-17,POS,not ironic,
22948800,6424,6424,1.8361274451432328e+18,2024-09-17,NEU,not ironic,
22948801,6425,6425,1.8361274435449e+18,2024-09-17,NEU,not ironic,
22948802,6426,6426,1.8361274432596457e+18,2024-09-17,POS,not ironic,
22948803,6427,6427,1.836127442941211e+18,2024-09-17,POS,ironic,
22948804,6428,6428,1.83612744191352e+18,2024-09-17,NEG,not ironic,
22948805,6429,6429,1.8361274401684728e+18,2024-09-17,NEU,not ironic,
22948806,6430,6430,1.8361274397450688e+18,2024-09-17,NEG,not ironic,
22948807,6431,6431,1.8361274393799844e+18,2024-09-17,NEG,not ironic,
22948808,6432,6432,1.8361274391033649e+18,2024-09-17,NEG,not ironic,
22948809,6433,6433,1.8361274383061773e+18,2024-09-17,NEU,not ironic,
22948810,6434,6434,1.8361274380422065e+18,2024-09-17,NEG,not ironic,
22948811,6435,6435,1.8361274360289403e+18,2024-09-17,POS,not ironic,
22948812,6436,6436,1.8361274324637647e+18,2024-09-17,NEU,not ironic,
22948813,6437,6437,1.8361274304670351e+18,2024-09-17,NEG,ironic,
22948814,6438,6438,1.836127430362436e+18,2024-09-17,NEU,ironic,
22948815,6439,6439,1.836127429053584e+18,2024-09-17,NEG,not ironic,
22948816,6440,6440,1.8361274289825096e+18,2024-09-17,POS,ironic,
22948817,6441,6441,1.8361274283281984e+18,2024-09-17,NEG,not ironic,
22948818,6442,6442,1.836127428265026e+18,2024-09-17,NEU,not ironic,
22948819,6443,6443,1.836127426994434e+18,2024-09-17,NEG,not ironic,
22948820,6444,6444,1.8361274266251185e+18,2024-09-17,NEG,ironic,
22948821,6445,6445,1.836127425714942e+18,2024-09-17,POS,ironic,
22948822,6446,6446,1.8361274249598728e+18,2024-09-17,NEU,not ironic,
22948823,6447,6447,1.8361274242135567e+18,2024-09-17,NEU,ironic,
22948824,6448,6448,1.836127423986832e+18,2024-09-17,NEG,not ironic,
22948825,6449,6449,1.8361274238193216e+18,2024-09-17,NEG,not ironic,
22948826,6450,6450,1.8361274234711944e+18,2024-09-17,NEG,ironic,
22948827,6451,6451,1.8361274205768748e+18,2024-09-17,NEU,not ironic,
22948828,6452,6452,1.8361274196669604e+18,2024-09-17,NEG,not ironic,
22948829,6453,6453,1.8361274187987315e+18,2024-09-17,NEG,ironic,
22948830,6454,6454,1.83612741858884e+18,2024-09-17,NEU,not ironic,
22948831,6455,6455,1.8361274182406065e+18,2024-09-17,NEU,not ironic,
22948832,6456,6456,1.8361274170075264e+18,2024-09-17,NEU,ironic,
22948833,6457,6457,1.8361274162861343e+18,2024-09-17,POS,ironic,
22948834,6458,6458,1.8361274154307136e+18,2024-09-17,NEU,not ironic,
22948835,6459,6459,1.836127414990312e+18,2024-09-17,NEG,ironic,
22948836,6460,6460,1.8361274146922327e+18,2024-09-17,NEU,ironic,
22948837,6461,6461,1.83612741457093e+18,2024-09-17,NEG,not ironic,
22948838,6462,6462,1.8361274131487951e+18,2024-09-17,NEU,not ironic,
22948839,6463,6463,1.8361274120456847e+18,2024-09-17,NEU,ironic,
22948840,6464,6464,1.8361274098269348e+18,2024-09-17,NEG,ironic,
22948841,6465,6465,1.83612740981427e+18,2024-09-17,NEG,ironic,
22948842,6466,6466,1.8361274092147548e+18,2024-09-17,NEG,ironic,
22948843,6467,6467,1.8361274054144328e+18,2024-09-17,NEG,ironic,
22948844,6468,6468,1.83612740535158e+18,2024-09-17,NEG,not ironic,
22948845,6469,6469,1.8361274052763405e+18,2024-09-17,NEU,not ironic,
22948846,6470,6470,1.836127404189979e+18,2024-09-17,NEU,not ironic,
22948847,6471,6471,1.836127402369467e+18,2024-09-17,NEG,ironic,
22948848,6472,6472,1.836127402050884e+18,2024-09-17,NEG,not ironic,
22948849,6473,6473,1.8361274017234616e+18,2024-09-17,NEG,ironic,
22948850,6474,6474,1.8361274006161567e+18,2024-09-17,NEU,not ironic,
22948851,6475,6475,1.836127399596974e+18,2024-09-17,NEU,not ironic,
22948852,6476,6476,1.8361273985609403e+18,2024-09-17,NEG,ironic,
22948853,6477,6477,1.8361273982589788e+18,2024-09-17,NEU,ironic,
22948854,6478,6478,1.8361273980954752e+18,2024-09-17,POS,not ironic,
22948855,6479,6479,1.8361273978102536e+18,2024-09-17,NEG,not ironic,
22948856,6480,6480,1.836127396552152e+18,2024-09-17,NEU,not ironic,
22948857,6481,6481,1.8361273963128632e+18,2024-09-17,POS,ironic,
22948858,6482,6482,1.8361273959605496e+18,2024-09-17,NEG,ironic,
22948859,6483,6483,1.8361273951638528e+18,2024-09-17,NEG,ironic,
22948860,6484,6484,1.8361273949706363e+18,2024-09-17,POS,not ironic,
22948861,6485,6485,1.836127392571544e+18,2024-09-17,NEU,not ironic,
22948862,6486,6486,1.83612739162778e+18,2024-09-17,NEG,not ironic,
22948863,6487,6487,1.8361273916194647e+18,2024-09-17,NEG,ironic,
22948864,6488,6488,1.8361273870017208e+18,2024-09-17,NEG,not ironic,
22948865,6489,6489,1.836127386028421e+18,2024-09-17,NEU,not ironic,
22948866,6490,6490,1.8361273847410483e+18,2024-09-17,NEG,ironic,
22948867,6491,6491,1.8361273840070208e+18,2024-09-17,NEU,not ironic,
22948868,6492,6492,1.8361273839063245e+18,2024-09-17,NEG,ironic,
22948869,6493,6493,1.8361273819727752e+18,2024-09-17,NEG,ironic,
22948870,6494,6494,1.8361273816788585e+18,2024-09-17,NEG,not ironic,
22948871,6495,6495,1.8361273804585784e+18,2024-09-17,NEU,not ironic,
22948872,6496,6496,1.8361273791290127e+18,2024-09-17,NEU,ironic,
22948873,6497,6497,1.836127378663236e+18,2024-09-17,NEU,not ironic,
22948874,6498,6498,1.8361273779840084e+18,2024-09-17,NEU,not ironic,
22948875,6499,6499,1.836127377224786e+18,2024-09-17,NEG,not ironic,
22948876,6500,6500,1.8361273766960497e+18,2024-09-17,NEG,ironic,
22948877,6501,6501,1.8361273765327383e+18,2024-09-17,NEU,ironic,
22948878,6502,6502,1.836127374192108e+18,2024-09-17,NEU,not ironic,
22948879,6503,6503,1.8361273699725967e+18,2024-09-17,POS,ironic,
22948880,6504,6504,1.836127369305752e+18,2024-09-17,NEU,not ironic,
22948881,6505,6505,1.836127369116955e+18,2024-09-17,NEU,not ironic,
22948882,6506,6506,1.8361273689326228e+18,2024-09-17,NEG,ironic,
22948883,6507,6507,1.8361273669023503e+18,2024-09-17,NEU,not ironic,
22948884,6508,6508,1.8361273651577856e+18,2024-09-17,NEG,ironic,
22948885,6509,6509,1.8361273646334976e+18,2024-09-17,POS,not ironic,
22948886,6510,6510,1.8361273642977733e+18,2024-09-17,POS,not ironic,
22948887,6511,6511,1.836127363026887e+18,2024-09-17,NEU,ironic,
22948888,6512,6512,1.8361273625529308e+18,2024-09-17,NEU,ironic,
22948889,6513,6513,1.836127361663931e+18,2024-09-17,NEG,ironic,
22948890,6514,6514,1.8361273586189112e+18,2024-09-17,NEU,not ironic,
22948891,6515,6515,1.836127357423473e+18,2024-09-17,NEU,ironic,
22948892,6516,6516,1.8361273572051848e+18,2024-09-17,NEU,not ironic,
22948893,6517,6517,1.836127357133898e+18,2024-09-17,NEU,ironic,
22948894,6518,6518,1.836127355758158e+18,2024-09-17,POS,not ironic,
22948895,6519,6519,1.836127355305444e+18,2024-09-17,NEU,not ironic,
22948896,6520,6520,1.836127354671772e+18,2024-09-17,NEG,not ironic,
22948897,6521,6521,1.8361273521594573e+18,2024-09-17,POS,not ironic,
22948898,6522,6522,1.8361273507964887e+18,2024-09-17,NEG,ironic,
22948899,6523,6523,1.836127349739316e+18,2024-09-17,NEG,not ironic,
22948900,6524,6524,1.8361273495086449e+18,2024-09-17,NEU,ironic,
22948901,6525,6525,1.8361273490138808e+18,2024-09-17,POS,not ironic,
22948902,6526,6526,1.8361273467029007e+18,2024-09-17,NEG,not ironic,
22948903,6527,6527,1.8361273454316751e+18,2024-09-17,NEG,not ironic,
22948904,6528,6528,1.8361273434814305e+18,2024-09-17,NEG,not ironic,
22948905,6529,6529,1.8361273429696883e+18,2024-09-17,NEU,not ironic,
22948906,6530,6530,1.83612734294456e+18,2024-09-17,NEU,ironic,
22948907,6531,6531,1.836127342730552e+18,2024-09-17,NEU,not ironic,
22948908,6532,6532,1.8361273410947848e+18,2024-09-17,NEG,not ironic,
22948909,6533,6533,1.8361273401636457e+18,2024-09-17,NEG,ironic,
22948910,6534,6534,1.836127339777794e+18,2024-09-17,NEG,not ironic,
22948911,6535,6535,1.836127339467645e+18,2024-09-17,NEG,not ironic,
22948912,6536,6536,1.8361273389850465e+18,2024-09-17,POS,ironic,
22948913,6537,6537,1.8361273384188275e+18,2024-09-17,NEU,ironic,
22948914,6538,6538,1.8361273350426831e+18,2024-09-17,NEU,not ironic,
22948915,6539,6539,1.836127333004252e+18,2024-09-17,NEG,ironic,
22948916,6540,6540,1.8361273319976184e+18,2024-09-17,NEU,not ironic,
22948917,6541,6541,1.8361273305757527e+18,2024-09-17,POS,ironic,
22948918,6542,6542,1.8361273290196623e+18,2024-09-17,NEG,not ironic,
22948919,6543,6543,1.8361273287299648e+18,2024-09-17,POS,not ironic,
22948920,6544,6544,1.8361273277404e+18,2024-09-17,POS,not ironic,
22948921,6545,6545,1.836127326847013e+18,2024-09-17,NEG,not ironic,
22948922,6546,6546,1.836127326280528e+18,2024-09-17,NEU,not ironic,
22948923,6547,6547,1.8361273242507387e+18,2024-09-17,NEG,not ironic,
22948924,6548,6548,1.8361273240701583e+18,2024-09-17,NEG,ironic,
22948925,6549,6549,1.8361273240408023e+18,2024-09-17,NEG,not ironic,
22948926,6550,6550,1.8361273233237967e+18,2024-09-17,NEG,not ironic,
22948927,6551,6551,1.836127323214746e+18,2024-09-17,POS,ironic,
22948928,6552,6552,1.836127322904134e+18,2024-09-17,NEG,not ironic,
22948929,6553,6553,1.836127322854036e+18,2024-09-17,POS,ironic,
22948930,6554,6554,1.83612732196044e+18,2024-09-17,NEG,ironic,
22948931,6555,6555,1.836127321679348e+18,2024-09-17,NEG,ironic,
22948932,6556,6556,1.8361273188482504e+18,2024-09-17,NEG,not ironic,
22948933,6557,6557,1.836127317212689e+18,2024-09-17,NEG,ironic,
22948934,6558,6558,1.8361273171246607e+18,2024-09-17,NEG,not ironic,
22948935,6559,6559,1.836127315979321e+18,2024-09-17,NEU,not ironic,
22948936,6560,6560,1.836127314968744e+18,2024-09-17,NEU,not ironic,
22948937,6561,6561,1.836127314779796e+18,2024-09-17,NEU,ironic,
22948938,6562,6562,1.8361273131817367e+18,2024-09-17,POS,not ironic,
22948939,6563,6563,1.8361273131358328e+18,2024-09-17,NEU,not ironic,
22948940,6564,6564,1.836127312280196e+18,2024-09-17,NEU,not ironic,
22948941,6565,6565,1.83612731144104e+18,2024-09-17,NEU,not ironic,
22948942,6566,6566,1.83612731137842e+18,2024-09-17,NEU,ironic,
22948943,6567,6567,1.8361273106357617e+18,2024-09-17,POS,not ironic,
22948944,6568,6568,1.8361273100988664e+18,2024-09-17,POS,not ironic,
22948945,6569,6569,1.8361273072929167e+18,2024-09-17,NEG,not ironic,
22948946,6570,6570,1.83612730662602e+18,2024-09-17,POS,ironic,
22948947,6571,6571,1.836127304986362e+18,2024-09-17,NEG,ironic,
22948948,6572,6572,1.8361273048267e+18,2024-09-17,POS,ironic,
22948950,6574,6574,1.8361273042900457e+18,2024-09-17,NEU,not ironic,
22948951,6575,6575,1.836127303048328e+18,2024-09-17,NEU,not ironic,
22948952,6576,6576,1.8361273007833336e+18,2024-09-17,POS,not ironic,
22948953,6577,6577,1.836127300703736e+18,2024-09-17,POS,ironic,
22948954,6578,6578,1.8361272995167112e+18,2024-09-17,NEG,not ironic,
22948955,6579,6579,1.8361272993279304e+18,2024-09-17,NEG,ironic,
22948956,6580,6580,1.836127298715816e+18,2024-09-17,NEU,not ironic,
22948957,6581,6581,1.836127297792844e+18,2024-09-17,NEU,ironic,
22948958,6582,6582,1.8361272954440704e+18,2024-09-17,NEU,not ironic,
22948959,6583,6583,1.8361272943996032e+18,2024-09-17,NEU,not ironic,
22948960,6584,6584,1.8361272933303296e+18,2024-09-17,NEG,ironic,
22948961,6585,6585,1.8361272920466803e+18,2024-09-17,NEG,ironic,
22948962,6586,6586,1.8361272912916275e+18,2024-09-17,NEU,ironic,
22948963,6587,6587,1.8361272908347187e+18,2024-09-17,NEG,not ironic,
22948964,6588,6588,1.836127288330536e+18,2024-09-17,NEU,ironic,
22948965,6589,6589,1.8361272869337743e+18,2024-09-17,NEU,not ironic,
22948966,6590,6590,1.836127286271316e+18,2024-09-17,NEG,not ironic,
22948967,6591,6591,1.8361272850885225e+18,2024-09-17,NEU,ironic,
22948968,6592,6592,1.8361272817118456e+18,2024-09-17,NEG,ironic,
22948969,6593,6593,1.836127281548264e+18,2024-09-17,NEU,ironic,
22948972,6596,6596,1.8361272782643896e+18,2024-09-17,NEU,not ironic,
22948973,6597,6597,1.836127278016672e+18,2024-09-17,POS,not ironic,
22948974,6598,6598,1.8361272778744013e+18,2024-09-17,NEU,not ironic,
22948975,6599,6599,1.8361272773413888e+18,2024-09-17,NEG,not ironic,
22948976,6600,6600,1.836127274988356e+18,2024-09-17,NEG,not ironic,
22948977,6601,6601,1.8361272748544205e+18,2024-09-17,NEU,not ironic,
22948978,6602,6602,1.8361272747409613e+18,2024-09-17,POS,ironic,
22948979,6603,6603,1.836127274548216e+18,2024-09-17,NEU,not ironic,
22948980,6604,6604,1.8361272737009871e+18,2024-09-17,NEU,not ironic,
22948981,6605,6605,1.836127273507791e+18,2024-09-17,NEU,ironic,
22948982,6606,6606,1.83612727306322e+18,2024-09-17,NEG,not ironic,
22948984,6608,6608,1.8361272717548751e+18,2024-09-17,NEG,not ironic,
22948985,6609,6609,1.8361272712809065e+18,2024-09-17,NEU,not ironic,
22948986,6610,6610,1.8361272704000696e+18,2024-09-17,NEG,ironic,
22948987,6611,6611,1.836127269401842e+18,2024-09-17,NEU,ironic,
22948988,6612,6612,1.8361272683991e+18,2024-09-17,NEG,not ironic,
22948989,6613,6613,1.8361272667887744e+18,2024-09-17,NEU,not ironic,
22948991,6615,6615,1.836127265933136e+18,2024-09-17,NEG,ironic,
22948992,6616,6616,1.8361272630094072e+18,2024-09-17,NEG,not ironic,
22948993,6617,6617,1.836127262477009e+18,2024-09-17,NEU,not ironic,
22948994,6618,6618,1.83612726246004e+18,2024-09-17,NEU,not ironic,
22948995,6619,6619,1.836127261721789e+18,2024-09-17,NEG,ironic,
22948996,6620,6620,1.8361272603292672e+18,2024-09-17,NEG,ironic,
22948997,6621,6621,1.836127259909882e+18,2024-09-17,NEG,ironic,
22948998,6622,6622,1.8361272592180475e+18,2024-09-17,NEG,not ironic,
22948999,6623,6623,1.836127258823791e+18,2024-09-17,NEG,not ironic,
22949000,6624,6624,1.8361272586683064e+18,2024-09-17,NEU,not ironic,
22949001,6625,6625,1.8361272552209487e+18,2024-09-17,NEU,not ironic,
22949002,6626,6626,1.8361272547130767e+18,2024-09-17,NEU,not ironic,
22949003,6627,6627,1.8361272542014385e+18,2024-09-17,NEG,not ironic,
22949004,6628,6628,1.8361272539455693e+18,2024-09-17,NEG,not ironic,
22949005,6629,6629,1.8361272536438257e+18,2024-09-17,NEU,not ironic,
22949007,6631,6631,1.836127252775313e+18,2024-09-17,NEG,ironic,
22949008,6632,6632,1.8361272520877384e+18,2024-09-17,NEU,not ironic,
22949009,6633,6633,1.836127250179036e+18,2024-09-17,NEG,ironic,
22949010,6634,6634,1.8361272494954665e+18,2024-09-17,POS,ironic,
22949011,6635,6635,1.8361272494495624e+18,2024-09-17,NEU,ironic,
22949012,6636,6636,1.836127248879096e+18,2024-09-17,NEU,ironic,
22949013,6637,6637,1.8361272477002547e+18,2024-09-17,NEG,ironic,
22949014,6638,6638,1.8361272471342656e+18,2024-09-17,NEG,ironic,
22949015,6639,6639,1.836127246807106e+18,2024-09-17,NEG,not ironic,
22949016,6640,6640,1.836127245011948e+18,2024-09-17,NEU,not ironic,
22949017,6641,6641,1.836127244684505e+18,2024-09-17,NEU,not ironic,
22949018,6642,6642,1.836127244269556e+18,2024-09-17,NEG,not ironic,
22949019,6643,6643,1.8361272441982523e+18,2024-09-17,NEG,ironic,
22949020,6644,6644,1.836127243942138e+18,2024-09-17,NEG,not ironic,
22949021,6645,6645,1.836127239987172e+18,2024-09-17,POS,ironic,
22949022,6646,6646,1.8361272384478607e+18,2024-09-17,NEG,ironic,
22949023,6647,6647,1.83612723842662e+18,2024-09-17,NEU,ironic,
22949024,6648,6648,1.836127238330184e+18,2024-09-17,NEG,not ironic,
22949025,6649,6649,1.8361272367279885e+18,2024-09-17,NEU,not ironic,
22949026,6650,6650,1.836127235969012e+18,2024-09-17,NEG,ironic,
22949028,6652,6652,1.8361272358683648e+18,2024-09-17,NEG,ironic,
22949030,6654,6654,1.836127234437924e+18,2024-09-17,NEU,not ironic,
22949031,6655,6655,1.836127233750008e+18,2024-09-17,NEG,not ironic,
22949032,6656,6656,1.8361272334524457e+18,2024-09-17,NEU,not ironic,
22949033,6657,6657,1.836127232953135e+18,2024-09-17,NEU,not ironic,
22949034,6658,6658,1.8361272314641528e+18,2024-09-17,NEG,ironic,
22949035,6659,6659,1.836127231015604e+18,2024-09-17,NEG,ironic,
22949036,6660,6660,1.8361272292329395e+18,2024-09-17,NEG,ironic,
22949037,6661,6661,1.836127229031376e+18,2024-09-17,NEG,ironic,
22949038,6662,6662,1.8361272286247977e+18,2024-09-17,POS,not ironic,
22949040,6664,6664,1.836127226485416e+18,2024-09-17,NEU,ironic,
22949041,6665,6665,1.8361272259947564e+18,2024-09-17,NEU,not ironic,
22949042,6666,6666,1.836127225889915e+18,2024-09-17,NEG,not ironic,
22949043,6667,6667,1.8361272255584712e+18,2024-09-17,NEG,ironic,
22949044,6668,6668,1.836127223780356e+18,2024-09-17,POS,ironic,
22949045,6669,6669,1.836127223608189e+18,2024-09-17,NEU,not ironic,
22949046,6670,6670,1.8361272192840827e+18,2024-09-17,NEG,not ironic,
22949047,6671,6671,1.8361272191708408e+18,2024-09-17,NEU,ironic,
22949048,6672,6672,1.836127218600428e+18,2024-09-17,NEU,ironic,
22949049,6673,6673,1.836127216247128e+18,2024-09-17,NEG,not ironic,
22949050,6674,6674,1.8361272148294487e+18,2024-09-17,NEU,not ironic,
22949051,6675,6675,1.8361272138228657e+18,2024-09-17,NEG,not ironic,
22949052,6676,6676,1.836127213328175e+18,2024-09-17,NEU,not ironic,
22949053,6677,6677,1.83612720907067e+18,2024-09-17,NEG,not ironic,
22949054,6678,6678,1.8361272090164308e+18,2024-09-17,NEG,ironic,
22949055,6679,6679,1.8361272073468887e+18,2024-09-17,NEG,not ironic,
22949056,6680,6680,1.8361272071497687e+18,2024-09-17,POS,ironic,
22949057,6681,6681,1.836127207020016e+18,2024-09-17,NEG,ironic,
22949058,6682,6682,1.8361272065166257e+18,2024-09-17,NEG,not ironic,
22949059,6683,6683,1.8361272065082248e+18,2024-09-17,NEG,not ironic,
22949060,6684,6684,1.836127205941969e+18,2024-09-17,POS,not ironic,
22949061,6685,6685,1.836127205908226e+18,2024-09-17,NEU,not ironic,
22949062,6686,6686,1.836127205560116e+18,2024-09-17,POS,ironic,
22949063,6687,6687,1.8361272038491087e+18,2024-09-17,NEG,not ironic,
22949064,6688,6688,1.8361272026324047e+18,2024-09-17,NEU,not ironic,
22949065,6689,6689,1.8361272013196288e+18,2024-09-17,POS,ironic,
22949066,6690,6690,1.83612720081218e+18,2024-09-17,NEG,not ironic,
22949067,6691,6691,1.836127200082563e+18,2024-09-17,NEG,ironic,
22949068,6692,6692,1.836127198320943e+18,2024-09-17,NEU,ironic,
22949069,6693,6693,1.8361271978718945e+18,2024-09-17,NEG,not ironic,
22949070,6694,6694,1.836127197222012e+18,2024-09-17,NEU,not ironic,
22949071,6695,6695,1.8361271948732367e+18,2024-09-17,POS,not ironic,
22949072,6696,6696,1.836127194818712e+18,2024-09-17,NEG,not ironic,
22949073,6697,6697,1.8361271922976568e+18,2024-09-17,NEG,ironic,
22949074,6698,6698,1.836127191987352e+18,2024-09-17,POS,not ironic,
22949075,6699,6699,1.836127191819588e+18,2024-09-17,NEG,ironic,
22949076,6700,6700,1.8361271901501893e+18,2024-09-17,NEU,not ironic,
22949077,6701,6701,1.836127189332562e+18,2024-09-17,NEU,ironic,
22949078,6702,6702,1.836127187369628e+18,2024-09-17,NEG,ironic,
22949079,6703,6703,1.836127185750356e+18,2024-09-17,POS,ironic,
22949080,6704,6704,1.8361271851508408e+18,2024-09-17,NEG,not ironic,
22949081,6705,6705,1.8361271849285432e+18,2024-09-17,NEU,not ironic,
22949082,6706,6706,1.8361271833722025e+18,2024-09-17,NEG,ironic,
22949083,6707,6707,1.8361271813546967e+18,2024-09-17,NEG,not ironic,
22949084,6708,6708,1.8361271809313715e+18,2024-09-17,NEG,ironic,
22949085,6709,6709,1.8361271780163256e+18,2024-09-17,NEG,not ironic,
22949086,6710,6710,1.8361271773074924e+18,2024-09-17,NEU,not ironic,
22949087,6711,6711,1.8361271771607488e+18,2024-09-17,NEG,not ironic,
22949088,6712,6712,1.836127176355148e+18,2024-09-17,NEG,ironic,
22949089,6713,6713,1.8361271762712904e+18,2024-09-17,NEG,not ironic,
22949090,6714,6714,1.8361271762631112e+18,2024-09-17,NEU,not ironic,
22949091,6715,6715,1.836127175910789e+18,2024-09-17,POS,ironic,
22949092,6716,6716,1.8361271758688463e+18,2024-09-17,NEG,not ironic,
22949093,6717,6717,1.836127175851889e+18,2024-09-17,NEG,not ironic,
22949094,6718,6718,1.8361271735787973e+18,2024-09-17,NEG,not ironic,
22949095,6719,6719,1.8361271733312927e+18,2024-09-17,POS,ironic,
22949097,6721,6721,1.8361271719933747e+18,2024-09-17,NEG,ironic,
22949098,6722,6722,1.836127171099951e+18,2024-09-17,NEU,not ironic,
22949099,6723,6723,1.8361271696151388e+18,2024-09-17,NEU,not ironic,
22949100,6724,6724,1.836127168251704e+18,2024-09-17,NEU,ironic,
22949101,6725,6725,1.8361271681471324e+18,2024-09-17,NEU,not ironic,
22949102,6726,6726,1.836127167345816e+18,2024-09-17,NEG,ironic,
22949103,6727,6727,1.83612716541243e+18,2024-09-17,NEU,not ironic,
22949104,6728,6728,1.8361271636593088e+18,2024-09-17,NEG,not ironic,
22949105,6729,6729,1.8361271631263007e+18,2024-09-17,NEU,not ironic,
22949106,6730,6730,1.8361271617844224e+18,2024-09-17,NEG,ironic,
22949107,6731,6731,1.8361271591752376e+18,2024-09-17,NEU,not ironic,
22949108,6732,6732,1.836127159154545e+18,2024-09-17,NEG,not ironic,
22949109,6733,6733,1.8361271584705905e+18,2024-09-17,NEG,not ironic,
22949110,6734,6734,1.8361271582947123e+18,2024-09-17,NEG,ironic,
22949111,6735,6735,1.8361271582024663e+18,2024-09-17,NEU,ironic,
22949112,6736,6736,1.836127157866652e+18,2024-09-17,POS,ironic,
22949113,6737,6737,1.836127155484529e+18,2024-09-17,NEG,not ironic,
22949114,6738,6738,1.8361271550480305e+18,2024-09-17,POS,ironic,
22949115,6739,6739,1.8361271549558377e+18,2024-09-17,NEG,not ironic,
22949116,6740,6740,1.8361271544818767e+18,2024-09-17,NEU,ironic,
22949117,6741,6741,1.8361271544653704e+18,2024-09-17,NEG,ironic,
22949118,6742,6742,1.836127153433514e+18,2024-09-17,POS,ironic,
22949119,6743,6743,1.8361271520326167e+18,2024-09-17,NEG,not ironic,
22949120,6744,6744,1.836127151403471e+18,2024-09-17,NEU,not ironic,
22949121,6745,6745,1.836127149637416e+18,2024-09-17,NEG,ironic,
22949122,6746,6746,1.836127149603922e+18,2024-09-17,NEG,ironic,
22949123,6747,6747,1.8361271470120348e+18,2024-09-17,NEG,not ironic,
22949124,6748,6748,1.836127146839864e+18,2024-09-17,NEG,ironic,
22949125,6749,6749,1.8361271466304105e+18,2024-09-17,NEU,not ironic,
22949126,6750,6750,1.8361271456614687e+18,2024-09-17,NEG,not ironic,
22949127,6751,6751,1.836127145627705e+18,2024-09-17,NEG,not ironic,
22949129,6753,6753,1.8361271443610007e+18,2024-09-17,NEG,not ironic,
22949130,6754,6754,1.836127143715099e+18,2024-09-17,NEU,not ironic,
22949131,6755,6755,1.8361271425407263e+18,2024-09-17,POS,not ironic,
22949132,6756,6756,1.8361271422011315e+18,2024-09-17,NEG,ironic,
22949133,6757,6757,1.836127141496312e+18,2024-09-17,NEU,ironic,
22949134,6758,6758,1.8361271400117407e+18,2024-09-17,POS,not ironic,
22949135,6759,6759,1.8361271386986373e+18,2024-09-17,NEU,not ironic,
22949137,6761,6761,1.8361271378975872e+18,2024-09-17,NEU,ironic,
22949138,6762,6762,1.836127137574568e+18,2024-09-17,NEG,ironic,
22949139,6763,6763,1.8361271370335027e+18,2024-09-17,POS,ironic,
22949140,6764,6764,1.836127136572412e+18,2024-09-17,NEG,ironic,
22949141,6765,6765,1.8361271360059067e+18,2024-09-17,NEG,ironic,
22949142,6766,6766,1.8361271337706537e+18,2024-09-17,NEG,ironic,
22949143,6767,6767,1.836127133703316e+18,2024-09-17,NEG,not ironic,
22949144,6768,6768,1.8361271321390533e+18,2024-09-17,NEG,ironic,
22949145,6769,6769,1.8361271299034644e+18,2024-09-17,NEG,not ironic,
22949146,6770,6770,1.8361271284354248e+18,2024-09-17,NEG,not ironic,
22949147,6771,6771,1.836127128175416e+18,2024-09-17,NEG,not ironic,
22949148,6772,6772,1.8361271269923308e+18,2024-09-17,NEU,not ironic,
22949149,6773,6773,1.836127126119936e+18,2024-09-17,NEG,not ironic,
22949150,6774,6774,1.8361271259227791e+18,2024-09-17,POS,not ironic,
22949151,6775,6775,1.8361271250842127e+18,2024-09-17,NEU,not ironic,
22949152,6776,6776,1.8361271248406776e+18,2024-09-17,POS,not ironic,
22949153,6777,6777,1.8361271245431688e+18,2024-09-17,NEG,not ironic,
22949154,6778,6778,1.8361271237797847e+18,2024-09-17,NEG,not ironic,
22949155,6779,6779,1.836127123347772e+18,2024-09-17,NEU,not ironic,
22949156,6780,6780,1.836127123171611e+18,2024-09-17,NEG,ironic,
22949157,6781,6781,1.8361271223869847e+18,2024-09-17,NEG,not ironic,
22949158,6782,6782,1.836127122269848e+18,2024-09-17,NEG,not ironic,
22949159,6783,6783,1.8361271221731208e+18,2024-09-17,NEG,ironic,
22949160,6784,6784,1.83612712191753e+18,2024-09-17,NEU,not ironic,
22949161,6785,6785,1.8361271218627087e+18,2024-09-17,NEG,not ironic,
22949162,6786,6786,1.8361271217287823e+18,2024-09-17,NEG,ironic,
22949163,6787,6787,1.8361271214561408e+18,2024-09-17,NEU,not ironic,
22949164,6788,6788,1.836127120004912e+18,2024-09-17,NEG,ironic,
22949165,6789,6789,1.836127119685924e+18,2024-09-17,NEU,not ironic,
22949166,6790,6790,1.8361271194426248e+18,2024-09-17,NEG,ironic,
22949167,6791,6791,1.83612711926252e+18,2024-09-17,NEG,ironic,
22949168,6792,6792,1.83612711871284e+18,2024-09-17,NEG,not ironic,
22949169,6793,6793,1.836127118654424e+18,2024-09-17,NEU,ironic,
22949170,6794,6794,1.8361271179368407e+18,2024-09-17,POS,ironic,
22949171,6795,6795,1.8361271173329224e+18,2024-09-17,POS,not ironic,
22949172,6796,6796,1.8361271146403963e+18,2024-09-17,NEG,not ironic,
22949173,6797,6797,1.836127111637284e+18,2024-09-17,NEG,not ironic,
22949174,6798,6798,1.83612711142756e+18,2024-09-17,NEG,not ironic,
22949175,6799,6799,1.8361271107310715e+18,2024-09-17,NEU,ironic,
22949176,6800,6800,1.8361271094265777e+18,2024-09-17,NEG,not ironic,
22949177,6801,6801,1.8361271088101128e+18,2024-09-17,NEU,not ironic,
22949178,6802,6802,1.8361271075730268e+18,2024-09-17,NEU,not ironic,
22949179,6803,6803,1.8361271063731727e+18,2024-09-17,NEG,not ironic,
22949180,6804,6804,1.8361271063227924e+18,2024-09-17,NEG,ironic,
22949181,6805,6805,1.8361271054294185e+18,2024-09-17,NEU,not ironic,
22949182,6806,6806,1.8361271024223524e+18,2024-09-17,NEG,not ironic,
22949183,6807,6807,1.8361271011973773e+18,2024-09-17,NEU,ironic,
22949184,6808,6808,1.83612710075696e+18,2024-09-17,NEU,ironic,
22949185,6809,6809,1.8361270989743885e+18,2024-09-17,NEU,not ironic,
22949186,6810,6810,1.8361270983956155e+18,2024-09-17,NEG,not ironic,
22949187,6811,6811,1.8361270980391447e+18,2024-09-17,NEU,not ironic,
22949188,6812,6812,1.836127097074619e+18,2024-09-17,NEU,not ironic,
22949190,6814,6814,1.8361270964622828e+18,2024-09-17,NEG,ironic,
22949191,6815,6815,1.836127096038449e+18,2024-09-17,NEG,ironic,
22949192,6816,6816,1.8361270941134728e+18,2024-09-17,NEG,not ironic,
22949193,6817,6817,1.83612709366442e+18,2024-09-17,POS,ironic,
22949194,6818,6818,1.836127093328896e+18,2024-09-17,NEG,not ironic,
22949195,6819,6819,1.836127093228475e+18,2024-09-17,NEG,not ironic,
22949196,6820,6820,1.836127092888445e+18,2024-09-17,NEG,not ironic,
22949197,6821,6821,1.8361270923474084e+18,2024-09-17,NEG,ironic,
22949198,6822,6822,1.8361270919741688e+18,2024-09-17,POS,not ironic,
22949199,6823,6823,1.836127091093332e+18,2024-09-17,NEG,ironic,
22949200,6824,6824,1.836127088136332e+18,2024-09-17,NEG,ironic,
22949201,6825,6825,1.836127087213904e+18,2024-09-17,NEG,ironic,
22949202,6826,6826,1.8361270866305928e+18,2024-09-17,NEU,not ironic,
22949203,6827,6827,1.8361270859049697e+18,2024-09-17,NEU,not ironic,
22949204,6828,6828,1.8361270852802683e+18,2024-09-17,NEG,ironic,
22949205,6829,6829,1.8361270851668047e+18,2024-09-17,NEU,not ironic,
22949206,6830,6830,1.8361270848773164e+18,2024-09-17,NEU,ironic,
22949207,6831,6831,1.8361270841478065e+18,2024-09-17,NEU,not ironic,
22949208,6832,6832,1.8361270839339748e+18,2024-09-17,NEG,not ironic,
22949209,6833,6833,1.8361270824950213e+18,2024-09-17,NEG,ironic,
22949211,6835,6835,1.836127081631188e+18,2024-09-17,NEG,not ironic,
22949212,6836,6836,1.8361270798863936e+18,2024-09-17,NEG,not ironic,
22949213,6837,6837,1.8361270793243569e+18,2024-09-17,NEG,not ironic,
22949214,6838,6838,1.8361270777389097e+18,2024-09-17,NEU,not ironic,
22949215,6839,6839,1.836127077596304e+18,2024-09-17,NEG,ironic,
22949216,6840,6840,1.836127076635612e+18,2024-09-17,NEU,ironic,
22949217,6841,6841,1.8361270754275533e+18,2024-09-17,NEG,not ironic,
22949218,6842,6842,1.8361270752181327e+18,2024-09-17,NEU,ironic,
22949219,6843,6843,1.8361270738673167e+18,2024-09-17,POS,ironic,
22949220,6844,6844,1.8361270709944689e+18,2024-09-17,NEG,ironic,
22949222,6846,6846,1.8361270690732529e+18,2024-09-17,NEG,ironic,
22949223,6847,6847,1.836127068691604e+18,2024-09-17,NEG,ironic,
22949225,6849,6849,1.8361270675635569e+18,2024-09-17,NEG,ironic,
22949226,6850,6850,1.836127066967692e+18,2024-09-17,NEG,not ironic,
22949227,6851,6851,1.8361270669259945e+18,2024-09-17,NEU,ironic,
22949228,6852,6852,1.8361270660787448e+18,2024-09-17,NEG,not ironic,
22949229,6853,6853,1.8361270651769733e+18,2024-09-17,NEG,not ironic,
22949230,6854,6854,1.836127064434332e+18,2024-09-17,NEG,not ironic,
22949231,6855,6855,1.8361270642290568e+18,2024-09-17,NEU,not ironic,
22949232,6856,6856,1.836127063327281e+18,2024-09-17,NEG,not ironic,
22949233,6857,6857,1.8361270615821888e+18,2024-09-17,POS,ironic,
22949234,6858,6858,1.8361270603868244e+18,2024-09-17,NEU,not ironic,
22949235,6859,6859,1.836127059799872e+18,2024-09-17,NEU,not ironic,
22949236,6860,6860,1.83612705964866e+18,2024-09-17,NEU,not ironic,
22949237,6861,6861,1.8361270573081684e+18,2024-09-17,POS,ironic,
22949238,6862,6862,1.8361270572662863e+18,2024-09-17,NEG,not ironic,
22949239,6863,6863,1.8361270570526024e+18,2024-09-17,POS,ironic,
22949240,6864,6864,1.836127056515756e+18,2024-09-17,NEG,ironic,
22949241,6865,6865,1.8361270562724288e+18,2024-09-17,POS,not ironic,
22949242,6866,6866,1.836127055962084e+18,2024-09-17,NEG,not ironic,
22949243,6867,6867,1.8361270546364367e+18,2024-09-17,NEU,not ironic,
22949244,6868,6868,1.8361270535839168e+18,2024-09-17,NEU,ironic,
22949245,6869,6869,1.8361270505472369e+18,2024-09-17,NEU,not ironic,
22949246,6870,6870,1.8361270503456888e+18,2024-09-17,NEU,not ironic,
22949247,6871,6871,1.8361270469524887e+18,2024-09-17,POS,not ironic,
22949248,6872,6872,1.8361270464953137e+18,2024-09-17,NEG,ironic,
22949249,6873,6873,1.836127046055216e+18,2024-09-17,NEG,ironic,
22949250,6874,6874,1.8361270458160543e+18,2024-09-17,NEG,not ironic,
22949252,6876,6876,1.836127043286897e+18,2024-09-17,POS,not ironic,
22949253,6877,6877,1.8361270431526792e+18,2024-09-17,NEG,not ironic,
22949254,6878,6878,1.836127042242277e+18,2024-09-17,NEG,ironic,
22949256,6880,6880,1.836127040077976e+18,2024-09-17,NEU,ironic,
22949257,6881,6881,1.8361270393146125e+18,2024-09-17,NEU,not ironic,
22949258,6882,6882,1.83612703860186e+18,2024-09-17,NEG,not ironic,
22949259,6883,6883,1.836127038027215e+18,2024-09-17,NEG,not ironic,
22949260,6884,6884,1.836127037419065e+18,2024-09-17,NEG,not ironic,
22949261,6885,6885,1.83612703395852e+18,2024-09-17,NEG,not ironic,
22949262,6886,6886,1.836127033384145e+18,2024-09-17,NEU,not ironic,
22949263,6887,6887,1.8361270327843635e+18,2024-09-17,NEG,not ironic,
22949264,6888,6888,1.8361270321381376e+18,2024-09-17,NEG,not ironic,
22949265,6889,6889,1.836127031290983e+18,2024-09-17,NEG,not ironic,
22949266,6890,6890,1.836127030238417e+18,2024-09-17,NEG,ironic,
22949267,6891,6891,1.836127028061573e+18,2024-09-17,NEU,not ironic,
22949268,6892,6892,1.8361270277467057e+18,2024-09-17,NEG,not ironic,
22949269,6893,6893,1.8361270266648696e+18,2024-09-17,NEU,not ironic,
22949270,6894,6894,1.836127026207404e+18,2024-09-17,POS,not ironic,
22949271,6895,6895,1.8361270260650844e+18,2024-09-17,NEG,ironic,
22949272,6896,6896,1.8361270244376945e+18,2024-09-17,NEG,ironic,
22949273,6897,6897,1.8361270238460032e+18,2024-09-17,NEG,not ironic,
22949274,6898,6898,1.8361270231833848e+18,2024-09-17,NEG,not ironic,
22949275,6899,6899,1.8361270228396813e+18,2024-09-17,NEG,ironic,
22949276,6900,6900,1.8361270210067533e+18,2024-09-17,NEG,not ironic,
22949277,6901,6901,1.8361270188590817e+18,2024-09-17,NEG,not ironic,
22949278,6902,6902,1.8361270181249843e+18,2024-09-17,NEU,not ironic,
22949279,6903,6903,1.836127017768452e+18,2024-09-17,NEG,ironic,
22949280,6904,6904,1.8361270175840097e+18,2024-09-17,NEG,ironic,
22949281,6905,6905,1.8361270167411387e+18,2024-09-17,NEG,ironic,
22949282,6906,6906,1.8361270153654725e+18,2024-09-17,NEG,not ironic,
22949283,6907,6907,1.8361270150004984e+18,2024-09-17,NEG,not ironic,
22949284,6908,6908,1.836127013423473e+18,2024-09-17,NEG,not ironic,
22949285,6909,6909,1.836127013016376e+18,2024-09-17,NEU,ironic,
22949286,6910,6910,1.8361270128527567e+18,2024-09-17,NEU,ironic,
22949287,6911,6911,1.8361270127898668e+18,2024-09-17,NEU,not ironic,
22949288,6912,6912,1.8361270121064407e+18,2024-09-17,NEG,ironic,
22949289,6913,6913,1.836127010307146e+18,2024-09-17,NEG,not ironic,
22949290,6914,6914,1.8361270100635364e+18,2024-09-17,NEG,not ironic,
22949291,6915,6915,1.836127009212133e+18,2024-09-17,NEG,not ironic,
22949292,6916,6916,1.836127008947843e+18,2024-09-17,NEG,ironic,
22949293,6917,6917,1.836127008914584e+18,2024-09-17,NEG,not ironic,
22949294,6918,6918,1.836127008520328e+18,2024-09-17,NEG,not ironic,
22949296,6920,6920,1.836127006951384e+18,2024-09-17,NEU,not ironic,
22949297,6921,6921,1.836127006293136e+18,2024-09-17,NEG,ironic,
22949298,6922,6922,1.836127004988708e+18,2024-09-17,NEG,not ironic,
22949299,6923,6923,1.8361270047244657e+18,2024-09-17,NEU,not ironic,
22949300,6924,6924,1.8361270042882583e+18,2024-09-17,POS,not ironic,
22949301,6925,6925,1.8361270040533773e+18,2024-09-17,NEU,not ironic,
22949303,6927,6927,1.836127001020888e+18,2024-09-17,NEU,ironic,
22949304,6928,6928,1.8361270008486548e+18,2024-09-17,NEG,not ironic,
22949305,6929,6929,1.8361270004669768e+18,2024-09-17,NEG,ironic,
22949306,6930,6930,1.8361270000182728e+18,2024-09-17,POS,not ironic,
22949307,6931,6931,1.8361269999637217e+18,2024-09-17,NEU,not ironic,
22949308,6932,6932,1.8361269998213243e+18,2024-09-17,NEG,not ironic,
22949309,6933,6933,1.836126999196124e+18,2024-09-17,NEG,not ironic,
22949310,6934,6934,1.8361269979337e+18,2024-09-17,NEG,ironic,
22949311,6935,6935,1.8361269959835364e+18,2024-09-17,NEG,not ironic,
22949312,6936,6936,1.8361269943726607e+18,2024-09-17,NEG,ironic,
22949314,6938,6938,1.8361269936263373e+18,2024-09-17,NEG,not ironic,
22949315,6939,6939,1.8361269932698217e+18,2024-09-17,NEG,not ironic,
22949316,6940,6940,1.836126990174196e+18,2024-09-17,NEU,ironic,
22949317,6941,6941,1.836126989893116e+18,2024-09-17,NEG,not ironic,
22949318,6942,6942,1.8361269898095045e+18,2024-09-17,NEU,ironic,
22949319,6943,6943,1.836126988848792e+18,2024-09-17,NEG,ironic,
22949320,6944,6944,1.8361269884713487e+18,2024-09-17,NEG,not ironic,
22949321,6945,6945,1.8361269876914383e+18,2024-09-17,NEG,not ironic,
22949323,6947,6947,1.8361269860260127e+18,2024-09-17,POS,not ironic,
22949324,6948,6948,1.836126984327377e+18,2024-09-17,NEG,ironic,
22949325,6949,6949,1.8361269836061453e+18,2024-09-17,NEU,not ironic,
22949326,6950,6950,1.8361269828551803e+18,2024-09-17,NEG,not ironic,
22949327,6951,6951,1.8361269817772e+18,2024-09-17,NEU,not ironic,
22949328,6952,6952,1.836126981324444e+18,2024-09-17,NEG,ironic,
22949329,6953,6953,1.8361269811648392e+18,2024-09-17,NEG,ironic,
22949330,6954,6954,1.8361269800032584e+18,2024-09-17,NEU,not ironic,
22949331,6955,6955,1.8361269772769403e+18,2024-09-17,NEG,ironic,
22949332,6956,6956,1.83612697667276e+18,2024-09-17,NEG,ironic,
22949333,6957,6957,1.8361269762910044e+18,2024-09-17,NEU,not ironic,
22949334,6958,6958,1.836126975091524e+18,2024-09-17,NEG,not ironic,
22949335,6959,6959,1.83612697437422e+18,2024-09-17,NEG,ironic,
22949336,6960,6960,1.8361269741728847e+18,2024-09-17,NEG,not ironic,
22949337,6961,6961,1.836126973585736e+18,2024-09-17,NEU,not ironic,
22949338,6962,6962,1.836126973485028e+18,2024-09-17,NEU,not ironic,
22949339,6963,6963,1.8361269734391688e+18,2024-09-17,NEG,not ironic,
22949340,6964,6964,1.8361269723358367e+18,2024-09-17,POS,not ironic,
22949341,6965,6965,1.836126972088656e+18,2024-09-17,NEG,not ironic,
22949342,6966,6966,1.836126972050838e+18,2024-09-17,NEG,ironic,
22949343,6967,6967,1.8361269718914545e+18,2024-09-17,POS,ironic,
22949344,6968,6968,1.836126970490557e+18,2024-09-17,NEG,ironic,
22949345,6969,6969,1.836126969572004e+18,2024-09-17,NEG,ironic,
22949346,6970,6970,1.8361269695258668e+18,2024-09-17,NEU,ironic,
22949347,6971,6971,1.8361269690768225e+18,2024-09-17,NEG,not ironic,
22949348,6972,6972,1.8361269676720049e+18,2024-09-17,POS,ironic,
22949349,6973,6973,1.836126967458096e+18,2024-09-17,NEU,not ironic,
22949350,6974,6974,1.8361269669545408e+18,2024-09-17,NEU,not ironic,
22949351,6975,6975,1.83612696623727e+18,2024-09-17,POS,not ironic,
22949352,6976,6976,1.8361269652140887e+18,2024-09-17,NEU,not ironic,
22949353,6977,6977,1.8361269651089856e+18,2024-09-17,NEG,not ironic,
22949354,6978,6978,1.83612696492868e+18,2024-09-17,NEG,not ironic,
22949355,6979,6979,1.8361269647611576e+18,2024-09-17,NEG,not ironic,
22949356,6980,6980,1.8361269632048128e+18,2024-09-17,NEG,ironic,
22949357,6981,6981,1.836126961892029e+18,2024-09-17,NEG,not ironic,
22949358,6982,6982,1.836126961862612e+18,2024-09-17,NEU,not ironic,
22949359,6983,6983,1.8361269612628465e+18,2024-09-17,NEG,ironic,
22949360,6984,6984,1.836126960931738e+18,2024-09-17,NEU,not ironic,
22949361,6985,6985,1.8361269585200087e+18,2024-09-17,NEG,ironic,
22949362,6986,6986,1.836126956598764e+18,2024-09-17,NEG,ironic,
22949363,6987,6987,1.8361269564981128e+18,2024-09-17,POS,ironic,
22949364,6988,6988,1.8361269557769385e+18,2024-09-17,NEG,ironic,
22949365,6989,6989,1.836126955671876e+18,2024-09-17,NEG,not ironic,
22949366,6990,6990,1.836126955114058e+18,2024-09-17,POS,not ironic,
22949367,6991,6991,1.836126954627736e+18,2024-09-17,POS,ironic,
22949368,6992,6992,1.8361269546107287e+18,2024-09-17,NEG,not ironic,
22949369,6993,6993,1.8361269535581432e+18,2024-09-17,NEG,ironic,
22949370,6994,6994,1.8361269524844096e+18,2024-09-17,NEG,not ironic,
22949371,6995,6995,1.8361269524422449e+18,2024-09-17,NEG,ironic,
22949372,6996,6996,1.8361269523499832e+18,2024-09-17,NEG,ironic,
22949373,6997,6997,1.8361269502446515e+18,2024-09-17,NEG,ironic,
22949374,6998,6998,1.836126949829415e+18,2024-09-17,NEU,not ironic,
22949375,6999,6999,1.836126949636477e+18,2024-09-17,NEG,ironic,
22949376,7000,7000,1.8361269493971192e+18,2024-09-17,NEU,not ironic,
22949377,7001,7001,1.836126949258801e+18,2024-09-17,NEU,not ironic,
22949378,7002,7002,1.836126946972804e+18,2024-09-17,NEG,not ironic,
22949379,7003,7003,1.8361269460545413e+18,2024-09-17,NEG,ironic,
22949380,7004,7004,1.8361269454841e+18,2024-09-17,NEG,not ironic,
22949381,7005,7005,1.836126945358287e+18,2024-09-17,NEU,ironic,
22949382,7006,7006,1.8361269435127928e+18,2024-09-17,NEG,ironic,
22949383,7007,7007,1.836126942330012e+18,2024-09-17,NEU,not ironic,
22949384,7008,7008,1.836126941344338e+18,2024-09-17,POS,not ironic,
22949385,7009,7009,1.8361269382783383e+18,2024-09-17,NEG,ironic,
22949386,7010,7010,1.83612693826572e+18,2024-09-17,NEG,not ironic,
22949387,7011,7011,1.836126938026644e+18,2024-09-17,NEU,not ironic,
22949388,7012,7012,1.836126937481105e+18,2024-09-17,NEU,not ironic,
22949389,7013,7013,1.836126936466076e+18,2024-09-17,NEG,not ironic,
22949390,7014,7014,1.8361269362018225e+18,2024-09-17,NEG,not ironic,
22949391,7015,7015,1.836126935845688e+18,2024-09-17,NEU,not ironic,
22949392,7016,7016,1.8361269355936525e+18,2024-09-17,NEU,not ironic,
22949393,7017,7017,1.8361269349939569e+18,2024-09-17,NEU,not ironic,
22949394,7018,7018,1.8361269341215007e+18,2024-09-17,POS,not ironic,
22949395,7019,7019,1.836126933362279e+18,2024-09-17,NEU,ironic,
22949396,7020,7020,1.8361269332994788e+18,2024-09-17,NEU,not ironic,
22949397,7021,7021,1.8361269319701263e+18,2024-09-17,NEU,ironic,
22949398,7022,7022,1.8361269314248133e+18,2024-09-17,NEG,not ironic,
22949399,7023,7023,1.8361269299482253e+18,2024-09-17,NEG,ironic,
22949400,7024,7024,1.836126928547517e+18,2024-09-17,NEU,not ironic,
22949401,7025,7025,1.83612692755771e+18,2024-09-17,NEU,ironic,
22949402,7026,7026,1.8361269274525944e+18,2024-09-17,NEU,not ironic,
22949403,7027,7027,1.8361269255609096e+18,2024-09-17,NEU,not ironic,
22949404,7028,7028,1.8361269247933847e+18,2024-09-17,NEG,ironic,
22949405,7029,7029,1.8361269246927383e+18,2024-09-17,NEG,not ironic,
22949406,7030,7030,1.8361269245920543e+18,2024-09-17,NEU,ironic,
22949407,7031,7031,1.836126924487426e+18,2024-09-17,NEG,not ironic,
22949408,7032,7032,1.8361269237196063e+18,2024-09-17,NEU,not ironic,
22949409,7033,7033,1.8361269224615816e+18,2024-09-17,NEU,not ironic,
22949410,7034,7034,1.8361269217399035e+18,2024-09-17,NEU,ironic,
22949411,7035,7035,1.836126920422904e+18,2024-09-17,NEG,not ironic,
22949412,7036,7036,1.8361269196639808e+18,2024-09-17,POS,not ironic,
22949413,7037,7037,1.83612691937038e+18,2024-09-17,NEU,not ironic,
22949414,7038,7038,1.836126919320048e+18,2024-09-17,NEU,not ironic,
22949415,7039,7039,1.8361269188248824e+18,2024-09-17,NEU,not ironic,
22949416,7040,7040,1.8361269186112105e+18,2024-09-17,NEU,ironic,
22949417,7041,7041,1.836126918598648e+18,2024-09-17,NEG,not ironic,
22949418,7042,7042,1.8361269183173432e+18,2024-09-17,NEG,not ironic,
22949419,7043,7043,1.8361269173988685e+18,2024-09-17,NEG,ironic,
22949420,7044,7044,1.8361269157674724e+18,2024-09-17,NEG,ironic,
22949421,7045,7045,1.8361269135612687e+18,2024-09-17,NEU,ironic,
22949422,7046,7046,1.8361269132341128e+18,2024-09-17,NEG,not ironic,
22949423,7047,7047,1.8361269126469105e+18,2024-09-17,NEU,not ironic,
22949424,7048,7048,1.8361269117364552e+18,2024-09-17,POS,ironic,
22949425,7049,7049,1.836126911023485e+18,2024-09-17,NEG,not ironic,
22949426,7050,7050,1.836126910583108e+18,2024-09-17,NEG,ironic,
22949427,7051,7051,1.8361269094927567e+18,2024-09-17,NEG,ironic,
22949428,7052,7052,1.836126907982897e+18,2024-09-17,NEU,not ironic,
22949429,7053,7053,1.8361269072698127e+18,2024-09-17,NEU,ironic,
22949430,7054,7054,1.8361269061245207e+18,2024-09-17,NEG,ironic,
22949431,7055,7055,1.8361269042538995e+18,2024-09-17,NEG,ironic,
22949432,7056,7056,1.8361269036163607e+18,2024-09-17,NEG,not ironic,
22949433,7057,7057,1.836126901468792e+18,2024-09-17,NEG,not ironic,
22949434,7058,7058,1.836126900558897e+18,2024-09-17,NEG,not ironic,
22949435,7059,7059,1.8361268991703567e+18,2024-09-17,NEG,ironic,
22949436,7060,7060,1.8361268986463729e+18,2024-09-17,NEG,not ironic,
22949437,7061,7061,1.8361268979204344e+18,2024-09-17,POS,ironic,
22949438,7062,7062,1.83612689758102e+18,2024-09-17,NEU,not ironic,
22949439,7063,7063,1.8361268965576049e+18,2024-09-17,NEG,not ironic,
22949440,7064,7064,1.8361268940071767e+18,2024-09-17,NEG,not ironic,
22949441,7065,7065,1.836126893247988e+18,2024-09-17,NEG,not ironic,
22949442,7066,7066,1.8361268928707507e+18,2024-09-17,NEG,ironic,
22949443,7067,7067,1.836126892706984e+18,2024-09-17,NEG,ironic,
22949444,7068,7068,1.836126892254004e+18,2024-09-17,NEU,ironic,
22949445,7069,7069,1.8361268920864727e+18,2024-09-17,NEU,ironic,
22949446,7070,7070,1.8361268919226737e+18,2024-09-17,NEU,not ironic,
22949447,7071,7071,1.836126889913836e+18,2024-09-17,NEG,not ironic,
22949448,7072,7072,1.836126888999416e+18,2024-09-17,NEG,ironic,
22949449,7073,7073,1.8361268882863923e+18,2024-09-17,NEU,not ironic,
22949451,7075,7075,1.8361268859289605e+18,2024-09-17,NEG,not ironic,
22949452,7076,7076,1.8361268857278671e+18,2024-09-17,NEU,ironic,
22949453,7077,7077,1.836126884058264e+18,2024-09-17,NEG,not ironic,
22949454,7078,7078,1.8361268836349504e+18,2024-09-17,POS,not ironic,
22949455,7079,7079,1.8361268835046e+18,2024-09-17,NEG,not ironic,
22949456,7080,7080,1.8361268828212347e+18,2024-09-17,NEG,not ironic,
22949457,7081,7081,1.8361268809923087e+18,2024-09-17,NEU,not ironic,
22949458,7082,7082,1.8361268794487032e+18,2024-09-17,NEG,ironic,
22949459,7083,7083,1.8361268759844987e+18,2024-09-17,POS,not ironic,
22949460,7084,7084,1.8361268757997489e+18,2024-09-17,NEG,not ironic,
22949461,7085,7085,1.8361268753089288e+18,2024-09-17,NEU,not ironic,
22949462,7086,7086,1.836126873765507e+18,2024-09-17,POS,not ironic,
22949463,7087,7087,1.8361268733795945e+18,2024-09-17,NEG,not ironic,
22949464,7088,7088,1.8361268710476063e+18,2024-09-17,NEG,not ironic,
22949465,7089,7089,1.836126868518388e+18,2024-09-17,POS,not ironic,
22949466,7090,7090,1.8361268684305329e+18,2024-09-17,NEU,ironic,
22949467,7091,7091,1.836126866832528e+18,2024-09-17,NEG,ironic,
22949468,7092,7092,1.8361268666815324e+18,2024-09-17,POS,ironic,
22949469,7093,7093,1.8361268661360684e+18,2024-09-17,NEU,not ironic,
22949470,7094,7094,1.8361268643492823e+18,2024-09-17,NEG,ironic,
22949471,7095,7095,1.836126864215282e+18,2024-09-17,POS,not ironic,
22949472,7096,7096,1.8361268638165524e+18,2024-09-17,NEU,not ironic,
22949473,7097,7097,1.8361268627302607e+18,2024-09-17,NEG,not ironic,
22949474,7098,7098,1.83612686079273e+18,2024-09-17,NEG,not ironic,
22949475,7099,7099,1.8361268598780928e+18,2024-09-17,NEU,not ironic,
22949476,7100,7100,1.8361268598615944e+18,2024-09-17,POS,not ironic,
22949477,7101,7101,1.8361268593076595e+18,2024-09-17,NEG,not ironic,
22949478,7102,7102,1.8361268588169715e+18,2024-09-17,NEU,not ironic,
22949479,7103,7103,1.8361268586536184e+18,2024-09-17,NEG,not ironic,
22949480,7104,7104,1.8361268586030656e+18,2024-09-17,NEG,not ironic,
22949481,7105,7105,1.8361268571814664e+18,2024-09-17,NEU,not ironic,
22949482,7106,7106,1.836126856434598e+18,2024-09-17,NEG,ironic,
22949483,7107,7107,1.8361268556628828e+18,2024-09-17,NEG,not ironic,
22949484,7108,7108,1.8361268549372728e+18,2024-09-17,NEG,ironic,
22949485,7109,7109,1.8361268542747807e+18,2024-09-17,NEG,not ironic,
22949486,7110,7110,1.836126853376926e+18,2024-09-17,NEG,ironic,
22949487,7111,7111,1.8361268528443064e+18,2024-09-17,NEG,ironic,
22949488,7112,7112,1.836126851804103e+18,2024-09-17,NEU,not ironic,
22949489,7113,7113,1.836126851195904e+18,2024-09-17,NEU,ironic,
22949490,7114,7114,1.8361268509235328e+18,2024-09-17,NEU,not ironic,
22949491,7115,7115,1.8361268507138908e+18,2024-09-17,NEG,ironic,
22949492,7116,7116,1.8361268500844096e+18,2024-09-17,NEU,not ironic,
22949493,7117,7117,1.836126849824445e+18,2024-09-17,NEG,ironic,
22949494,7118,7118,1.8361268491701248e+18,2024-09-17,NEU,not ironic,
22949495,7119,7119,1.8361268471192988e+18,2024-09-17,POS,not ironic,
22949496,7120,7120,1.8361268461334449e+18,2024-09-17,NEU,not ironic,
22949497,7121,7121,1.836126845961376e+18,2024-09-17,POS,not ironic,
22949498,7122,7122,1.8361268451563643e+18,2024-09-17,NEG,not ironic,
22949499,7123,7123,1.8361268449844145e+18,2024-09-17,NEG,ironic,
22949500,7124,7124,1.8361268442333391e+18,2024-09-17,NEU,not ironic,
22949501,7125,7125,1.8361268425723745e+18,2024-09-17,NEU,not ironic,
22949502,7126,7126,1.8361268405591447e+18,2024-09-17,POS,not ironic,
22949503,7127,7127,1.836126839934456e+18,2024-09-17,NEU,not ironic,
22949504,7128,7128,1.836126839015604e+18,2024-09-17,NEU,not ironic,
22949505,7129,7129,1.8361268384620047e+18,2024-09-17,POS,not ironic,
22949506,7130,7130,1.836126836822336e+18,2024-09-17,NEG,not ironic,
22949507,7131,7131,1.8361268367257969e+18,2024-09-17,POS,not ironic,
22949508,7132,7132,1.8361268335715003e+18,2024-09-17,NEG,not ironic,
22949509,7133,7133,1.836126833345008e+18,2024-09-17,NEU,not ironic,
22949510,7134,7134,1.8361268332948564e+18,2024-09-17,NEG,not ironic,
22949511,7135,7135,1.836126832980017e+18,2024-09-17,NEG,ironic,
22949512,7136,7136,1.836126831680111e+18,2024-09-17,NEG,not ironic,
22949513,7137,7137,1.836126831168176e+18,2024-09-17,NEU,not ironic,
22949514,7138,7138,1.8361268308118449e+18,2024-09-17,POS,ironic,
22949515,7139,7139,1.8361268293060887e+18,2024-09-17,NEG,ironic,
22949516,7140,7140,1.8361268283917888e+18,2024-09-17,NEG,not ironic,
22949517,7141,7141,1.836126827984896e+18,2024-09-17,NEG,ironic,
22949519,7143,7143,1.8361268249689247e+18,2024-09-17,NEU,not ironic,
22949520,7144,7144,1.8361268244323085e+18,2024-09-17,NEU,not ironic,
22949521,7145,7145,1.8361268241345536e+18,2024-09-17,NEU,not ironic,
22949522,7146,7146,1.83612682187357e+18,2024-09-17,NEG,ironic,
22949523,7147,7147,1.836126819864712e+18,2024-09-17,NEG,not ironic,
22949524,7148,7148,1.8361268169871488e+18,2024-09-17,NEG,not ironic,
22949525,7149,7149,1.8361268169662344e+18,2024-09-17,NEG,not ironic,
22949526,7150,7150,1.836126816836424e+18,2024-09-17,NEG,ironic,
22949527,7151,7151,1.8361268164208927e+18,2024-09-17,POS,ironic,
22949528,7152,7152,1.836126815879889e+18,2024-09-17,NEU,not ironic,
22949529,7153,7153,1.8361268149655188e+18,2024-09-17,NEG,ironic,
22949530,7154,7154,1.8361268141979927e+18,2024-09-17,NEU,not ironic,
22949531,7155,7155,1.8361268124321464e+18,2024-09-17,NEU,not ironic,
22949532,7156,7156,1.836126809500648e+18,2024-09-17,NEU,not ironic,
22949533,7157,7157,1.836126808384901e+18,2024-09-17,NEG,ironic,
22949534,7158,7158,1.8361268076173107e+18,2024-09-17,NEU,not ironic,
22949535,7159,7159,1.8361268070341512e+18,2024-09-17,NEU,not ironic,
22949536,7160,7160,1.836126806983992e+18,2024-09-17,NEG,not ironic,
22949537,7161,7161,1.836126806770094e+18,2024-09-17,NEG,ironic,
22949538,7162,7162,1.836126805989954e+18,2024-09-17,NEG,not ironic,
22949539,7163,7163,1.836126805259928e+18,2024-09-17,NEU,not ironic,
22949540,7164,7164,1.836126804433884e+18,2024-09-17,NEU,ironic,
22949541,7165,7165,1.8361268034482053e+18,2024-09-17,NEU,not ironic,
22949542,7166,7166,1.8361268028148657e+18,2024-09-17,NEU,not ironic,
22949543,7167,7167,1.836126801443054e+18,2024-09-17,NEG,ironic,
22949544,7168,7168,1.8361268000296056e+18,2024-09-17,NEU,ironic,
22949545,7169,7169,1.8361268000128328e+18,2024-09-17,NEU,not ironic,
22949546,7170,7170,1.836126799971128e+18,2024-09-17,NEU,ironic,
22949547,7171,7171,1.8361267988762007e+18,2024-09-17,NEG,not ironic,
22949548,7172,7172,1.8361267963301724e+18,2024-09-17,NEU,not ironic,
22949549,7173,7173,1.8361267954077248e+18,2024-09-17,NEG,ironic,
22949550,7174,7174,1.8361267941827668e+18,2024-09-17,NEU,not ironic,
22949551,7175,7175,1.8361267938138609e+18,2024-09-17,NEG,not ironic,
22949552,7176,7176,1.8361267933858368e+18,2024-09-17,NEG,ironic,
22949553,7177,7177,1.8361267927275889e+18,2024-09-17,NEU,not ironic,
22949554,7178,7178,1.8361267917039447e+18,2024-09-17,NEU,ironic,
22949555,7179,7179,1.8361267908272827e+18,2024-09-17,NEG,not ironic,
22949556,7180,7180,1.8361267902823304e+18,2024-09-17,NEG,ironic,
22949557,7181,7181,1.8361267893595384e+18,2024-09-17,NEG,not ironic,
22949558,7182,7182,1.8361267888014628e+18,2024-09-17,NEG,ironic,
22949559,7183,7183,1.8361267882855424e+18,2024-09-17,NEG,not ironic,
22949560,7184,7184,1.8361267881012472e+18,2024-09-17,NEG,ironic,
22949561,7185,7185,1.8361267872372209e+18,2024-09-17,NEG,ironic,
22949562,7186,7186,1.8361267862473649e+18,2024-09-17,NEG,ironic,
22949563,7187,7187,1.8361267840450765e+18,2024-09-17,NEU,ironic,
22949564,7188,7188,1.8361267829883904e+18,2024-09-17,NEG,ironic,
22949565,7189,7189,1.836126782078026e+18,2024-09-17,NEG,not ironic,
22949566,7190,7190,1.8361267807315684e+18,2024-09-17,NEG,not ironic,
22949567,7191,7191,1.836126780329252e+18,2024-09-17,NEG,ironic,
22949568,7192,7192,1.8361267801863048e+18,2024-09-17,POS,not ironic,
22949569,7193,7193,1.836126780123428e+18,2024-09-17,NEG,ironic,
22949570,7194,7194,1.8361267779258647e+18,2024-09-17,NEG,not ironic,
22949571,7195,7195,1.836126775753216e+18,2024-09-17,NEU,ironic,
22949572,7196,7196,1.8361267743855864e+18,2024-09-17,NEG,not ironic,
22949573,7197,7197,1.8361267737483387e+18,2024-09-17,NEG,not ironic,
22949574,7198,7198,1.8361267729723924e+18,2024-09-17,NEG,ironic,
22949575,7199,7199,1.836126772230001e+18,2024-09-17,NEG,not ironic,
22949576,7200,7200,1.8361267722003407e+18,2024-09-17,NEG,not ironic,
22949577,7201,7201,1.8361267718483192e+18,2024-09-17,NEG,ironic,
22949578,7202,7202,1.8361267711478705e+18,2024-09-17,NEG,ironic,
22949579,7203,7203,1.836126770858464e+18,2024-09-17,NEG,ironic,
22949580,7204,7204,1.8361267698180628e+18,2024-09-17,NEG,ironic,
22949581,7205,7205,1.8361267695582287e+18,2024-09-17,NEG,ironic,
22949582,7206,7206,1.8361267679809664e+18,2024-09-17,NEG,not ironic,
22949583,7207,7207,1.8361267646842025e+18,2024-09-17,NEU,ironic,
22949584,7208,7208,1.836126764562813e+18,2024-09-17,NEU,not ironic,
22949585,7209,7209,1.836126764554146e+18,2024-09-17,NEG,not ironic,
22949586,7210,7210,1.8361267643989445e+18,2024-09-17,NEU,not ironic,
22949587,7211,7211,1.8361267631616904e+18,2024-09-17,NEG,not ironic,
22949588,7212,7212,1.8361267626250447e+18,2024-09-17,NEG,not ironic,
22949589,7213,7213,1.8361267623398075e+18,2024-09-17,NEG,not ironic,
22949590,7214,7214,1.836126762260128e+18,2024-09-17,NEG,not ironic,
22949591,7215,7215,1.83612676218443e+18,2024-09-17,NEG,not ironic,
22949593,7217,7217,1.83612676043978e+18,2024-09-17,NEG,not ironic,
22949594,7218,7218,1.8361267598355704e+18,2024-09-17,NEG,ironic,
22949595,7219,7219,1.8361267594874063e+18,2024-09-17,NEG,not ironic,
22949596,7220,7220,1.83612675947074e+18,2024-09-17,NEG,ironic,
22949597,7221,7221,1.836126759173132e+18,2024-09-17,NEG,ironic,
22949598,7222,7222,1.836126758208426e+18,2024-09-17,NEU,not ironic,
22949599,7223,7223,1.8361267579232832e+18,2024-09-17,NEG,ironic,
22949600,7224,7224,1.8361267572812431e+18,2024-09-17,NEU,ironic,
22949601,7225,7225,1.8361267542910449e+18,2024-09-17,NEG,not ironic,
22949602,7226,7226,1.8361267541103567e+18,2024-09-17,POS,not ironic,
22949603,7227,7227,1.8361267540222528e+18,2024-09-17,NEG,ironic,
22949604,7228,7228,1.8361267532843663e+18,2024-09-17,NEG,ironic,
22949605,7229,7229,1.8361267525711096e+18,2024-09-17,NEU,not ironic,
22949606,7230,7230,1.8361267521516137e+18,2024-09-17,NEG,ironic,
22949607,7231,7231,1.8361267515521272e+18,2024-09-17,NEU,not ironic,
22949608,7232,7232,1.8361267512417528e+18,2024-09-17,NEG,not ironic,
22949609,7233,7233,1.8361267505035057e+18,2024-09-17,NEG,ironic,
22949610,7234,7234,1.8361267486158523e+18,2024-09-17,NEG,ironic,
22949611,7235,7235,1.836126748456424e+18,2024-09-17,NEG,not ironic,
22949612,7236,7236,1.8361267484482967e+18,2024-09-17,NEU,not ironic,
22949613,7237,7237,1.8361267478736776e+18,2024-09-17,POS,ironic,
22949614,7238,7238,1.836126747290432e+18,2024-09-17,NEG,ironic,
22949615,7239,7239,1.8361267464599311e+18,2024-09-17,NEG,not ironic,
22949616,7240,7240,1.8361267462966195e+18,2024-09-17,NEG,ironic,
22949617,7241,7241,1.8361267455120184e+18,2024-09-17,NEG,ironic,
22949618,7242,7242,1.836126745235227e+18,2024-09-17,NEG,ironic,
22949619,7243,7243,1.836126742819308e+18,2024-09-17,NEG,ironic,
22949620,7244,7244,1.836126742504677e+18,2024-09-17,NEG,not ironic,
22949621,7245,7245,1.8361267424839967e+18,2024-09-17,NEG,not ironic,
22949622,7246,7246,1.836126741750076e+18,2024-09-17,NEU,ironic,
22949623,7247,7247,1.836126741334757e+18,2024-09-17,NEG,ironic,
22949624,7248,7248,1.8361267404917844e+18,2024-09-17,NEG,not ironic,
22949625,7249,7249,1.836126740176876e+18,2024-09-17,NEG,ironic,
22949626,7250,7250,1.8361267397199503e+18,2024-09-17,NEG,ironic,
22949627,7251,7251,1.8361267385369275e+18,2024-09-17,NEG,not ironic,
22949628,7252,7252,1.8361267366326643e+18,2024-09-17,NEU,not ironic,
22949629,7253,7253,1.8361267363307564e+18,2024-09-17,NEG,ironic,
22949630,7254,7254,1.836126736175764e+18,2024-09-17,NEG,not ironic,
22949631,7255,7255,1.8361267344222536e+18,2024-09-17,NEU,ironic,
22949632,7256,7256,1.836126733289808e+18,2024-09-17,NEG,not ironic,
22949633,7257,7257,1.8361267327280456e+18,2024-09-17,NEU,not ironic,
22949634,7258,7258,1.836126731461124e+18,2024-09-17,NEU,not ironic,
22949635,7259,7259,1.83612673117196e+18,2024-09-17,NEG,ironic,
22949636,7260,7260,1.8361267297710607e+18,2024-09-17,NEU,not ironic,
22949637,7261,7261,1.836126729695572e+18,2024-09-17,NEU,ironic,
22949638,7262,7262,1.83612672947719e+18,2024-09-17,NEU,not ironic,
22949639,7263,7263,1.836126729339048e+18,2024-09-17,NEG,ironic,
22949640,7264,7264,1.8361267292216607e+18,2024-09-17,NEU,not ironic,
22949641,7265,7265,1.836126729003225e+18,2024-09-17,NEU,not ironic,
22949642,7266,7266,1.836126727954928e+18,2024-09-17,NEU,not ironic,
22949643,7267,7267,1.8361267275229143e+18,2024-09-17,POS,not ironic,
22949644,7268,7268,1.8361267267763407e+18,2024-09-17,NEG,not ironic,
22949645,7269,7269,1.836126725534852e+18,2024-09-17,NEG,not ironic,
22949646,7270,7270,1.8361267233451584e+18,2024-09-17,NEG,not ironic,
22949647,7271,7271,1.836126722086912e+18,2024-09-17,NEU,not ironic,
22949648,7272,7272,1.8361267196293164e+18,2024-09-17,NEG,ironic,
22949649,7273,7273,1.8361267189621268e+18,2024-09-17,POS,ironic,
22949650,7274,7274,1.836126718823928e+18,2024-09-17,NEU,not ironic,
22949651,7275,7275,1.836126717263417e+18,2024-09-17,NEG,ironic,
22949652,7276,7276,1.8361267165713687e+18,2024-09-17,NEG,not ironic,
22949653,7277,7277,1.836126715799835e+18,2024-09-17,NEG,ironic,
22949654,7278,7278,1.8361267123898647e+18,2024-09-17,NEG,ironic,
22949655,7279,7279,1.8361267121547305e+18,2024-09-17,POS,ironic,
22949656,7280,7280,1.836126711445893e+18,2024-09-17,NEU,ironic,
22949658,7282,7282,1.8361267075117056e+18,2024-09-17,NEU,not ironic,
22949659,7283,7283,1.8361267061781007e+18,2024-09-17,NEG,not ironic,
22949660,7284,7284,1.836126706140152e+18,2024-09-17,POS,not ironic,
22949661,7285,7285,1.836126705448039e+18,2024-09-17,NEU,not ironic,
22949662,7286,7286,1.8361267042442368e+18,2024-09-17,NEG,ironic,
22949663,7287,7287,1.8361267036237704e+18,2024-09-17,POS,not ironic,
22949664,7288,7288,1.836126702700827e+18,2024-09-17,NEG,not ironic,
22949665,7289,7289,1.8361267026674936e+18,2024-09-17,NEG,ironic,
22949666,7290,7290,1.8361267019794184e+18,2024-09-17,NEU,not ironic,
22949667,7291,7291,1.836126701161681e+18,2024-09-17,NEU,ironic,
22949668,7292,7292,1.8361267001883807e+18,2024-09-17,POS,not ironic,
22949669,7293,7293,1.8361266999202e+18,2024-09-17,NEU,not ironic,
22949670,7294,7294,1.8361266989049e+18,2024-09-17,NEU,not ironic,
22949671,7295,7295,1.8361266988338875e+18,2024-09-17,NEG,ironic,
22949672,7296,7296,1.836126697609167e+18,2024-09-17,NEG,not ironic,
22949673,7297,7297,1.83612669596892e+18,2024-09-17,NEG,not ironic,
22949674,7298,7298,1.8361266953943124e+18,2024-09-17,POS,ironic,
22949675,7299,7299,1.8361266950212529e+18,2024-09-17,NEG,not ironic,
22949676,7300,7300,1.8361266938466184e+18,2024-09-17,NEG,ironic,
22949677,7301,7301,1.836126693825606e+18,2024-09-17,POS,ironic,
22949678,7302,7302,1.8361266933055409e+18,2024-09-17,NEG,not ironic,
22949679,7303,7303,1.8361266931000484e+18,2024-09-17,POS,ironic,
22949680,7304,7304,1.836126690885452e+18,2024-09-17,NEG,not ironic,
22949681,7305,7305,1.8361266905876887e+18,2024-09-17,NEG,ironic,
22949682,7306,7306,1.8361266876054648e+18,2024-09-17,POS,not ironic,
22949684,7308,7308,1.836126684665328e+18,2024-09-17,NEG,not ironic,
22949685,7309,7309,1.83612668410348e+18,2024-09-17,NEG,not ironic,
22949686,7310,7310,1.8361266811968271e+18,2024-09-17,NEU,not ironic,
22949687,7311,7311,1.8361266800263537e+18,2024-09-17,POS,ironic,
22949689,7313,7313,1.836126678592164e+18,2024-09-17,NEG,not ironic,
22949690,7314,7314,1.8361266784873065e+18,2024-09-17,NEG,not ironic,
22949691,7315,7315,1.8361266776653048e+18,2024-09-17,NEU,ironic,
22949692,7316,7316,1.8361266744104435e+18,2024-09-17,POS,not ironic,
22949693,7317,7317,1.8361266731728527e+18,2024-09-17,NEG,not ironic,
22949694,7318,7318,1.8361266724684595e+18,2024-09-17,NEG,not ironic,
22949695,7319,7319,1.8361266721874985e+18,2024-09-17,NEU,not ironic,
22949696,7320,7320,1.83612666957412e+18,2024-09-17,NEG,not ironic,
22949697,7321,7321,1.8361266678964475e+18,2024-09-17,NEG,not ironic,
22949698,7322,7322,1.836126667569533e+18,2024-09-17,NEG,not ironic,
22949699,7323,7323,1.8361266671123533e+18,2024-09-17,NEU,not ironic,
22949701,7325,7325,1.836126666038612e+18,2024-09-17,NEU,ironic,
22949702,7326,7326,1.836126665652712e+18,2024-09-17,POS,ironic,
22949703,7327,7327,1.8361266653379668e+18,2024-09-17,NEU,not ironic,
22949704,7328,7328,1.8361266644697167e+18,2024-09-17,NEG,ironic,
22949705,7329,7329,1.8361266640209144e+18,2024-09-17,NEU,ironic,
22949707,7331,7331,1.83612666381958e+18,2024-09-17,NEU,not ironic,
22949708,7332,7332,1.836126663723078e+18,2024-09-17,NEG,not ironic,
22949709,7333,7333,1.836126663458936e+18,2024-09-17,NEG,not ironic,
22949710,7334,7334,1.8361266622763213e+18,2024-09-17,NEG,not ironic,
22949711,7335,7335,1.83612666149594e+18,2024-09-17,POS,ironic,
22949712,7336,7336,1.836126660531492e+18,2024-09-17,NEG,ironic,
22949713,7337,7337,1.8361266604349967e+18,2024-09-17,POS,ironic,
22949714,7338,7338,1.8361266590132104e+18,2024-09-17,NEG,ironic,
22949715,7339,7339,1.8361266582914703e+18,2024-09-17,NEG,ironic,
22949716,7340,7340,1.8361266575535352e+18,2024-09-17,NEG,ironic,
22949717,7341,7341,1.836126657197093e+18,2024-09-17,POS,not ironic,
22949718,7342,7342,1.836126656123012e+18,2024-09-17,NEG,not ironic,
22949719,7343,7343,1.8361266544368684e+18,2024-09-17,NEU,ironic,
22949720,7344,7344,1.83612665257486e+18,2024-09-17,NEG,not ironic,
22949721,7345,7345,1.836126652092568e+18,2024-09-17,NEG,ironic,
22949722,7346,7346,1.8361266519077112e+18,2024-09-17,NEG,not ironic,
22949723,7347,7347,1.8361266476672865e+18,2024-09-17,NEU,not ironic,
22949724,7348,7348,1.836126646941656e+18,2024-09-17,NEG,ironic,
22949725,7349,7349,1.8361266467406195e+18,2024-09-17,NEG,not ironic,
22949726,7350,7350,1.8361266465770417e+18,2024-09-17,NEG,ironic,
22949727,7351,7351,1.836126646346064e+18,2024-09-17,POS,ironic,
22949728,7352,7352,1.8361266459140672e+18,2024-09-17,NEG,not ironic,
22949729,7353,7353,1.836126645645713e+18,2024-09-17,NEG,not ironic,
22949730,7354,7354,1.8361266454319964e+18,2024-09-17,NEU,not ironic,
22949731,7355,7355,1.8361266451216425e+18,2024-09-17,NEG,ironic,
22949732,7356,7356,1.8361266436197704e+18,2024-09-17,POS,not ironic,
22949733,7357,7357,1.8361266434562048e+18,2024-09-17,NEG,not ironic,
22949734,7358,7358,1.8361266430202348e+18,2024-09-17,POS,ironic,
22949735,7359,7359,1.836126642034672e+18,2024-09-17,NEG,not ironic,
22949736,7360,7360,1.8361266418749404e+18,2024-09-17,NEU,ironic,
22949737,7361,7361,1.836126641602663e+18,2024-09-17,NEG,ironic,
22949738,7362,7362,1.8361266415271e+18,2024-09-17,NEG,not ironic,
22949739,7363,7363,1.836126641489351e+18,2024-09-17,NEU,not ironic,
22949740,7364,7364,1.8361266412542897e+18,2024-09-17,NEU,not ironic,
22949741,7365,7365,1.836126640872788e+18,2024-09-17,NEG,not ironic,
22949742,7366,7366,1.836126639731708e+18,2024-09-17,NEU,ironic,
22949743,7367,7367,1.8361266380790868e+18,2024-09-17,NEG,ironic,
22949744,7368,7368,1.8361266358854943e+18,2024-09-17,NEU,not ironic,
22949745,7369,7369,1.8361266341238784e+18,2024-09-17,NEG,not ironic,
22949746,7370,7370,1.8361266327733128e+18,2024-09-17,NEG,not ironic,
22949747,7371,7371,1.8361266321987668e+18,2024-09-17,NEG,not ironic,
22949748,7372,7372,1.8361266313053555e+18,2024-09-17,NEU,not ironic,
22949750,7374,7374,1.836126625479484e+18,2024-09-17,NEU,not ironic,
22949751,7375,7375,1.836126625177408e+18,2024-09-17,NEG,ironic,
22949752,7376,7376,1.8361266248419607e+18,2024-09-17,NEG,ironic,
22949753,7377,7377,1.836126624766424e+18,2024-09-17,NEG,not ironic,
22949754,7378,7378,1.836126624275685e+18,2024-09-17,NEG,ironic,
22949755,7379,7379,1.8361266239149184e+18,2024-09-17,NEG,not ironic,
22949756,7380,7380,1.8361266225898168e+18,2024-09-17,NEG,ironic,
22949757,7381,7381,1.836126622455399e+18,2024-09-17,NEG,not ironic,
22949758,7382,7382,1.836126621688058e+18,2024-09-17,POS,not ironic,
22949759,7383,7383,1.8361266215789896e+18,2024-09-17,NEG,ironic,
22949760,7384,7384,1.8361266215745943e+18,2024-09-17,NEG,not ironic,
22949761,7385,7385,1.836126620501053e+18,2024-09-17,NEU,not ironic,
22949762,7386,7386,1.836126619733296e+18,2024-09-17,NEG,not ironic,
22949763,7387,7387,1.836126617971696e+18,2024-09-17,POS,ironic,
22949764,7388,7388,1.836126614222168e+18,2024-09-17,NEG,not ironic,
22949765,7389,7389,1.8361266139411663e+18,2024-09-17,NEU,ironic,
22949767,7391,7391,1.836126612393464e+18,2024-09-17,NEU,not ironic,
22949768,7392,7392,1.836126611969872e+18,2024-09-17,NEG,not ironic,
22949769,7393,7393,1.836126611218858e+18,2024-09-17,NEU,not ironic,
22949770,7394,7394,1.8361266105351537e+18,2024-09-17,NEG,not ironic,
22949771,7395,7395,1.836126610174378e+18,2024-09-17,NEU,not ironic,
22949772,7396,7396,1.8361266083459405e+18,2024-09-17,NEG,ironic,
22949773,7397,7397,1.8361266081318385e+18,2024-09-17,NEU,ironic,
22949774,7398,7398,1.836126607771124e+18,2024-09-17,NEG,not ironic,
22949775,7399,7399,1.836126607679066e+18,2024-09-17,NEG,ironic,
22949776,7400,7400,1.8361266069238991e+18,2024-09-17,NEU,not ironic,
22949777,7401,7401,1.8361266064289715e+18,2024-09-17,NEG,not ironic,
22949779,7403,7403,1.8361266039839127e+18,2024-09-17,NEG,not ironic,
22949780,7404,7404,1.836126603702866e+18,2024-09-17,NEU,not ironic,
22949781,7405,7405,1.836126603157607e+18,2024-09-17,NEU,not ironic,
22949782,7406,7406,1.836126601509245e+18,2024-09-17,NEG,ironic,
22949783,7407,7407,1.8361266003387763e+18,2024-09-17,NEG,not ironic,
22949784,7408,7408,1.8361265994914857e+18,2024-09-17,NEG,ironic,
22949785,7409,7409,1.8361265988710195e+18,2024-09-17,NEG,not ironic,
22949786,7410,7410,1.8361265986697792e+18,2024-09-17,NEG,not ironic,
22949787,7411,7411,1.836126598430368e+18,2024-09-17,NEU,not ironic,
22949788,7412,7412,1.836126597130117e+18,2024-09-17,NEG,not ironic,
22949789,7413,7413,1.8361265970755791e+18,2024-09-17,POS,ironic,
22949790,7414,7414,1.836126596471886e+18,2024-09-17,POS,not ironic,
22949791,7415,7415,1.8361265956956984e+18,2024-09-17,NEU,not ironic,
22949792,7416,7416,1.8361265942195407e+18,2024-09-17,NEU,not ironic,
22949794,7418,7418,1.836126591308698e+18,2024-09-17,NEU,not ironic,
22949795,7419,7419,1.836126589899412e+18,2024-09-17,NEU,not ironic,
22949796,7420,7420,1.8361265897568133e+18,2024-09-17,NEU,ironic,
22949797,7421,7421,1.836126589328704e+18,2024-09-17,NEU,not ironic,
22949798,7422,7422,1.836126588976636e+18,2024-09-17,NEG,not ironic,
22949799,7423,7423,1.836126588662092e+18,2024-09-17,NEG,not ironic,
22949800,7424,7424,1.836126587739067e+18,2024-09-17,POS,ironic,
22949801,7425,7425,1.836126587387024e+18,2024-09-17,NEG,not ironic,
22949802,7426,7426,1.8361265869883187e+18,2024-09-17,NEG,not ironic,
22949803,7427,7427,1.836126586829181e+18,2024-09-17,NEG,ironic,
22949804,7428,7428,1.8361265856716068e+18,2024-09-17,NEG,not ironic,
22949805,7429,7429,1.836126584824304e+18,2024-09-17,NEU,not ironic,
22949806,7430,7430,1.8361265846649203e+18,2024-09-17,NEG,ironic,
22949807,7431,7431,1.8361265815359368e+18,2024-09-17,NEG,ironic,
22949809,7433,7433,1.836126579858031e+18,2024-09-17,NEG,not ironic,
22949810,7434,7434,1.836126579837096e+18,2024-09-17,NEG,ironic,
22949811,7435,7435,1.836126579216335e+18,2024-09-17,NEG,not ironic,
22949812,7436,7436,1.8361265787506857e+18,2024-09-17,NEG,not ironic,
22949813,7437,7437,1.836126578574791e+18,2024-09-17,NEG,not ironic,
22949814,7438,7438,1.8361265785284e+18,2024-09-17,NEU,ironic,
22949815,7439,7439,1.836126577572352e+18,2024-09-17,NEU,ironic,
22949816,7440,7440,1.8361265774546207e+18,2024-09-17,NEU,not ironic,
22949817,7441,7441,1.836126577245172e+18,2024-09-17,NEU,not ironic,
22949818,7442,7442,1.836126576804856e+18,2024-09-17,NEG,not ironic,
22949819,7443,7443,1.8361265752445545e+18,2024-09-17,NEG,not ironic,
22949820,7444,7444,1.8361265751267863e+18,2024-09-17,NEU,ironic,
22949821,7445,7445,1.8361265716916923e+18,2024-09-17,POS,ironic,
22949822,7446,7446,1.836126571427697e+18,2024-09-17,NEU,not ironic,
22949823,7447,7447,1.8361265697959e+18,2024-09-17,POS,not ironic,
22949824,7448,7448,1.836126565207544e+18,2024-09-17,NEG,ironic,
22949825,7449,7449,1.8361265641421947e+18,2024-09-17,NEG,not ironic,
22949826,7450,7450,1.8361265634711025e+18,2024-09-17,NEU,not ironic,
22949827,7451,7451,1.8361265632401943e+18,2024-09-17,NEG,ironic,
22949828,7452,7452,1.8361265628039785e+18,2024-09-17,NEU,not ironic,
22949829,7453,7453,1.836126562371953e+18,2024-09-17,NEG,not ironic,
22949830,7454,7454,1.8361265609711084e+18,2024-09-17,NEG,ironic,
22949831,7455,7455,1.836126560165991e+18,2024-09-17,NEU,not ironic,
22949832,7456,7456,1.8361265592723784e+18,2024-09-17,NEG,ironic,
22949833,7457,7457,1.8361265575191475e+18,2024-09-17,NEG,not ironic,
22949834,7458,7458,1.8361265567770053e+18,2024-09-17,NEU,not ironic,
22949835,7459,7459,1.8361265554723392e+18,2024-09-17,NEU,not ironic,
22949836,7460,7460,1.8361265554220447e+18,2024-09-17,NEG,ironic,
22949837,7461,7461,1.8361265548305408e+18,2024-09-17,NEU,ironic,
22949838,7462,7462,1.836126553777775e+18,2024-09-17,NEU,not ironic,
22949839,7463,7463,1.836126552108524e+18,2024-09-17,NEG,not ironic,
22949840,7464,7464,1.8361265518484928e+18,2024-09-17,NEG,not ironic,
22949841,7465,7465,1.8361265477634788e+18,2024-09-17,NEU,not ironic,
22949842,7466,7466,1.836126547566068e+18,2024-09-17,NEG,not ironic,
22949843,7467,7467,1.836126547516015e+18,2024-09-17,NEG,not ironic,
22949844,7468,7468,1.8361265469495127e+18,2024-09-17,NEU,not ironic,
22949845,7469,7469,1.8361265463161329e+18,2024-09-17,NEG,not ironic,
22949846,7470,7470,1.8361265457625536e+18,2024-09-17,NEG,not ironic,
22949848,7472,7472,1.8361265440470464e+18,2024-09-17,NEG,not ironic,
22949849,7473,7473,1.836126543006806e+18,2024-09-17,NEG,ironic,
22949850,7474,7474,1.8361265428642447e+18,2024-09-17,POS,not ironic,
22949851,7475,7475,1.8361265426671045e+18,2024-09-17,POS,ironic,
22949852,7476,7476,1.836126542457721e+18,2024-09-17,NEG,not ironic,
22949853,7477,7477,1.8361265422773453e+18,2024-09-17,NEU,not ironic,
22949854,7478,7478,1.836126541014524e+18,2024-09-17,NEG,ironic,
22949855,7479,7479,1.836126540909728e+18,2024-09-17,POS,ironic,
22949856,7480,7480,1.8361265407628864e+18,2024-09-17,NEG,not ironic,
22949857,7481,7481,1.83612653790682e+18,2024-09-17,NEG,ironic,
22949858,7482,7482,1.8361265356626537e+18,2024-09-17,NEG,not ironic,
22949859,7483,7483,1.8361265340355336e+18,2024-09-17,NEG,ironic,
22949861,7485,7485,1.8361265323074604e+18,2024-09-17,NEU,not ironic,
22949862,7486,7486,1.8361265318669847e+18,2024-09-17,NEU,ironic,
22949863,7487,7487,1.836126531791524e+18,2024-09-17,NEG,ironic,
22949864,7488,7488,1.836126531674084e+18,2024-09-17,NEG,not ironic,
22949865,7489,7489,1.8361265316277207e+18,2024-09-17,NEG,ironic,
22949866,7490,7490,1.8361265313637048e+18,2024-09-17,POS,not ironic,
22949867,7491,7491,1.836126529903805e+18,2024-09-17,NEG,ironic,
22949868,7492,7492,1.8361265298495608e+18,2024-09-17,NEG,not ironic,
22949869,7493,7493,1.8361265289687567e+18,2024-09-17,NEU,not ironic,
22949870,7494,7494,1.8361265281254648e+18,2024-09-17,NEU,not ironic,
22949871,7495,7495,1.8361265277646968e+18,2024-09-17,POS,not ironic,
22949872,7496,7496,1.836126527681106e+18,2024-09-17,NEU,not ironic,
22949873,7497,7497,1.8361265273791163e+18,2024-09-17,NEG,not ironic,
22949874,7498,7498,1.8361265267499704e+18,2024-09-17,NEG,not ironic,
22949875,7499,7499,1.836126525361636e+18,2024-09-17,NEG,not ironic,
22949876,7500,7500,1.836126524702929e+18,2024-09-17,NEU,not ironic,
22949877,7501,7501,1.8361265214273992e+18,2024-09-17,NEU,ironic,
22949879,7503,7503,1.8361265208611924e+18,2024-09-17,NEG,not ironic,
22949880,7504,7504,1.8361265197370944e+18,2024-09-17,NEG,not ironic,
22949881,7505,7505,1.8361265196026227e+18,2024-09-17,NEG,ironic,
22949882,7506,7506,1.8361265193428585e+18,2024-09-17,NEG,not ironic,
22949883,7507,7507,1.836126519019889e+18,2024-09-17,NEG,ironic,
22949884,7508,7508,1.8361265189357448e+18,2024-09-17,NEG,not ironic,
22949885,7509,7509,1.8361265183530148e+18,2024-09-17,NEU,not ironic,
22949886,7510,7510,1.8361265151611087e+18,2024-09-17,NEG,ironic,
22949887,7511,7511,1.8361265144729848e+18,2024-09-17,NEU,not ironic,
22949888,7512,7512,1.8361265138019164e+18,2024-09-17,NEG,not ironic,
22949889,7513,7513,1.8361265090917583e+18,2024-09-17,NEG,not ironic,
22949890,7514,7514,1.836126508366324e+18,2024-09-17,NEG,ironic,
22949891,7515,7515,1.8361265072590648e+18,2024-09-17,NEU,ironic,
22949892,7516,7516,1.8361265072420247e+18,2024-09-17,NEU,not ironic,
22949893,7517,7517,1.8361265069106708e+18,2024-09-17,NEU,ironic,
22949894,7518,7518,1.8361265066087304e+18,2024-09-17,NEU,ironic,
22949895,7519,7519,1.836126506042692e+18,2024-09-17,POS,not ironic,
22949896,7520,7520,1.8361265053126e+18,2024-09-17,NEU,ironic,
22949897,7521,7521,1.8361265046919416e+18,2024-09-17,NEU,ironic,
22949898,7522,7522,1.836126504113312e+18,2024-09-17,NEG,ironic,
22949899,7523,7523,1.836126503349949e+18,2024-09-17,NEU,not ironic,
22949900,7524,7524,1.83612650178098e+18,2024-09-17,POS,ironic,
22949901,7525,7525,1.8361265013028293e+18,2024-09-17,NEG,not ironic,
22949902,7526,7526,1.8361265011434867e+18,2024-09-17,NEU,not ironic,
22949903,7527,7527,1.8361264963119063e+18,2024-09-17,NEG,not ironic,
22949904,7528,7528,1.836126495514796e+18,2024-09-17,NEG,not ironic,
22949905,7529,7529,1.8361264947180708e+18,2024-09-17,NEG,not ironic,
22949906,7530,7530,1.8361264944955845e+18,2024-09-17,NEU,not ironic,
22949907,7531,7531,1.8361264944370363e+18,2024-09-17,NEG,not ironic,
22949908,7532,7532,1.836126493736604e+18,2024-09-17,NEU,not ironic,
22949909,7533,7533,1.8361264927464653e+18,2024-09-17,NEU,not ironic,
22949910,7534,7534,1.8361264922683889e+18,2024-09-17,NEG,not ironic,
22949911,7535,7535,1.836126491593036e+18,2024-09-17,NEU,not ironic,
22949912,7536,7536,1.836126490569876e+18,2024-09-17,NEU,ironic,
22949913,7537,7537,1.8361264894749696e+18,2024-09-17,NEG,not ironic,
22949914,7538,7538,1.8361264887705605e+18,2024-09-17,NEG,not ironic,
22949915,7539,7539,1.8361264879358807e+18,2024-09-17,NEU,ironic,
22949917,7541,7541,1.8361264861574963e+18,2024-09-17,POS,ironic,
22949918,7542,7542,1.8361264851254643e+18,2024-09-17,NEG,not ironic,
22949919,7543,7543,1.836126484013937e+18,2024-09-17,NEG,not ironic,
22949920,7544,7544,1.8361264827724188e+18,2024-09-17,NEU,ironic,
22949921,7545,7545,1.8361264813715407e+18,2024-09-17,POS,ironic,
22949922,7546,7546,1.836126479752524e+18,2024-09-17,NEU,not ironic,
22949923,7547,7547,1.836126478670664e+18,2024-09-17,NEU,not ironic,
22949924,7548,7548,1.836126478636856e+18,2024-09-17,NEU,ironic,
22949925,7549,7549,1.8361264785783887e+18,2024-09-17,NEU,not ironic,
22949926,7550,7550,1.8361264777602995e+18,2024-09-17,NEU,ironic,
22949927,7551,7551,1.836126477168816e+18,2024-09-17,NEU,not ironic,
22949928,7552,7552,1.8361264757218056e+18,2024-09-17,NEG,not ironic,
22949929,7553,7553,1.8361264748285007e+18,2024-09-17,NEU,not ironic,
22949930,7554,7554,1.8361264742580024e+18,2024-09-17,NEG,ironic,
22949931,7555,7555,1.836126473465533e+18,2024-09-17,NEG,not ironic,
22949932,7556,7556,1.8361264725511744e+18,2024-09-17,NEU,ironic,
22949933,7557,7557,1.8361264697367964e+18,2024-09-17,NEG,not ironic,
22949934,7558,7558,1.836126468956738e+18,2024-09-17,NEG,not ironic,
22949935,7559,7559,1.8361264665952627e+18,2024-09-17,NEG,ironic,
22949936,7560,7560,1.8361264657310108e+18,2024-09-17,NEU,not ironic,
22949937,7561,7561,1.8361264644098207e+18,2024-09-17,NEU,not ironic,
22949938,7562,7562,1.836126463738941e+18,2024-09-17,NEU,not ironic,
22949939,7563,7563,1.8361264629250583e+18,2024-09-17,NEG,ironic,
22949940,7564,7564,1.8361264628497656e+18,2024-09-17,NEG,not ironic,
22949941,7565,7565,1.8361264618638287e+18,2024-09-17,NEG,not ironic,
22949942,7566,7566,1.836126461280785e+18,2024-09-17,NEG,ironic,
22949943,7567,7567,1.8361264609497336e+18,2024-09-17,NEU,not ironic,
22949944,7568,7568,1.8361264604546127e+18,2024-09-17,NEU,not ironic,
22949945,7569,7569,1.836126459770831e+18,2024-09-17,NEU,not ironic,
22949946,7570,7570,1.836126459683066e+18,2024-09-17,NEG,not ironic,
22949947,7571,7571,1.836126458277704e+18,2024-09-17,POS,not ironic,
22949948,7572,7572,1.8361264576068403e+18,2024-09-17,NEG,not ironic,
22949949,7573,7573,1.8361264569106967e+18,2024-09-17,NEG,ironic,
22949950,7574,7574,1.83612645471282e+18,2024-09-17,NEU,ironic,
22949952,7576,7576,1.836126453953446e+18,2024-09-17,NEU,ironic,
22949954,7578,7578,1.836126451231528e+18,2024-09-17,NEG,ironic,
22949955,7579,7579,1.836126448240952e+18,2024-09-17,NEG,ironic,
22949956,7580,7580,1.83612644819044e+18,2024-09-17,POS,ironic,
22949957,7581,7581,1.8361264460512755e+18,2024-09-17,NEU,not ironic,
22949958,7582,7582,1.836126445279548e+18,2024-09-17,NEG,ironic,
22949959,7583,7583,1.8361264447678464e+18,2024-09-17,NEG,not ironic,
22949960,7584,7584,1.8361264446045268e+18,2024-09-17,POS,not ironic,
22949961,7585,7585,1.8361264443148823e+18,2024-09-17,NEU,not ironic,
22949962,7586,7586,1.8361264441347648e+18,2024-09-17,POS,not ironic,
22949963,7587,7587,1.8361264418318664e+18,2024-09-17,NEG,not ironic,
22949964,7588,7588,1.8361264416263867e+18,2024-09-17,NEG,ironic,
22949965,7589,7589,1.8361264406199503e+18,2024-09-17,NEG,not ironic,
22949966,7590,7590,1.836126440078664e+18,2024-09-17,NEG,ironic,
22949967,7591,7591,1.8361264397810767e+18,2024-09-17,NEU,not ironic,
22949968,7592,7592,1.83612643878708e+18,2024-09-17,NEU,not ironic,
22949969,7593,7593,1.836126436215636e+18,2024-09-17,NEG,ironic,
22949970,7594,7594,1.836126435997799e+18,2024-09-17,NEU,not ironic,
22949971,7595,7595,1.8361264330322289e+18,2024-09-17,NEG,not ironic,
22949972,7596,7596,1.836126432898277e+18,2024-09-17,NEG,ironic,
22949973,7597,7597,1.836126432361349e+18,2024-09-17,NEG,ironic,
22949974,7598,7598,1.8361264312750328e+18,2024-09-17,NEG,ironic,
22949975,7599,7599,1.836126429496644e+18,2024-09-17,NEU,not ironic,
22949976,7600,7600,1.8361264289889528e+18,2024-09-17,NEU,not ironic,
22949978,7602,7602,1.8361264284732915e+18,2024-09-17,NEU,not ironic,
22949979,7603,7603,1.836126428200337e+18,2024-09-17,NEG,ironic,
22949980,7604,7604,1.836126426900128e+18,2024-09-17,NEG,ironic,
22949981,7605,7605,1.8361264260905864e+18,2024-09-17,NEU,ironic,
22949982,7606,7606,1.836126425692389e+18,2024-09-17,NEG,not ironic,
22949983,7607,7607,1.8361264253401009e+18,2024-09-17,NEG,not ironic,
22949984,7608,7608,1.8361264245932687e+18,2024-09-17,NEU,ironic,
22949985,7609,7609,1.8361264218923704e+18,2024-09-17,NEG,not ironic,
22949986,7610,7610,1.8361264215985807e+18,2024-09-17,NEU,ironic,
22949987,7611,7611,1.8361264213345285e+18,2024-09-17,NEU,not ironic,
22949988,7612,7612,1.8361264205625016e+18,2024-09-17,NEG,ironic,
22949989,7613,7613,1.8361264199795264e+18,2024-09-17,NEG,not ironic,
22949990,7614,7614,1.8361264179455304e+18,2024-09-17,NEU,not ironic,
22949991,7615,7615,1.836126417681028e+18,2024-09-17,NEG,not ironic,
22949992,7616,7616,1.83612641732037e+18,2024-09-17,NEG,not ironic,
22949993,7617,7617,1.8361264160704108e+18,2024-09-17,NEU,ironic,
22949994,7618,7618,1.8361264130546847e+18,2024-09-17,NEG,not ironic,
22949995,7619,7619,1.8361264129456625e+18,2024-09-17,POS,not ironic,
22949996,7620,7620,1.8361264107604828e+18,2024-09-17,NEU,not ironic,
22949997,7621,7621,1.836126410085172e+18,2024-09-17,NEG,ironic,
22949998,7622,7622,1.836126410039067e+18,2024-09-17,POS,not ironic,
22949999,7623,7623,1.836126406700601e+18,2024-09-17,NEG,not ironic,
22950000,7624,7624,1.8361264065118287e+18,2024-09-17,NEU,not ironic,
22950001,7625,7625,1.8361264053081009e+18,2024-09-17,NEG,not ironic,
22950002,7626,7626,1.8361264050938924e+18,2024-09-17,NEU,not ironic,
22950003,7627,7627,1.8361264034080727e+18,2024-09-17,NEG,ironic,
22950004,7628,7628,1.8361264028208704e+18,2024-09-17,NEU,not ironic,
22950005,7629,7629,1.8361264023847245e+18,2024-09-17,NEG,not ironic,
22950006,7630,7630,1.836126401457488e+18,2024-09-17,NEG,not ironic,
22950007,7631,7631,1.8361264009835151e+18,2024-09-17,NEG,ironic,
22950008,7632,7632,1.8361263988236987e+18,2024-09-17,NEG,not ironic,
22950009,7633,7633,1.836126397708018e+18,2024-09-17,NEG,not ironic,
22950010,7634,7634,1.8361263971708723e+18,2024-09-17,NEG,not ironic,
22950012,7636,7636,1.836126395379892e+18,2024-09-17,NEU,not ironic,
22950013,7637,7637,1.8361263952375967e+18,2024-09-17,NEU,ironic,
22950014,7638,7638,1.8361263944445875e+18,2024-09-17,NEG,ironic,
22950015,7639,7639,1.836126393974833e+18,2024-09-17,NEG,ironic,
22950016,7640,7640,1.836126393706648e+18,2024-09-17,NEU,not ironic,
22950017,7641,7641,1.8361263918821663e+18,2024-09-17,NEG,ironic,
22950018,7642,7642,1.8361263917896376e+18,2024-09-17,POS,ironic,
22950019,7643,7643,1.8361263917392364e+18,2024-09-17,NEU,not ironic,
22950020,7644,7644,1.836126390871282e+18,2024-09-17,NEU,not ironic,
22950021,7645,7645,1.8361263904558328e+18,2024-09-17,NEG,not ironic,
22950022,7646,7646,1.836126389457532e+18,2024-09-17,NEG,not ironic,
22950023,7647,7647,1.836126387704652e+18,2024-09-17,NEG,ironic,
22950024,7648,7648,1.8361263865218624e+18,2024-09-17,NEG,ironic,
22950025,7649,7649,1.836126385561371e+18,2024-09-17,POS,ironic,
22950027,7651,7651,1.8361263834599631e+18,2024-09-17,NEU,not ironic,
22950028,7652,7652,1.8361263821679127e+18,2024-09-17,NEU,not ironic,
22950029,7653,7653,1.8361263817235213e+18,2024-09-17,POS,not ironic,
22950030,7654,7654,1.8361263814300017e+18,2024-09-17,NEU,not ironic,
22950031,7655,7655,1.8361263813206303e+18,2024-09-17,NEG,ironic,
22950032,7656,7656,1.8361263794247887e+18,2024-09-17,POS,ironic,
22950033,7657,7657,1.8361263781331968e+18,2024-09-17,NEG,ironic,
22950034,7658,7658,1.8361263779693568e+18,2024-09-17,POS,ironic,
22950035,7659,7659,1.8361263764764145e+18,2024-09-17,NEG,not ironic,
22950036,7660,7660,1.8361263758134643e+18,2024-09-17,NEG,ironic,
22950037,7661,7661,1.8361263755830605e+18,2024-09-17,NEU,not ironic,
22950038,7662,7662,1.8361263748026647e+18,2024-09-17,NEU,not ironic,
22950039,7663,7663,1.8361263726887567e+18,2024-09-17,NEG,not ironic,
22950041,7665,7665,1.8361263722021847e+18,2024-09-17,NEG,ironic,
22950042,7666,7666,1.836126371749196e+18,2024-09-17,NEG,not ironic,
22950043,7667,7667,1.836126370889372e+18,2024-09-17,NEG,not ironic,
22950044,7668,7668,1.8361263708558912e+18,2024-09-17,NEU,not ironic,
22950045,7669,7669,1.836126369165775e+18,2024-09-17,NEU,not ironic,
22950046,7670,7670,1.8361263683518508e+18,2024-09-17,POS,not ironic,
22950047,7671,7671,1.836126367936844e+18,2024-09-17,NEU,not ironic,
22950048,7672,7672,1.836126367299032e+18,2024-09-17,NEU,not ironic,
22950049,7673,7673,1.8361263667917704e+18,2024-09-17,NEG,not ironic,
22950050,7674,7674,1.836126365260878e+18,2024-09-17,NEG,not ironic,
22950051,7675,7675,1.836126364245885e+18,2024-09-17,NEG,ironic,
22950052,7676,7676,1.8361263638681887e+18,2024-09-17,NEG,not ironic,
22950054,7678,7678,1.836126362345812e+18,2024-09-17,NEG,not ironic,
22950055,7679,7679,1.8361263622113324e+18,2024-09-17,NEG,not ironic,
22950056,7680,7680,1.8361263618213683e+18,2024-09-17,NEU,ironic,
22950057,7681,7681,1.836126361301168e+18,2024-09-17,NEU,not ironic,
22950058,7682,7682,1.836126359481128e+18,2024-09-17,NEG,ironic,
22950059,7683,7683,1.8361263587722893e+18,2024-09-17,POS,ironic,
22950060,7684,7684,1.83612635769852e+18,2024-09-17,NEG,ironic,
22950061,7685,7685,1.8361263571111324e+18,2024-09-17,NEG,not ironic,
22950062,7686,7686,1.8361263568135496e+18,2024-09-17,NEU,not ironic,
22950063,7687,7687,1.836126356712677e+18,2024-09-17,NEU,not ironic,
22950064,7688,7688,1.836126356037628e+18,2024-09-17,NEG,ironic,
22950065,7689,7689,1.8361263557104847e+18,2024-09-17,NEG,ironic,
22950066,7690,7690,1.836126355467178e+18,2024-09-17,NEG,not ironic,
22950067,7691,7691,1.8361263552362908e+18,2024-09-17,POS,ironic,
22950068,7692,7692,1.83612635517334e+18,2024-09-17,NEU,not ironic,
22950069,7693,7693,1.8361263540746693e+18,2024-09-17,NEG,ironic,
22950070,7694,7694,1.8361263523254195e+18,2024-09-17,POS,ironic,
22950071,7695,7695,1.8361263519144013e+18,2024-09-17,NEG,not ironic,
22950072,7696,7696,1.836126351260291e+18,2024-09-17,NEG,ironic,
22950073,7697,7697,1.836126351201337e+18,2024-09-17,NEG,not ironic,
22950074,7698,7698,1.836126351188796e+18,2024-09-17,NEU,not ironic,
22950075,7699,7699,1.8361263495909583e+18,2024-09-17,NEU,not ironic,
22950076,7700,7700,1.836126349540328e+18,2024-09-17,NEG,not ironic,
22950077,7701,7701,1.8361263495154363e+18,2024-09-17,NEG,not ironic,
22950078,7702,7702,1.8361263481604424e+18,2024-09-17,NEG,not ironic,
22950079,7703,7703,1.836126348026274e+18,2024-09-17,NEG,ironic,
22950080,7704,7704,1.8361263478964595e+18,2024-09-17,NEU,ironic,
22950081,7705,7705,1.8361263477706304e+18,2024-09-17,NEG,ironic,
22950082,7706,7706,1.8361263468227008e+18,2024-09-17,NEG,ironic,
22950083,7707,7707,1.836126345752888e+18,2024-09-17,NEU,ironic,
22950084,7708,7708,1.8361263451869391e+18,2024-09-17,NEG,ironic,
22950085,7709,7709,1.836126344750732e+18,2024-09-17,NEG,not ironic,
22950086,7710,7710,1.8361263434964424e+18,2024-09-17,NEG,not ironic,
22950087,7711,7711,1.836126343215436e+18,2024-09-17,NEG,not ironic,
22950088,7712,7712,1.8361263426743176e+18,2024-09-17,NEG,not ironic,
22950089,7713,7713,1.8361263415630605e+18,2024-09-17,NEU,not ironic,
22950090,7714,7714,1.8361263392266527e+18,2024-09-17,NEG,ironic,
22950091,7715,7715,1.8361263388533107e+18,2024-09-17,NEU,not ironic,
22950092,7716,7716,1.8361263380982705e+18,2024-09-17,NEU,not ironic,
22950093,7717,7717,1.83612633683608e+18,2024-09-17,NEU,ironic,
22950094,7718,7718,1.836126335946609e+18,2024-09-17,NEU,not ironic,
22950095,7719,7719,1.836126334952837e+18,2024-09-17,NEU,ironic,
22950096,7720,7720,1.8361263341810847e+18,2024-09-17,NEU,not ironic,
22950097,7721,7721,1.8361263337866284e+18,2024-09-17,POS,not ironic,
22950098,7722,7722,1.836126333690344e+18,2024-09-17,NEU,not ironic,
22950099,7723,7723,1.8361263327046784e+18,2024-09-17,NEU,not ironic,
22950100,7724,7724,1.836126331052135e+18,2024-09-17,NEG,not ironic,
22950101,7725,7725,1.8361263310015608e+18,2024-09-17,NEU,ironic,
22950102,7726,7726,1.8361263308631327e+18,2024-09-17,NEG,ironic,
22950103,7727,7727,1.836126330573796e+18,2024-09-17,POS,not ironic,
22950104,7728,7728,1.8361263305192369e+18,2024-09-17,POS,not ironic,
22950105,7729,7729,1.8361263302884849e+18,2024-09-17,POS,ironic,
22950106,7730,7730,1.836126329772872e+18,2024-09-17,NEU,not ironic,
22950107,7731,7731,1.836126328908571e+18,2024-09-17,NEG,ironic,
22950108,7732,7732,1.836126328548135e+18,2024-09-17,NEG,ironic,
22950109,7733,7733,1.8361263250416968e+18,2024-09-17,POS,not ironic,
22950110,7734,7734,1.8361263249032847e+18,2024-09-17,NEG,not ironic,
22950111,7735,7735,1.836126324827599e+18,2024-09-17,NEG,not ironic,
22950112,7736,7736,1.8361263238796e+18,2024-09-17,POS,not ironic,
22950113,7737,7737,1.836126323867296e+18,2024-09-17,NEG,not ironic,
22950115,7739,7739,1.8361263216063409e+18,2024-09-17,NEU,not ironic,
22950116,7740,7740,1.8361263202601905e+18,2024-09-17,NEU,not ironic,
22950117,7741,7741,1.8361263201886287e+18,2024-09-17,POS,ironic,
22950118,7742,7742,1.836126320108945e+18,2024-09-17,NEU,ironic,
22950119,7743,7743,1.836126319614268e+18,2024-09-17,NEG,not ironic,
22950120,7744,7744,1.8361263195553672e+18,2024-09-17,POS,ironic,
22950121,7745,7745,1.8361263174245952e+18,2024-09-17,NEU,not ironic,
22950122,7746,7746,1.8361263172570688e+18,2024-09-17,NEG,not ironic,
22950123,7747,7747,1.8361263164977075e+18,2024-09-17,NEG,ironic,
22950124,7748,7748,1.8361263163510991e+18,2024-09-17,NEU,ironic,
22950125,7749,7749,1.8361263160740047e+18,2024-09-17,NEG,not ironic,
22950126,7750,7750,1.836126315671622e+18,2024-09-17,NEG,not ironic,
22950127,7751,7751,1.8361263129704904e+18,2024-09-17,NEG,ironic,
22950128,7752,7752,1.8361263105587653e+18,2024-09-17,NEG,not ironic,
22950129,7753,7753,1.8361263099087217e+18,2024-09-17,NEG,ironic,
22950130,7754,7754,1.8361263098583163e+18,2024-09-17,NEG,ironic,
22950131,7755,7755,1.8361263094766351e+18,2024-09-17,NEG,ironic,
22950132,7756,7756,1.8361263087258545e+18,2024-09-17,POS,not ironic,
22950133,7757,7757,1.8361263059448264e+18,2024-09-17,NEG,not ironic,
22950134,7758,7758,1.8361263049716567e+18,2024-09-17,NEU,ironic,
22950136,7760,7760,1.836126304384561e+18,2024-09-17,NEG,ironic,
22950137,7761,7761,1.8361263030381404e+18,2024-09-17,NEG,not ironic,
22950138,7762,7762,1.8361263029165343e+18,2024-09-17,POS,ironic,
22950139,7763,7763,1.8361263026271032e+18,2024-09-17,NEG,ironic,
22950140,7764,7764,1.8361263020443284e+18,2024-09-17,NEU,not ironic,
22950141,7765,7765,1.836126301649822e+18,2024-09-17,NEU,not ironic,
22950142,7766,7766,1.836126301502968e+18,2024-09-17,NEG,not ironic,
22950143,7767,7767,1.8361263010838323e+18,2024-09-17,NEU,ironic,
22950144,7768,7768,1.8361262997581988e+18,2024-09-17,NEU,not ironic,
22950145,7769,7769,1.8361262968896108e+18,2024-09-17,NEG,ironic,
22950146,7770,7770,1.836126296000304e+18,2024-09-17,NEG,not ironic,
22950147,7771,7771,1.8361262955848207e+18,2024-09-17,NEG,not ironic,
22950148,7772,7772,1.8361262949515512e+18,2024-09-17,NEG,ironic,
22950149,7773,7773,1.836126294037209e+18,2024-09-17,NEG,not ironic,
22950150,7774,7774,1.8361262940036383e+18,2024-09-17,NEG,not ironic,
22950151,7775,7775,1.8361262932570609e+18,2024-09-17,NEG,ironic,
22950152,7776,7776,1.836126290778456e+18,2024-09-17,NEG,ironic,
22950153,7777,7777,1.8361262899519488e+18,2024-09-17,NEU,ironic,
22950154,7778,7778,1.8361262884377152e+18,2024-09-17,NEG,not ironic,
22950155,7779,7779,1.8361262869613243e+18,2024-09-17,NEG,not ironic,
22950156,7780,7780,1.8361262861518807e+18,2024-09-17,POS,not ironic,
22950157,7781,7781,1.8361262853423355e+18,2024-09-17,NEG,ironic,
22950158,7782,7782,1.8361262852628808e+18,2024-09-17,NEU,ironic,
22950159,7783,7783,1.8361262849229248e+18,2024-09-17,NEG,not ironic,
22950160,7784,7784,1.836126284746838e+18,2024-09-17,NEU,not ironic,
22950161,7785,7785,1.836126284348536e+18,2024-09-17,NEU,not ironic,
22950162,7786,7786,1.836126283727852e+18,2024-09-17,NEU,not ironic,
22950163,7787,7787,1.8361262833628984e+18,2024-09-17,NEG,not ironic,
22950164,7788,7788,1.8361262831445568e+18,2024-09-17,NEG,ironic,
22950165,7789,7789,1.8361262828970355e+18,2024-09-17,NEG,not ironic,
22950166,7790,7790,1.836126282767328e+18,2024-09-17,NEU,not ironic,
22950167,7791,7791,1.8361262818068849e+18,2024-09-17,NEG,ironic,
22950169,7793,7793,1.83612628143333e+18,2024-09-17,NEG,ironic,
22950170,7794,7794,1.8361262813913871e+18,2024-09-17,NEG,ironic,
22950171,7795,7795,1.836126281378993e+18,2024-09-17,NEU,ironic,
22950172,7796,7796,1.8361262804098583e+18,2024-09-17,NEU,not ironic,
22950173,7797,7797,1.836126280263078e+18,2024-09-17,POS,not ironic,
22950174,7798,7798,1.836126279554491e+18,2024-09-17,NEG,not ironic,
22950175,7799,7799,1.8361262794912768e+18,2024-09-17,NEU,not ironic,
22950176,7800,7800,1.8361262790427648e+18,2024-09-17,NEG,not ironic,
22950177,7801,7801,1.8361262781997097e+18,2024-09-17,NEG,not ironic,
22950178,7802,7802,1.8361262775745004e+18,2024-09-17,NEU,ironic,
22950179,7803,7803,1.836126275628601e+18,2024-09-17,NEU,not ironic,
22950180,7804,7804,1.8361262749239583e+18,2024-09-17,NEG,not ironic,
22950181,7805,7805,1.836126274739176e+18,2024-09-17,NEU,not ironic,
22950182,7806,7806,1.836126273837634e+18,2024-09-17,NEU,ironic,
22950183,7807,7807,1.8361262722521864e+18,2024-09-17,POS,not ironic,
22950184,7808,7808,1.8361262719415703e+18,2024-09-17,NEG,not ironic,
22950185,7809,7809,1.8361262710229847e+18,2024-09-17,NEU,ironic,
22950186,7810,7810,1.8361262708846223e+18,2024-09-17,NEU,not ironic,
22950187,7811,7811,1.836126270356444e+18,2024-09-17,NEU,ironic,
22950188,7812,7812,1.83612626919032e+18,2024-09-17,NEU,not ironic,
22950189,7813,7813,1.8361262690770988e+18,2024-09-17,NEU,not ironic,
22950190,7814,7814,1.836126267126748e+18,2024-09-17,NEG,ironic,
22950191,7815,7815,1.8361262655706609e+18,2024-09-17,NEU,not ironic,
22950192,7816,7816,1.8361262646772736e+18,2024-09-17,NEG,not ironic,
22950193,7817,7817,1.836126262122648e+18,2024-09-17,NEG,not ironic,
22950194,7818,7818,1.8361262601642765e+18,2024-09-17,NEU,ironic,
22950195,7819,7819,1.8361262588217592e+18,2024-09-17,POS,not ironic,
22950196,7820,7820,1.836126257970352e+18,2024-09-17,NEG,ironic,
22950197,7821,7821,1.8361262563765248e+18,2024-09-17,NEG,not ironic,
22950198,7822,7822,1.8361262563725148e+18,2024-09-17,NEG,ironic,
22950199,7823,7823,1.8361262563177969e+18,2024-09-17,NEU,not ironic,
22950200,7824,7824,1.836126255684408e+18,2024-09-17,NEG,not ironic,
22950201,7825,7825,1.8361262555837727e+18,2024-09-17,NEG,not ironic,
22950202,7826,7826,1.8361262524423048e+18,2024-09-17,NEU,not ironic,
22950204,7828,7828,1.8361262502699128e+18,2024-09-17,NEG,not ironic,
22950205,7829,7829,1.836126250093433e+18,2024-09-17,NEG,ironic,
22950206,7830,7830,1.8361262497329687e+18,2024-09-17,NEG,ironic,
22950207,7831,7831,1.836126248818344e+18,2024-09-17,NEU,ironic,
22950208,7832,7832,1.8361262487387136e+18,2024-09-17,NEU,not ironic,
22950209,7833,7833,1.836126248151532e+18,2024-09-17,POS,ironic,
22950210,7834,7834,1.8361262471322747e+18,2024-09-17,NEG,not ironic,
22950211,7835,7835,1.8361262466920983e+18,2024-09-17,NEG,not ironic,
22950212,7836,7836,1.836126246536721e+18,2024-09-17,NEG,ironic,
22950213,7837,7837,1.836126246465336e+18,2024-09-17,NEG,not ironic,
22950214,7838,7838,1.8361262451947727e+18,2024-09-17,NEU,not ironic,
22950215,7839,7839,1.8361262450227364e+18,2024-09-17,NEU,not ironic,
22950216,7840,7840,1.836126244750136e+18,2024-09-17,NEG,ironic,
22950217,7841,7841,1.836126242770244e+18,2024-09-17,NEG,not ironic,
22950218,7842,7842,1.83612624171346e+18,2024-09-17,NEU,ironic,
22950219,7843,7843,1.8361262401990607e+18,2024-09-17,NEU,not ironic,
22950220,7844,7844,1.8361262385551808e+18,2024-09-17,POS,not ironic,
22950221,7845,7845,1.836126236357349e+18,2024-09-17,NEU,not ironic,
22950222,7846,7846,1.8361262346083607e+18,2024-09-17,NEU,not ironic,
22950223,7847,7847,1.8361262332997225e+18,2024-09-17,NEG,ironic,
22950224,7848,7848,1.8361262331192937e+18,2024-09-17,NEU,not ironic,
22950225,7849,7849,1.836126233060348e+18,2024-09-17,NEG,not ironic,
22950226,7850,7850,1.836126232619938e+18,2024-09-17,NEG,ironic,
22950227,7851,7851,1.8361262323598623e+18,2024-09-17,NEG,not ironic,
22950228,7852,7852,1.8361262315380777e+18,2024-09-17,NEG,ironic,
22950229,7853,7853,1.8361262299482568e+18,2024-09-17,NEG,not ironic,
22950230,7854,7854,1.8361262299271823e+18,2024-09-17,NEG,ironic,
22950231,7855,7855,1.8361262296755817e+18,2024-09-17,NEG,not ironic,
22950232,7856,7856,1.8361262289625787e+18,2024-09-17,NEG,not ironic,
22950233,7857,7857,1.8361262282200968e+18,2024-09-17,NEU,not ironic,
22950234,7858,7858,1.8361262281908224e+18,2024-09-17,NEG,not ironic,
22950235,7859,7859,1.836126227578385e+18,2024-09-17,NEU,not ironic,
22950236,7860,7860,1.8361262270457e+18,2024-09-17,NEG,not ironic,
22950237,7861,7861,1.8361262266598728e+18,2024-09-17,NEG,not ironic,
22950238,7862,7862,1.8361262264168328e+18,2024-09-17,NEG,not ironic,
22950239,7863,7863,1.8361262259512648e+18,2024-09-17,NEU,ironic,
22950240,7864,7864,1.8361262240300032e+18,2024-09-17,NEG,not ironic,
22950241,7865,7865,1.8361262232669883e+18,2024-09-17,NEU,not ironic,
22950242,7866,7866,1.836126223254328e+18,2024-09-17,NEG,ironic,
22950243,7867,7867,1.8361262231620529e+18,2024-09-17,NEU,ironic,
22950244,7868,7868,1.8361262230820992e+18,2024-09-17,NEU,not ironic,
22950245,7869,7869,1.8361262224487468e+18,2024-09-17,NEG,not ironic,
22950246,7870,7870,1.836126222407078e+18,2024-09-17,NEG,not ironic,
22950247,7871,7871,1.8361262198192049e+18,2024-09-17,NEU,ironic,
22950248,7872,7872,1.836126219730813e+18,2024-09-17,NEG,not ironic,
22950249,7873,7873,1.8361262192149304e+18,2024-09-17,NEG,not ironic,
22950250,7874,7874,1.836126217780548e+18,2024-09-17,NEU,not ironic,
22950251,7875,7875,1.8361262169165005e+18,2024-09-17,NEU,not ironic,
22950252,7876,7876,1.8361262160569267e+18,2024-09-17,NEG,not ironic,
22950253,7877,7877,1.8361262158049728e+18,2024-09-17,NEG,not ironic,
22950255,7879,7879,1.836126214949605e+18,2024-09-17,NEG,ironic,
22950256,7880,7880,1.836126214878012e+18,2024-09-17,NEG,ironic,
22950257,7881,7881,1.83612621429948e+18,2024-09-17,NEG,ironic,
22950258,7882,7882,1.836126213577806e+18,2024-09-17,NEG,not ironic,
22950259,7883,7883,1.83612621322974e+18,2024-09-17,POS,not ironic,
22950260,7884,7884,1.8361262125126776e+18,2024-09-17,NEG,ironic,
22950261,7885,7885,1.8361262122566536e+18,2024-09-17,NEG,ironic,
22950262,7886,7886,1.8361262120177871e+18,2024-09-17,NEG,not ironic,
22950263,7887,7887,1.8361262112460352e+18,2024-09-17,NEU,not ironic,
22950264,7888,7888,1.8361262089014195e+18,2024-09-17,NEU,not ironic,
22950265,7889,7889,1.836126208096113e+18,2024-09-17,NEU,not ironic,
22950266,7890,7890,1.8361262077729096e+18,2024-09-17,NEG,ironic,
22950267,7891,7891,1.8361262073537948e+18,2024-09-17,NEG,ironic,
22950268,7892,7892,1.836126207164977e+18,2024-09-17,NEG,not ironic,
22950269,7893,7893,1.836126206640505e+18,2024-09-17,NEU,not ironic,
22950270,7894,7894,1.836126206288176e+18,2024-09-17,NEG,not ironic,
22950271,7895,7895,1.8361262054870428e+18,2024-09-17,NEG,ironic,
22950272,7896,7896,1.836126203842884e+18,2024-09-17,NEG,not ironic,
22950273,7897,7897,1.8361262037924864e+18,2024-09-17,NEG,ironic,
22950274,7898,7898,1.8361262036166044e+18,2024-09-17,NEG,ironic,
22950275,7899,7899,1.8361262034697748e+18,2024-09-17,NEU,not ironic,
22950276,7900,7900,1.8361262024044503e+18,2024-09-17,NEU,not ironic,
22950277,7901,7901,1.8361262022699791e+18,2024-09-17,NEG,ironic,
22950278,7902,7902,1.8361262015989143e+18,2024-09-17,NEG,not ironic,
22950279,7903,7903,1.8361262014353244e+18,2024-09-17,NEG,not ironic,
22950280,7904,7904,1.8361262010871729e+18,2024-09-17,NEG,not ironic,
22950281,7905,7905,1.8361262009991288e+18,2024-09-17,POS,ironic,
22950282,7906,7906,1.836126199841723e+18,2024-09-17,NEU,not ironic,
22950284,7908,7908,1.836126197765256e+18,2024-09-17,NEG,ironic,
22950285,7909,7909,1.8361261961757084e+18,2024-09-17,NEU,not ironic,
22950286,7910,7910,1.8361261959955456e+18,2024-09-17,NEU,not ironic,
22950287,7911,7911,1.836126195051868e+18,2024-09-17,NEU,not ironic,
22950288,7912,7912,1.8361261945317327e+18,2024-09-17,NEG,not ironic,
22950289,7913,7913,1.8361261939864745e+18,2024-09-17,NEG,ironic,
22950290,7914,7914,1.8361261939233423e+18,2024-09-17,NEG,not ironic,
22950291,7915,7915,1.836126191100785e+18,2024-09-17,NEG,not ironic,
22950292,7916,7916,1.8361261900941967e+18,2024-09-17,NEU,ironic,
22950293,7917,7917,1.8361261896621468e+18,2024-09-17,NEG,not ironic,
22950294,7918,7918,1.8361261894734031e+18,2024-09-17,NEG,not ironic,
22950295,7919,7919,1.8361261890204183e+18,2024-09-17,NEU,ironic,
22950296,7920,7920,1.836126188101849e+18,2024-09-17,NEG,not ironic,
22950297,7921,7921,1.8361261874767247e+18,2024-09-17,NEG,not ironic,
22950298,7922,7922,1.8361261854382825e+18,2024-09-17,NEU,not ironic,
22950299,7923,7923,1.8361261844318487e+18,2024-09-17,POS,not ironic,
22950300,7924,7924,1.8361261829636388e+18,2024-09-17,NEU,not ironic,
22950301,7925,7925,1.8361261818563343e+18,2024-09-17,NEG,not ironic,
22950302,7926,7926,1.8361261818017508e+18,2024-09-17,NEU,not ironic,
22950303,7927,7927,1.8361261814035336e+18,2024-09-17,POS,ironic,
22950304,7928,7928,1.836126178505007e+18,2024-09-17,NEG,ironic,
22950305,7929,7929,1.8361261784088453e+18,2024-09-17,NEG,not ironic,
22950306,7930,7930,1.836126177746129e+18,2024-09-17,NEG,not ironic,
22950307,7931,7931,1.836126176554648e+18,2024-09-17,NEG,not ironic,
22950308,7932,7932,1.8361261762611e+18,2024-09-17,NEU,not ironic,
22950309,7933,7933,1.8361261761898327e+18,2024-09-17,POS,not ironic,
22950310,7934,7934,1.836126174923092e+18,2024-09-17,NEU,not ironic,
22950311,7935,7935,1.8361261733798587e+18,2024-09-17,NEU,not ironic,
22950312,7936,7936,1.8361261722138545e+18,2024-09-17,NEG,not ironic,
22950313,7937,7937,1.836126170380932e+18,2024-09-17,POS,not ironic,
22950314,7938,7938,1.8361261683005563e+18,2024-09-17,NEG,not ironic,
22950315,7939,7939,1.836126167214232e+18,2024-09-17,NEG,ironic,
22950317,7941,7941,1.8361261660731968e+18,2024-09-17,NEU,not ironic,
22950318,7942,7942,1.836126165435601e+18,2024-09-17,NEG,ironic,
22950319,7943,7943,1.8361261637159767e+18,2024-09-17,NEU,ironic,
22950320,7944,7944,1.836126163464303e+18,2024-09-17,NEG,ironic,
22950321,7945,7945,1.8361261604066432e+18,2024-09-17,POS,not ironic,
22950322,7946,7946,1.8361261597439795e+18,2024-09-17,NEG,ironic,
22950323,7947,7947,1.836126159450575e+18,2024-09-17,NEG,not ironic,
22950324,7948,7948,1.8361261591905285e+18,2024-09-17,NEG,ironic,
22950325,7949,7949,1.836126158674338e+18,2024-09-17,NEG,not ironic,
22950326,7950,7950,1.83612615846498e+18,2024-09-17,NEU,not ironic,
22950327,7951,7951,1.8361261584478825e+18,2024-09-17,NEU,not ironic,
22950328,7952,7952,1.836126157785232e+18,2024-09-17,NEU,ironic,
22950329,7953,7953,1.8361261575924984e+18,2024-09-17,NEG,not ironic,
22950330,7954,7954,1.8361261567282831e+18,2024-09-17,NEU,ironic,
22950331,7955,7955,1.836126156673688e+18,2024-09-17,NEG,ironic,
22950332,7956,7956,1.8361261560028567e+18,2024-09-17,NEG,ironic,
22950333,7957,7957,1.836126155667313e+18,2024-09-17,NEG,ironic,
22950334,7958,7958,1.8361261555035016e+18,2024-09-17,NEG,ironic,
22950335,7959,7959,1.836126154128004e+18,2024-09-17,NEU,ironic,
22950336,7960,7960,1.836126152999555e+18,2024-09-17,NEU,not ironic,
22950337,7961,7961,1.836126152471004e+18,2024-09-17,POS,ironic,
22950338,7962,7962,1.8361261506045297e+18,2024-09-17,POS,ironic,
22950339,7963,7963,1.8361261498747456e+18,2024-09-17,NEG,ironic,
22950340,7964,7964,1.8361261483273167e+18,2024-09-17,NEG,not ironic,
22950341,7965,7965,1.836126147664372e+18,2024-09-17,POS,ironic,
22950342,7966,7966,1.8361261451100288e+18,2024-09-17,NEG,ironic,
22950343,7967,7967,1.8361261451060552e+18,2024-09-17,NEU,ironic,
22950344,7968,7968,1.83612614466538e+18,2024-09-17,NEU,not ironic,
22950345,7969,7969,1.836126142442672e+18,2024-09-17,NEU,ironic,
22950346,7970,7970,1.8361261422035968e+18,2024-09-17,NEU,not ironic,
22950347,7971,7971,1.836126142102917e+18,2024-09-17,NEU,ironic,
22950348,7972,7972,1.836126142056579e+18,2024-09-17,NEG,ironic,
22950349,7973,7973,1.836126141779972e+18,2024-09-17,NEG,not ironic,
22950350,7974,7974,1.8361261413982948e+18,2024-09-17,NEG,not ironic,
22950351,7975,7975,1.8361261411085967e+18,2024-09-17,NEG,not ironic,
22950352,7976,7976,1.8361261410415864e+18,2024-09-17,NEG,ironic,
22950353,7977,7977,1.836126140249052e+18,2024-09-17,POS,not ironic,
22950354,7978,7978,1.8361261379042427e+18,2024-09-17,NEG,ironic,
22950355,7979,7979,1.8361261340495795e+18,2024-09-17,NEG,not ironic,
22950356,7980,7980,1.8361261306899825e+18,2024-09-17,NEG,not ironic,
22950357,7981,7981,1.836126130660644e+18,2024-09-17,NEG,not ironic,
22950358,7982,7982,1.836126130656424e+18,2024-09-17,NEG,not ironic,
22950359,7983,7983,1.8361261274603889e+18,2024-09-17,POS,ironic,
22950360,7984,7984,1.836126127053824e+18,2024-09-17,NEG,not ironic,
22950361,7985,7985,1.8361261263069924e+18,2024-09-17,NEU,not ironic,
22950362,7986,7986,1.8361261258038684e+18,2024-09-17,NEU,ironic,
22950363,7987,7987,1.836126125657064e+18,2024-09-17,NEU,ironic,
22950364,7988,7988,1.836126124394398e+18,2024-09-17,NEG,not ironic,
22950365,7989,7989,1.836126124360836e+18,2024-09-17,NEG,not ironic,
22950366,7990,7990,1.836126123064972e+18,2024-09-17,NEG,not ironic,
22950367,7991,7991,1.8361261228004723e+18,2024-09-17,NEG,ironic,
22950368,7992,7992,1.8361261226747328e+18,2024-09-17,NEG,not ironic,
22950369,7993,7993,1.8361261209552448e+18,2024-09-17,NEG,not ironic,
22950370,7994,7994,1.8361261203426547e+18,2024-09-17,NEG,not ironic,
22950371,7995,7995,1.8361261198857057e+18,2024-09-17,NEG,ironic,
22950372,7996,7996,1.8361261195330967e+18,2024-09-17,NEU,not ironic,
22950373,7997,7997,1.8361261164128087e+18,2024-09-17,NEG,not ironic,
22950374,7998,7998,1.836126115842216e+18,2024-09-17,NEG,not ironic,
22950375,7999,7999,1.83612611582562e+18,2024-09-17,NEG,not ironic,
22950376,8000,8000,1.8361261155149947e+18,2024-09-17,NEG,not ironic,
22950377,8001,8001,1.836126114156352e+18,2024-09-17,NEU,not ironic,
22950378,8002,8002,1.83612611355238e+18,2024-09-17,NEU,not ironic,
22950379,8003,8003,1.8361261128683973e+18,2024-09-17,NEG,not ironic,
22950380,8004,8004,1.83612611128712e+18,2024-09-17,NEU,not ironic,
22950381,8005,8005,1.836126110880313e+18,2024-09-17,NEG,not ironic,
22950382,8006,8006,1.8361261102220493e+18,2024-09-17,NEU,ironic,
22950383,8007,8007,1.836126110129476e+18,2024-09-17,NEU,not ironic,
22950384,8008,8008,1.8361261067866404e+18,2024-09-17,NEG,ironic,
22950385,8009,8009,1.8361261040522445e+18,2024-09-17,NEG,not ironic,
22950386,8010,8010,1.8361261035948e+18,2024-09-17,NEU,not ironic,
22950387,8011,8011,1.8361261031588209e+18,2024-09-17,NEG,not ironic,
22950388,8012,8012,1.8361261026932536e+18,2024-09-17,NEU,not ironic,
22950389,8013,8013,1.8361261024835505e+18,2024-09-17,NEG,not ironic,
22950390,8014,8014,1.8361261019424727e+18,2024-09-17,NEU,ironic,
22950391,8015,8015,1.8361260984441984e+18,2024-09-17,NEG,not ironic,
22950392,8016,8016,1.8361260978276188e+18,2024-09-17,NEG,not ironic,
22950393,8017,8017,1.836126097160954e+18,2024-09-17,NEU,ironic,
22950394,8018,8018,1.8361260957433367e+18,2024-09-17,NEU,ironic,
22950395,8019,8019,1.8361260957265144e+18,2024-09-17,NEU,not ironic,
22950396,8020,8020,1.8361260923501e+18,2024-09-17,NEG,not ironic,
22950397,8021,8021,1.836126088767889e+18,2024-09-17,NEG,not ironic,
22950398,8022,8022,1.8361260887011249e+18,2024-09-17,NEG,ironic,
22950399,8023,8023,1.8361260823676564e+18,2024-09-17,NEG,not ironic,
22950400,8024,8024,1.836126082149319e+18,2024-09-17,NEG,ironic,
22950401,8025,8025,1.836126081574728e+18,2024-09-17,NEU,ironic,
22950402,8026,8026,1.836126081310712e+18,2024-09-17,POS,ironic,
22950404,8028,8028,1.836126078622168e+18,2024-09-17,NEU,not ironic,
22950405,8029,8029,1.8361260772713144e+18,2024-09-17,NEU,ironic,
22950406,8030,8030,1.8361260768351155e+18,2024-09-17,NEG,not ironic,
22950407,8031,8031,1.8361260767766328e+18,2024-09-17,NEG,not ironic,
22950408,8032,8032,1.836126076558628e+18,2024-09-17,NEG,not ironic,
22950409,8033,8033,1.8361260765082127e+18,2024-09-17,NEU,not ironic,
22950410,8034,8034,1.8361260760888607e+18,2024-09-17,NEG,ironic,
22950411,8035,8035,1.83612607563135e+18,2024-09-17,POS,ironic,
22950412,8036,8036,1.8361260747505047e+18,2024-09-17,NEG,not ironic,
22950413,8037,8037,1.83612607438982e+18,2024-09-17,NEU,not ironic,
22950414,8038,8038,1.8361260738194063e+18,2024-09-17,NEG,not ironic,
22950415,8039,8039,1.836126072594928e+18,2024-09-17,NEU,not ironic,
22950416,8040,8040,1.836126071550341e+18,2024-09-17,NEU,not ironic,
22950417,8041,8041,1.836126071059612e+18,2024-09-17,NEG,ironic,
22950418,8042,8042,1.8361260699439232e+18,2024-09-17,POS,not ironic,
22950419,8043,8043,1.836126068270568e+18,2024-09-17,NEG,not ironic,
22950420,8044,8044,1.8361260682119537e+18,2024-09-17,NEG,not ironic,
22950421,8045,8045,1.836126067003642e+18,2024-09-17,NEG,ironic,
22950422,8046,8046,1.8361260665593777e+18,2024-09-17,NEU,not ironic,
22950423,8047,8047,1.836126065451832e+18,2024-09-17,NEU,not ironic,
22950424,8048,8048,1.8361260639964244e+18,2024-09-17,NEG,ironic,
22950425,8049,8049,1.836126063992492e+18,2024-09-17,NEU,not ironic,
22950426,8050,8050,1.8361260638118047e+18,2024-09-17,NEG,ironic,
22950427,8051,8051,1.836126063233241e+18,2024-09-17,NEG,not ironic,
22950428,8052,8052,1.8361260598820744e+18,2024-09-17,NEU,not ironic,
22950430,8054,8054,1.8361260549785764e+18,2024-09-17,NEU,ironic,
22950431,8055,8055,1.8361260549453617e+18,2024-09-17,NEG,ironic,
22950432,8056,8056,1.8361260549030712e+18,2024-09-17,NEU,not ironic,
22950433,8057,8057,1.836126051879048e+18,2024-09-17,NEU,ironic,
22950434,8058,8058,1.8361260511366144e+18,2024-09-17,NEG,not ironic,
22950435,8059,8059,1.836126050948096e+18,2024-09-17,NEG,ironic,
22950436,8060,8060,1.836126050927153e+18,2024-09-17,NEG,ironic,
22950437,8061,8061,1.836126047839864e+18,2024-09-17,NEU,not ironic,
22950438,8062,8062,1.836126047097492e+18,2024-09-17,NEG,not ironic,
22950439,8063,8063,1.8361260460280056e+18,2024-09-17,NEU,ironic,
22950440,8064,8064,1.8361260440443008e+18,2024-09-17,NEU,not ironic,
22950441,8065,8065,1.836126043251332e+18,2024-09-17,POS,not ironic,
22950442,8066,8066,1.8361260428908667e+18,2024-09-17,NEU,not ironic,
22950443,8067,8067,1.8361260425344207e+18,2024-09-17,NEG,not ironic,
22950444,8068,8068,1.8361260415527e+18,2024-09-17,NEG,not ironic,
22950445,8069,8069,1.8361260407472868e+18,2024-09-17,NEU,not ironic,
22950446,8070,8070,1.8361260386294743e+18,2024-09-17,NEU,not ironic,
22950447,8071,8071,1.83612603735858e+18,2024-09-17,NEG,ironic,
22950448,8072,8072,1.8361260368720404e+18,2024-09-17,NEG,not ironic,
22950449,8073,8073,1.836126035320148e+18,2024-09-17,NEG,not ironic,
22950450,8074,8074,1.836126033189204e+18,2024-09-17,NEU,not ironic,
22950451,8075,8075,1.8361260329042289e+18,2024-09-17,NEG,ironic,
22950452,8076,8076,1.836126032228676e+18,2024-09-17,NEG,ironic,
22950453,8077,8077,1.836126031935345e+18,2024-09-17,POS,not ironic,
22950454,8078,8078,1.8361260306809856e+18,2024-09-17,NEU,not ironic,
22950455,8079,8079,1.836126030257624e+18,2024-09-17,NEU,not ironic,
22950456,8080,8080,1.8361260298339983e+18,2024-09-17,NEG,not ironic,
22950457,8081,8081,1.836126029355656e+18,2024-09-17,NEU,not ironic,
22950458,8082,8082,1.836126026675458e+18,2024-09-17,NEU,not ironic,
22950459,8083,8083,1.8361260254887e+18,2024-09-17,NEG,not ironic,
22950460,8084,8084,1.8361260242720927e+18,2024-09-17,NEU,ironic,
22950461,8085,8085,1.8361260236681167e+18,2024-09-17,NEU,not ironic,
22950462,8086,8086,1.83612602301406e+18,2024-09-17,NEU,not ironic,
22950463,8087,8087,1.8361260226992868e+18,2024-09-17,NEG,not ironic,
22950464,8088,8088,1.836126022238184e+18,2024-09-17,NEU,not ironic,
22950465,8089,8089,1.836126020518183e+18,2024-09-17,NEG,not ironic,
22950466,8090,8090,1.8361260185219607e+18,2024-09-17,NEG,not ironic,
22950467,8091,8091,1.8361260169194447e+18,2024-09-17,NEG,not ironic,
22950468,8092,8092,1.836126016378417e+18,2024-09-17,NEG,ironic,
22950469,8093,8093,1.836126015611126e+18,2024-09-17,NEU,not ironic,
22950470,8094,8094,1.8361260154433705e+18,2024-09-17,NEU,not ironic,
22950471,8095,8095,1.836126014029615e+18,2024-09-17,NEG,not ironic,
22950472,8096,8096,1.836126014013084e+18,2024-09-17,NEU,not ironic,
22950473,8097,8097,1.8361260139375864e+18,2024-09-17,POS,ironic,
22950474,8098,8098,1.83612601349281e+18,2024-09-17,NEU,not ironic,
22950475,8099,8099,1.8361260128258624e+18,2024-09-17,NEU,not ironic,
22950476,8100,8100,1.8361260118446287e+18,2024-09-17,NEU,not ironic,
22950477,8101,8101,1.8361260116011008e+18,2024-09-17,NEG,ironic,
22950478,8102,8102,1.8361260114669527e+18,2024-09-17,NEU,not ironic,
22950479,8103,8103,1.8361260094203208e+18,2024-09-17,NEG,not ironic,
22950480,8104,8104,1.8361260090638287e+18,2024-09-17,NEG,not ironic,
22950481,8105,8105,1.836126008589595e+18,2024-09-17,NEU,not ironic,
22950482,8106,8106,1.8361260081114888e+18,2024-09-17,NEU,not ironic,
22950483,8107,8107,1.8361260077761413e+18,2024-09-17,NEG,not ironic,
22950484,8108,8108,1.836126005767082e+18,2024-09-17,NEU,not ironic,
22950485,8109,8109,1.836126005595116e+18,2024-09-17,NEG,not ironic,
22950486,8110,8110,1.836126005225784e+18,2024-09-17,NEG,ironic,
22950487,8111,8111,1.83612600451718e+18,2024-09-17,NEU,not ironic,
22950488,8112,8112,1.8361260043533071e+18,2024-09-17,POS,not ironic,
22950489,8113,8113,1.836126004194038e+18,2024-09-17,POS,ironic,
22950490,8114,8114,1.8361260041187607e+18,2024-09-17,NEG,not ironic,
22950491,8115,8115,1.8361260039339505e+18,2024-09-17,NEG,not ironic,
22950492,8116,8116,1.83612600319178e+18,2024-09-17,POS,not ironic,
22950493,8117,8117,1.8361260031875853e+18,2024-09-17,NEG,ironic,
22950494,8118,8118,1.836126003024016e+18,2024-09-17,NEG,not ironic,
22950495,8119,8119,1.836126002650456e+18,2024-09-17,NEG,ironic,
22950496,8120,8120,1.836126000402568e+18,2024-09-17,NEG,ironic,
22950497,8121,8121,1.836126000024859e+18,2024-09-17,NEU,not ironic,
22950498,8122,8122,1.83612599972309e+18,2024-09-17,NEU,ironic,
22950499,8123,8123,1.8361259972021128e+18,2024-09-17,NEG,ironic,
22950500,8124,8124,1.8361259958894963e+18,2024-09-17,NEG,not ironic,
22950501,8125,8125,1.836125995864404e+18,2024-09-17,POS,not ironic,
22950502,8126,8126,1.836125994467402e+18,2024-09-17,NEU,ironic,
22950503,8127,8127,1.8361259923578924e+18,2024-09-17,NEG,not ironic,
22950504,8128,8128,1.8361259888176824e+18,2024-09-17,NEU,not ironic,
22950505,8129,8129,1.8361259888053169e+18,2024-09-17,NEU,ironic,
22950506,8130,8130,1.836125988717052e+18,2024-09-17,NEG,not ironic,
22950507,8131,8131,1.836125985051116e+18,2024-09-17,POS,ironic,
22950508,8132,8132,1.8361259835957576e+18,2024-09-17,NEU,not ironic,
22950509,8133,8133,1.836125983256036e+18,2024-09-17,NEG,not ironic,
22950510,8134,8134,1.8361259831430065e+18,2024-09-17,NEG,not ironic,
22950511,8135,8135,1.83612598024448e+18,2024-09-17,POS,not ironic,
22950512,8136,8136,1.8361259797411968e+18,2024-09-17,NEU,ironic,
22950513,8137,8137,1.8361259793553083e+18,2024-09-17,NEU,not ironic,
22950515,8139,8139,1.836125976138289e+18,2024-09-17,NEU,not ironic,
22950516,8140,8140,1.8361259756477847e+18,2024-09-17,NEG,ironic,
22950517,8141,8141,1.8361259725440005e+18,2024-09-17,NEU,not ironic,
22950518,8142,8142,1.8361259720868864e+18,2024-09-17,NEU,ironic,
22950519,8143,8143,1.8361259701448333e+18,2024-09-17,NEU,ironic,
22950520,8144,8144,1.8361259693938647e+18,2024-09-17,NEU,not ironic,
22950521,8145,8145,1.8361259681900751e+18,2024-09-17,NEU,ironic,
22950522,8146,8146,1.8361259681019745e+18,2024-09-17,NEG,not ironic,
22950523,8147,8147,1.8361259676324416e+18,2024-09-17,POS,not ironic,
22950524,8148,8148,1.8361259663490127e+18,2024-09-17,NEG,ironic,
22950525,8149,8149,1.8361259627332488e+18,2024-09-17,NEG,ironic,
22950526,8150,8150,1.836125961273905e+18,2024-09-17,NEG,ironic,
22950527,8151,8151,1.8361259603007887e+18,2024-09-17,NEU,not ironic,
22950528,8152,8152,1.836125960225329e+18,2024-09-17,NEU,not ironic,
22950529,8153,8153,1.836125959520686e+18,2024-09-17,NEG,not ironic,
22950530,8154,8154,1.8361259591345605e+18,2024-09-17,NEU,ironic,
22950531,8155,8155,1.8361259577884388e+18,2024-09-17,NEG,not ironic,
22950532,8156,8156,1.8361259567398628e+18,2024-09-17,NEU,not ironic,
22950533,8157,8157,1.8361259538622712e+18,2024-09-17,NEU,not ironic,
22950534,8158,8158,1.83612595069977e+18,2024-09-17,NEG,ironic,
22950535,8159,8159,1.8361259493912207e+18,2024-09-17,NEG,ironic,
22950536,8160,8160,1.836125948636463e+18,2024-09-17,POS,not ironic,
22950537,8161,8161,1.8361259458553933e+18,2024-09-17,NEG,not ironic,
22950538,8162,8162,1.836125945327161e+18,2024-09-17,NEU,not ironic,
22950539,8163,8163,1.836125943804388e+18,2024-09-17,NEG,ironic,
22950540,8164,8164,1.8361259419339697e+18,2024-09-17,NEG,ironic,
22950541,8165,8165,1.8361259418582515e+18,2024-09-17,NEG,not ironic,
22950542,8166,8166,1.8361259403482524e+18,2024-09-17,NEG,not ironic,
22950543,8167,8167,1.8361259396690447e+18,2024-09-17,NEG,not ironic,
22950544,8168,8168,1.8361259366782367e+18,2024-09-17,NEG,ironic,
22950545,8169,8169,1.8361259364813745e+18,2024-09-17,NEG,not ironic,
22950546,8170,8170,1.8361259350634168e+18,2024-09-17,NEU,ironic,
22950547,8171,8171,1.836125931741778e+18,2024-09-17,NEU,not ironic,
22950548,8172,8172,1.836125931527668e+18,2024-09-17,NEU,not ironic,
22950549,8173,8173,1.8361259312257275e+18,2024-09-17,NEG,ironic,
22950550,8174,8174,1.8361259304415764e+18,2024-09-17,POS,not ironic,
22950551,8175,8175,1.8361259303532257e+18,2024-09-17,NEU,ironic,
22950552,8176,8176,1.8361259284490936e+18,2024-09-17,NEG,not ironic,
22950553,8177,8177,1.8361259262431155e+18,2024-09-17,POS,ironic,
22950554,8178,8178,1.8361259256516813e+18,2024-09-17,NEU,not ironic,
22950555,8179,8179,1.836125925139768e+18,2024-09-17,NEG,ironic,
22950556,8180,8180,1.83612592506846e+18,2024-09-17,NEU,not ironic,
22950557,8181,8181,1.8361259248840955e+18,2024-09-17,NEU,ironic,
22950558,8182,8182,1.836125924254737e+18,2024-09-17,NEG,ironic,
22950559,8183,8183,1.8361259234832264e+18,2024-09-17,NEG,not ironic,
22950560,8184,8184,1.836125923206402e+18,2024-09-17,NEG,not ironic,
22950561,8185,8185,1.836125923038356e+18,2024-09-17,NEG,ironic,
22950562,8186,8186,1.836125922501501e+18,2024-09-17,NEU,ironic,
22950563,8187,8187,1.8361259219984428e+18,2024-09-17,NEG,ironic,
22950564,8188,8188,1.83612592107989e+18,2024-09-17,NEG,ironic,
22950565,8189,8189,1.8361259210001984e+18,2024-09-17,NEG,not ironic,
22950566,8190,8190,1.836125920882545e+18,2024-09-17,NEG,not ironic,
22950567,8191,8191,1.836125920786289e+18,2024-09-17,POS,not ironic,
22950568,8192,8192,1.836125919771013e+18,2024-09-17,NEU,ironic,
22950569,8193,8193,1.8361259190540367e+18,2024-09-17,NEG,not ironic,
22950570,8194,8194,1.8361259189783432e+18,2024-09-17,NEU,not ironic,
22950571,8195,8195,1.836125917737096e+18,2024-09-17,NEU,not ironic,
22950572,8196,8196,1.8361259175692536e+18,2024-09-17,NEU,not ironic,
22950573,8197,8197,1.8361259171750505e+18,2024-09-17,NEU,not ironic,
22950574,8198,8198,1.8361259159080435e+18,2024-09-17,NEU,ironic,
22950575,8199,8199,1.836125915723764e+18,2024-09-17,POS,ironic,
22950576,8200,8200,1.8361259143270728e+18,2024-09-17,NEG,ironic,
22950577,8201,8201,1.836125913731236e+18,2024-09-17,NEG,not ironic,
22950578,8202,8202,1.8361259132907848e+18,2024-09-17,NEG,not ironic,
22950579,8203,8203,1.8361259128671724e+18,2024-09-17,NEG,not ironic,
22950580,8204,8204,1.8361259126658952e+18,2024-09-17,NEG,ironic,
22950581,8205,8205,1.8361259121628e+18,2024-09-17,NEG,ironic,
22950582,8206,8206,1.8361259120201933e+18,2024-09-17,NEG,not ironic,
22950583,8207,8207,1.8361259120076104e+18,2024-09-17,NEG,ironic,
22950584,8208,8208,1.8361259117056207e+18,2024-09-17,NEU,not ironic,
22950585,8209,8209,1.836125910304498e+18,2024-09-17,NEG,ironic,
22950586,8210,8210,1.8361259101787136e+18,2024-09-17,NEG,not ironic,
22950587,8211,8211,1.83612590967958e+18,2024-09-17,NEG,ironic,
22950588,8212,8212,1.836125908589265e+18,2024-09-17,NEG,ironic,
22950589,8213,8213,1.8361259084256755e+18,2024-09-17,NEG,not ironic,
22950590,8214,8214,1.83612590775858e+18,2024-09-17,NEU,not ironic,
22950591,8215,8215,1.8361259068777928e+18,2024-09-17,NEG,ironic,
22950592,8216,8216,1.836125906370212e+18,2024-09-17,NEG,ironic,
22950593,8217,8217,1.8361259051203712e+18,2024-09-17,NEG,not ironic,
22950594,8218,8218,1.836125903744632e+18,2024-09-17,NEG,not ironic,
22950595,8219,8219,1.8361259030357688e+18,2024-09-17,NEG,ironic,
22950596,8220,8220,1.8361259028556923e+18,2024-09-17,NEG,not ironic,
22950597,8221,8221,1.8361259015470408e+18,2024-09-17,NEG,not ironic,
22950598,8222,8222,1.8361259014841551e+18,2024-09-17,POS,not ironic,
22950599,8223,8223,1.8361259014296008e+18,2024-09-17,NEU,ironic,
22950600,8224,8224,1.8361259004100728e+18,2024-09-17,NEU,not ironic,
22950602,8226,8226,1.8361258973778785e+18,2024-09-17,NEU,not ironic,
22950603,8227,8227,1.8361258973485384e+18,2024-09-17,NEG,not ironic,
22950604,8228,8228,1.83612589724756e+18,2024-09-17,NEU,not ironic,
22950605,8229,8229,1.8361258945926185e+18,2024-09-17,NEU,not ironic,
22950606,8230,8230,1.83612589287295e+18,2024-09-17,NEG,not ironic,
22950607,8231,8231,1.8361258897229947e+18,2024-09-17,NEG,not ironic,
22950608,8232,8232,1.8361258892115684e+18,2024-09-17,NEG,not ironic,
22950609,8233,8233,1.836125888745776e+18,2024-09-17,NEU,not ironic,
22950610,8234,8234,1.836125887122813e+18,2024-09-17,NEG,not ironic,
22950611,8235,8235,1.8361258870179144e+18,2024-09-17,NEU,ironic,
22950612,8236,8236,1.8361258869716247e+18,2024-09-17,NEU,not ironic,
22950613,8237,8237,1.8361258868205568e+18,2024-09-17,NEG,not ironic,
22950614,8238,8238,1.8361258866656256e+18,2024-09-17,NEU,ironic,
22950615,8239,8239,1.8361258861998367e+18,2024-09-17,NEG,ironic,
22950616,8240,8240,1.836125886006928e+18,2024-09-17,NEG,not ironic,
22950617,8241,8241,1.8361258857804145e+18,2024-09-17,NEU,not ironic,
22950618,8242,8242,1.8361258847781888e+18,2024-09-17,NEU,not ironic,
22950619,8243,8243,1.8361258847488287e+18,2024-09-17,NEG,ironic,
22950620,8244,8244,1.8361258845347103e+18,2024-09-17,NEG,not ironic,
22950621,8245,8245,1.8361258838428595e+18,2024-09-17,NEG,not ironic,
22950622,8246,8246,1.8361258831756943e+18,2024-09-17,POS,not ironic,
22950623,8247,8247,1.8361258826179087e+18,2024-09-17,NEG,not ironic,
22950624,8248,8248,1.83612588237876e+18,2024-09-17,NEU,not ironic,
22950625,8249,8249,1.8361258821190167e+18,2024-09-17,NEG,ironic,
22950626,8250,8250,1.83612587906116e+18,2024-09-17,NEG,ironic,
22950627,8251,8251,1.836125878947828e+18,2024-09-17,NEG,ironic,
22950628,8252,8252,1.836125874862584e+18,2024-09-17,NEG,ironic,
22950629,8253,8253,1.8361258748500337e+18,2024-09-17,NEG,not ironic,
22950630,8254,8254,1.836125873633923e+18,2024-09-17,NEG,ironic,
22950631,8255,8255,1.8361258728493133e+18,2024-09-17,NEG,not ironic,
22950632,8256,8256,1.836125870693425e+18,2024-09-17,NEU,not ironic,
22950633,8257,8257,1.8361258705340787e+18,2024-09-17,NEG,ironic,
22950634,8258,8258,1.836125870517576e+18,2024-09-17,NEG,not ironic,
22950635,8259,8259,1.836125870479828e+18,2024-09-17,NEG,not ironic,
22950636,8260,8260,1.8361258704714184e+18,2024-09-17,POS,not ironic,
22950637,8261,8261,1.8361258700604247e+18,2024-09-17,NEG,not ironic,
22950638,8262,8262,1.836125869967848e+18,2024-09-17,NEU,ironic,
22950640,8264,8264,1.83612586931778e+18,2024-09-17,NEU,not ironic,
22950641,8265,8265,1.836125868004946e+18,2024-09-17,NEG,not ironic,
22950642,8266,8266,1.83612586765704e+18,2024-09-17,NEG,not ironic,
22950643,8267,8267,1.8361258654341248e+18,2024-09-17,NEU,ironic,
22950644,8268,8268,1.836125864456561e+18,2024-09-17,POS,ironic,
22950645,8269,8269,1.836125863621878e+18,2024-09-17,NEG,ironic,
22950646,8270,8270,1.836125862372e+18,2024-09-17,NEU,not ironic,
22950647,8271,8271,1.8361258620951675e+18,2024-09-17,NEG,not ironic,
22950648,8272,8272,1.8361258581275817e+18,2024-09-17,NEG,ironic,
22950649,8273,8273,1.836125858064384e+18,2024-09-17,NEU,ironic,
22950650,8274,8274,1.8361258578085604e+18,2024-09-17,NEG,ironic,
22950651,8275,8275,1.836125857623995e+18,2024-09-17,NEU,ironic,
22950652,8276,8276,1.836125857389126e+18,2024-09-17,NEU,ironic,
22950653,8277,8277,1.836125857087124e+18,2024-09-17,NEU,not ironic,
22950655,8279,8279,1.83612585557325e+18,2024-09-17,POS,ironic,
22950656,8280,8280,1.8361258549354867e+18,2024-09-17,NEU,not ironic,
22950657,8281,8281,1.8361258511773983e+18,2024-09-17,NEG,ironic,
22950658,8282,8282,1.8361258497096788e+18,2024-09-17,NEG,ironic,
22950659,8283,8283,1.8361258495793723e+18,2024-09-17,NEG,ironic,
22950660,8284,8284,1.836125848606552e+18,2024-09-17,NEG,ironic,
22950661,8285,8285,1.836125848212304e+18,2024-09-17,NEU,not ironic,
22950662,8286,8286,1.8361258479435244e+18,2024-09-17,NEG,not ironic,
22950663,8287,8287,1.8361258473437555e+18,2024-09-17,NEU,not ironic,
22950664,8288,8288,1.836125847104664e+18,2024-09-17,NEG,not ironic,
22950665,8289,8289,1.836125845557039e+18,2024-09-17,NEG,not ironic,
22950666,8290,8290,1.8361258453517148e+18,2024-09-17,NEG,not ironic,
22950667,8291,8291,1.836125843577336e+18,2024-09-17,NEG,not ironic,
22950668,8292,8292,1.836125843560764e+18,2024-09-17,NEU,not ironic,
22950669,8293,8293,1.8361258427974003e+18,2024-09-17,NEG,not ironic,
22950670,8294,8294,1.8361258424283013e+18,2024-09-17,NEU,not ironic,
22950671,8295,8295,1.8361258375542784e+18,2024-09-17,NEU,ironic,
22950672,8296,8296,1.836125835516052e+18,2024-09-17,NEG,not ironic,
22950673,8297,8297,1.836125835314762e+18,2024-09-17,NEG,not ironic,
22950674,8298,8298,1.836125834878612e+18,2024-09-17,NEG,not ironic,
22950675,8299,8299,1.8361258348282227e+18,2024-09-17,NEU,ironic,
22950676,8300,8300,1.836125834769306e+18,2024-09-17,NEU,ironic,
22950677,8301,8301,1.8361258315899497e+18,2024-09-17,NEG,not ironic,
22950678,8302,8302,1.83612583144342e+18,2024-09-17,NEG,not ironic,
22950679,8303,8303,1.836125829656404e+18,2024-09-17,NEG,not ironic,
22950680,8304,8304,1.8361258285784965e+18,2024-09-17,NEG,not ironic,
22950681,8305,8305,1.8361258285743227e+18,2024-09-17,NEG,not ironic,
22950682,8306,8306,1.836125827752408e+18,2024-09-17,NEU,not ironic,
22950683,8307,8307,1.8361258271778284e+18,2024-09-17,NEU,not ironic,
22950684,8308,8308,1.8361258248751352e+18,2024-09-17,NEG,not ironic,
22950685,8309,8309,1.8361258244515144e+18,2024-09-17,NEG,not ironic,
22950686,8310,8310,1.8361258237927424e+18,2024-09-17,NEU,not ironic,
22950687,8311,8311,1.836125823394255e+18,2024-09-17,NEG,ironic,
22950688,8312,8312,1.83612582236278e+18,2024-09-17,NEG,not ironic,
22950689,8313,8313,1.8361258209323087e+18,2024-09-17,NEU,not ironic,
22950690,8314,8314,1.8361258185794888e+18,2024-09-17,NEG,not ironic,
22950691,8315,8315,1.836125818508268e+18,2024-09-17,NEU,not ironic,
22950692,8316,8316,1.8361258181975567e+18,2024-09-17,NEU,ironic,
22950693,8317,8317,1.8361258178493847e+18,2024-09-17,NEU,not ironic,
22950694,8318,8318,1.8361258177236127e+18,2024-09-17,NEG,ironic,
22950695,8319,8319,1.8361258163565847e+18,2024-09-17,NEU,ironic,
22950696,8320,8320,1.836125816050324e+18,2024-09-17,NEG,not ironic,
22950697,8321,8321,1.836125814863352e+18,2024-09-17,NEG,not ironic,
22950698,8322,8322,1.836125814078976e+18,2024-09-17,NEU,not ironic,
22950699,8323,8323,1.836125813344752e+18,2024-09-17,NEU,not ironic,
22950700,8324,8324,1.8361258129757184e+18,2024-09-17,NEU,not ironic,
22950701,8325,8325,1.836125811859985e+18,2024-09-17,NEG,not ironic,
22950702,8326,8326,1.8361258114785324e+18,2024-09-17,NEU,not ironic,
22950703,8327,8327,1.836125809700148e+18,2024-09-17,NEG,ironic,
22950704,8328,8328,1.8361258092762565e+18,2024-09-17,NEU,not ironic,
22950705,8329,8329,1.8361258088068388e+18,2024-09-17,NEG,ironic,
22950706,8330,8330,1.8361258077665364e+18,2024-09-17,NEG,ironic,
22950708,8332,8332,1.8361258048305608e+18,2024-09-17,NEG,ironic,
22950709,8333,8333,1.836125804134306e+18,2024-09-17,NEG,ironic,
22950710,8334,8334,1.8361258029557804e+18,2024-09-17,NEG,not ironic,
22950711,8335,8335,1.836125801890124e+18,2024-09-17,NEU,not ironic,
22950712,8336,8336,1.8361258005898893e+18,2024-09-17,NEU,not ironic,
22950713,8337,8337,1.836125800422376e+18,2024-09-17,NEG,not ironic,
22950714,8338,8338,1.836125799243748e+18,2024-09-17,NEU,ironic,
22950715,8339,8339,1.836125798983504e+18,2024-09-17,NEG,not ironic,
22950716,8340,8340,1.836125797641524e+18,2024-09-17,NEU,not ironic,
22950717,8341,8341,1.8361257965677816e+18,2024-09-17,NEU,ironic,
22950718,8342,8342,1.8361257964332933e+18,2024-09-17,NEU,not ironic,
22950719,8343,8343,1.836125795653132e+18,2024-09-17,NEG,not ironic,
22950720,8344,8344,1.8361257938328417e+18,2024-09-17,NEG,ironic,
22950721,8345,8345,1.8361257930862188e+18,2024-09-17,POS,not ironic,
22950722,8346,8346,1.8361257921677148e+18,2024-09-17,NEG,not ironic,
22950723,8347,8347,1.8361257918324124e+18,2024-09-17,NEG,not ironic,
22950724,8348,8348,1.8361257914547323e+18,2024-09-17,NEU,not ironic,
22950725,8349,8349,1.8361257912533325e+18,2024-09-17,POS,ironic,
22950726,8350,8350,1.8361257899072264e+18,2024-09-17,NEG,not ironic,
22950727,8351,8351,1.8361257863293007e+18,2024-09-17,NEU,ironic,
22950729,8353,8353,1.836125786165949e+18,2024-09-17,NEU,ironic,
22950730,8354,8354,1.8361257858007567e+18,2024-09-17,POS,ironic,
22950731,8355,8355,1.8361257855827067e+18,2024-09-17,NEG,not ironic,
22950732,8356,8356,1.8361257854022863e+18,2024-09-17,NEU,ironic,
22950733,8357,8357,1.836125785255556e+18,2024-09-17,NEU,not ironic,
22950734,8358,8358,1.8361257847774044e+18,2024-09-17,NEG,ironic,
22950735,8359,8359,1.836125783926149e+18,2024-09-17,NEG,not ironic,
22950736,8360,8360,1.836125782965711e+18,2024-09-17,NEG,ironic,
22950737,8361,8361,1.8361257828691848e+18,2024-09-17,NEU,not ironic,
22950738,8362,8362,1.8361257817658767e+18,2024-09-17,NEU,not ironic,
22950739,8363,8363,1.836125781258572e+18,2024-09-17,NEU,ironic,
22950740,8364,8364,1.8361257811873016e+18,2024-09-17,NEU,ironic,
22950741,8365,8365,1.8361257805329567e+18,2024-09-17,NEG,not ironic,
22950742,8366,8366,1.8361257800883607e+18,2024-09-17,NEU,not ironic,
22950743,8367,8367,1.836125779320804e+18,2024-09-17,NEU,not ironic,
22950744,8368,8368,1.836125778485846e+18,2024-09-17,NEG,not ironic,
22950745,8369,8369,1.83612577804134e+18,2024-09-17,NEU,not ironic,
22950746,8370,8370,1.8361257769049336e+18,2024-09-17,NEU,not ironic,
22950747,8371,8371,1.8361257764516168e+18,2024-09-17,NEG,not ironic,
22950748,8372,8372,1.8361257757427712e+18,2024-09-17,NEU,not ironic,
22950749,8373,8373,1.836125775390712e+18,2024-09-17,POS,not ironic,
22950750,8374,8374,1.836125774828704e+18,2024-09-17,POS,ironic,
22950751,8375,8375,1.836125774673277e+18,2024-09-17,NEG,not ironic,
22950752,8376,8376,1.8361257742370985e+18,2024-09-17,NEG,ironic,
22950753,8377,8377,1.83612577379242e+18,2024-09-17,NEG,not ironic,
22950754,8378,8378,1.8361257736039672e+18,2024-09-17,NEU,not ironic,
22950755,8379,8379,1.8361257731887145e+18,2024-09-17,POS,ironic,
22950756,8380,8380,1.8361257726057231e+18,2024-09-17,NEG,not ironic,
22950757,8381,8381,1.8361257713768448e+18,2024-09-17,POS,not ironic,
22950758,8382,8382,1.8361257712216023e+18,2024-09-17,NEG,not ironic,
22950759,8383,8383,1.8361257682182927e+18,2024-09-17,NEG,ironic,
22950760,8384,8384,1.8361257665949983e+18,2024-09-17,POS,not ironic,
22950761,8385,8385,1.836125765802365e+18,2024-09-17,NEG,not ironic,
22950762,8386,8386,1.8361257648166287e+18,2024-09-17,POS,not ironic,
22950763,8387,8387,1.836125764238128e+18,2024-09-17,NEG,ironic,
22950764,8388,8388,1.8361257636173496e+18,2024-09-17,NEU,not ironic,
22950765,8389,8389,1.8361257625223785e+18,2024-09-17,NEG,not ironic,
22950766,8390,8390,1.8361257619645727e+18,2024-09-17,NEG,not ironic,
22950767,8391,8391,1.8361257614782344e+18,2024-09-17,NEG,ironic,
22950768,8392,8392,1.8361257611007672e+18,2024-09-17,NEG,ironic,
22950769,8393,8393,1.8361257601444457e+18,2024-09-17,POS,not ironic,
22950770,8394,8394,1.8361257585126728e+18,2024-09-17,NEG,ironic,
22950771,8395,8395,1.8361257561260728e+18,2024-09-17,NEG,not ironic,
22950772,8396,8396,1.8361257560298988e+18,2024-09-17,NEG,ironic,
22950773,8397,8397,1.8361257553335795e+18,2024-09-17,NEG,not ironic,
22950774,8398,8398,1.8361257541546929e+18,2024-09-17,NEG,ironic,
22950775,8399,8399,1.8361257538024448e+18,2024-09-17,NEG,not ironic,
22950776,8400,8400,1.836125750078116e+18,2024-09-17,POS,ironic,
22950777,8401,8401,1.83612574984303e+18,2024-09-17,NEU,not ironic,
22950778,8402,8402,1.8361257490879767e+18,2024-09-17,NEG,not ironic,
22950779,8403,8403,1.836125748526224e+18,2024-09-17,NEU,not ironic,
22950781,8405,8405,1.836125747905188e+18,2024-09-17,NEG,not ironic,
22950782,8406,8406,1.83612574785484e+18,2024-09-17,NEU,not ironic,
22950783,8407,8407,1.8361257468985388e+18,2024-09-17,NEG,not ironic,
22950784,8408,8408,1.8361257467436444e+18,2024-09-17,NEG,not ironic,
22950785,8409,8409,1.8361257465548805e+18,2024-09-17,NEG,not ironic,
22950786,8410,8410,1.8361257463032425e+18,2024-09-17,NEG,not ironic,
22950787,8411,8411,1.83612574412621e+18,2024-09-17,NEG,not ironic,
22950788,8412,8412,1.836125742897288e+18,2024-09-17,NEU,ironic,
22950789,8413,8413,1.836125741714428e+18,2024-09-17,NEG,ironic,
22950790,8414,8414,1.836125741442044e+18,2024-09-17,NEG,ironic,
22950791,8415,8415,1.8361257413790927e+18,2024-09-17,NEU,ironic,
22950792,8416,8416,1.836125741206909e+18,2024-09-17,POS,ironic,
22950793,8417,8417,1.8361257411694144e+18,2024-09-17,NEG,ironic,
22950794,8418,8418,1.836125740074427e+18,2024-09-17,NEG,not ironic,
22950795,8419,8419,1.8361257399823936e+18,2024-09-17,NEG,not ironic,
22950796,8420,8420,1.836125739550188e+18,2024-09-17,POS,ironic,
22950797,8421,8421,1.8361257371300088e+18,2024-09-17,POS,ironic,
22950798,8422,8422,1.836125737096475e+18,2024-09-17,NEG,not ironic,
22950799,8423,8423,1.8361257367025047e+18,2024-09-17,NEU,not ironic,
22950800,8424,8424,1.836125736056296e+18,2024-09-17,NEG,not ironic,
22950801,8425,8425,1.8361257349912049e+18,2024-09-17,NEG,not ironic,
22950802,8426,8426,1.8361257349366784e+18,2024-09-17,NEG,not ironic,
22950803,8427,8427,1.8361257333510195e+18,2024-09-17,NEU,ironic,
22950804,8428,8428,1.8361257328979643e+18,2024-09-17,NEG,ironic,
22950805,8429,8429,1.8361257316567327e+18,2024-09-17,NEG,ironic,
22950806,8430,8430,1.8361257312328207e+18,2024-09-17,NEG,not ironic,
22950807,8431,8431,1.836125730469536e+18,2024-09-17,POS,ironic,
22950808,8432,8432,1.836125730117424e+18,2024-09-17,NEG,ironic,
22950809,8433,8433,1.8361257289011244e+18,2024-09-17,NEG,ironic,
22950810,8434,8434,1.8361257278145044e+18,2024-09-17,NEU,not ironic,
22950811,8435,8435,1.836125726359032e+18,2024-09-17,NEU,ironic,
22950814,8438,8438,1.8361257256083533e+18,2024-09-17,NEG,ironic,
22950815,8439,8439,1.8361257241657057e+18,2024-09-17,NEU,not ironic,
22950816,8440,8440,1.836125722764772e+18,2024-09-17,NEU,not ironic,
22950817,8441,8441,1.836125721627877e+18,2024-09-17,NEU,not ironic,
22950818,8442,8442,1.8361257196524137e+18,2024-09-17,NEG,ironic,
22950819,8443,8443,1.8361257189144824e+18,2024-09-17,NEG,not ironic,
22950820,8444,8444,1.8361257180755763e+18,2024-09-17,NEG,not ironic,
22950821,8445,8445,1.8361257168505736e+18,2024-09-17,NEG,not ironic,
22950822,8446,8446,1.8361257156216207e+18,2024-09-17,POS,ironic,
22950823,8447,8447,1.8361257145395284e+18,2024-09-17,NEU,not ironic,
22950824,8448,8448,1.836125714447504e+18,2024-09-17,NEG,ironic,
22950825,8449,8449,1.83612571425876e+18,2024-09-17,NEG,ironic,
22950826,8450,8450,1.8361257141998515e+18,2024-09-17,NEG,not ironic,
22950827,8451,8451,1.8361257136967232e+18,2024-09-17,NEU,not ironic,
22950828,8452,8452,1.8361257132185728e+18,2024-09-17,NEG,not ironic,
22950829,8453,8453,1.8361257111801408e+18,2024-09-17,NEG,not ironic,
22950830,8454,8454,1.8361257107226752e+18,2024-09-17,NEG,not ironic,
22950831,8455,8455,1.8361257106349468e+18,2024-09-17,NEG,ironic,
22950832,8456,8456,1.8361257100518728e+18,2024-09-17,NEU,ironic,
22950833,8457,8457,1.836125709829288e+18,2024-09-17,NEG,ironic,
22950834,8458,8458,1.8361257091375145e+18,2024-09-17,NEU,not ironic,
22950835,8459,8459,1.8361257066670945e+18,2024-09-17,NEG,not ironic,
22950836,8460,8460,1.836125706184528e+18,2024-09-17,NEG,ironic,
22950837,8461,8461,1.8361257045908887e+18,2024-09-17,NEG,ironic,
22950838,8462,8462,1.8361257031897748e+18,2024-09-17,NEU,not ironic,
22950839,8463,8463,1.8361257030474632e+18,2024-09-17,POS,ironic,
22950840,8464,8464,1.836125702015292e+18,2024-09-17,NEG,not ironic,
22950841,8465,8465,1.8361257014325783e+18,2024-09-17,NEU,not ironic,
22950842,8466,8466,1.836125701042508e+18,2024-09-17,NEG,not ironic,
22950843,8467,8467,1.8361257004383112e+18,2024-09-17,NEG,ironic,
22950844,8468,8468,1.836125698614006e+18,2024-09-17,NEU,not ironic,
22950845,8469,8469,1.836125698496598e+18,2024-09-17,NEG,not ironic,
22950846,8470,8470,1.8361256963279217e+18,2024-09-17,NEU,not ironic,
22950847,8471,8471,1.8361256958793523e+18,2024-09-17,NEU,not ironic,
22950848,8472,8472,1.8361256950949847e+18,2024-09-17,NEU,ironic,
22950849,8473,8473,1.8361256941467927e+18,2024-09-17,NEG,not ironic,
22950850,8474,8474,1.8361256937570017e+18,2024-09-17,NEU,ironic,
22950851,8475,8475,1.836125691575964e+18,2024-09-17,NEG,ironic,
22950852,8476,8476,1.8361256907875123e+18,2024-09-17,POS,not ironic,
22950853,8477,8477,1.8361256892271537e+18,2024-09-17,NEU,not ironic,
22950854,8478,8478,1.836125688698672e+18,2024-09-17,NEG,ironic,
22950855,8479,8479,1.836125684504347e+18,2024-09-17,NEG,ironic,
22950856,8480,8480,1.8361256812621704e+18,2024-09-17,NEG,ironic,
22950857,8481,8481,1.8361256809725087e+18,2024-09-17,NEU,ironic,
22950858,8482,8482,1.8361256805321444e+18,2024-09-17,NEG,not ironic,
22950859,8483,8483,1.83612567980252e+18,2024-09-17,NEU,ironic,
22950860,8484,8484,1.8361256783177687e+18,2024-09-17,NEG,ironic,
22950861,8485,8485,1.8361256779150912e+18,2024-09-17,NEG,ironic,
22950862,8486,8486,1.8361256776296653e+18,2024-09-17,NEU,not ironic,
22950863,8487,8487,1.836125676619076e+18,2024-09-17,NEG,ironic,
22950864,8488,8488,1.8361256757550487e+18,2024-09-17,NEG,ironic,
22950865,8489,8489,1.836125675314648e+18,2024-09-17,POS,not ironic,
22950866,8490,8490,1.83612567516346e+18,2024-09-17,NEU,ironic,
22950867,8491,8491,1.8361256736786148e+18,2024-09-17,NEU,not ironic,
22950868,8492,8492,1.8361256732720207e+18,2024-09-17,NEU,not ironic,
22950869,8493,8493,1.8361256730078044e+18,2024-09-17,NEU,not ironic,
22950870,8494,8494,1.8361256726303503e+18,2024-09-17,NEG,ironic,
22950871,8495,8495,1.8361256720135447e+18,2024-09-17,NEU,not ironic,
22950872,8496,8496,1.8361256719002545e+18,2024-09-17,NEU,ironic,
22950873,8497,8497,1.8361256714056128e+18,2024-09-17,NEG,not ironic,
22950874,8498,8498,1.8361256712962624e+18,2024-09-17,NEG,not ironic,
22950875,8499,8499,1.8361256693167923e+18,2024-09-17,NEG,ironic,
22950876,8500,8500,1.836125669257777e+18,2024-09-17,NEG,not ironic,
22950877,8501,8501,1.8361256674671045e+18,2024-09-17,NEG,not ironic,
22950878,8502,8502,1.8361256674668795e+18,2024-09-17,NEG,ironic,
22950879,8503,8503,1.8361256673119688e+18,2024-09-17,POS,ironic,
22950880,8504,8504,1.8361256665734968e+18,2024-09-17,NEG,ironic,
22950881,8505,8505,1.836125666145981e+18,2024-09-17,NEU,ironic,
22950882,8506,8506,1.836125665126692e+18,2024-09-17,NEU,not ironic,
22950883,8507,8507,1.8361256640864955e+18,2024-09-17,NEU,not ironic,
22950884,8508,8508,1.8361256637087416e+18,2024-09-17,NEG,ironic,
22950885,8509,8509,1.836125663100842e+18,2024-09-17,NEG,ironic,
22950886,8510,8510,1.8361256628575644e+18,2024-09-17,NEU,ironic,
22950887,8511,8511,1.836125662836347e+18,2024-09-17,NEG,not ironic,
22950889,8513,8513,1.8361256621613343e+18,2024-09-17,NEU,not ironic,
22950890,8514,8514,1.8361256620687567e+18,2024-09-17,NEU,not ironic,
22950891,8515,8515,1.8361256603029463e+18,2024-09-17,NEG,not ironic,
22950892,8516,8516,1.8361256600806728e+18,2024-09-17,NEG,not ironic,
22950893,8517,8517,1.8361256588643003e+18,2024-09-17,NEG,not ironic,
22950894,8518,8518,1.8361256586545928e+18,2024-09-17,NEG,not ironic,
22950895,8519,8519,1.83612565848692e+18,2024-09-17,NEG,not ironic,
22950896,8520,8520,1.836125658206159e+18,2024-09-17,NEG,ironic,
22950897,8521,8521,1.836125656691708e+18,2024-09-17,NEU,not ironic,
22950898,8522,8522,1.836125656389948e+18,2024-09-17,NEG,not ironic,
22950899,8523,8523,1.8361256547287537e+18,2024-09-17,NEU,not ironic,
22950900,8524,8524,1.8361256540870088e+18,2024-09-17,POS,not ironic,
22950901,8525,8525,1.8361256539108188e+18,2024-09-17,NEG,ironic,
22950902,8526,8526,1.8361256532400248e+18,2024-09-17,NEG,not ironic,
22950903,8527,8527,1.8361256529674767e+18,2024-09-17,NEG,not ironic,
22950904,8528,8528,1.836125650052068e+18,2024-09-17,NEU,not ironic,
22950905,8529,8529,1.8361256495110351e+18,2024-09-17,NEU,ironic,
22950907,8531,8531,1.836125649162888e+18,2024-09-17,NEG,ironic,
22950908,8532,8532,1.836125648525628e+18,2024-09-17,NEU,not ironic,
22950909,8533,8533,1.836125647883678e+18,2024-09-17,NEU,not ironic,
22950910,8534,8534,1.83612564630662e+18,2024-09-17,NEU,not ironic,
22950911,8535,8535,1.836125645774164e+18,2024-09-17,NEU,not ironic,
22950912,8536,8536,1.8361256442681144e+18,2024-09-17,NEU,not ironic,
22950913,8537,8537,1.836125643685156e+18,2024-09-17,POS,not ironic,
22950914,8538,8538,1.836125643635069e+18,2024-09-17,NEG,not ironic,
22950915,8539,8539,1.8361256435637407e+18,2024-09-17,NEU,ironic,
22950916,8540,8540,1.836125641240121e+18,2024-09-17,NEU,not ironic,
22950917,8541,8541,1.8361256410175657e+18,2024-09-17,NEG,ironic,
22950918,8542,8542,1.8361256402502577e+18,2024-09-17,NEU,not ironic,
22950919,8543,8543,1.8361256382328087e+18,2024-09-17,NEG,not ironic,
22950921,8545,8545,1.836125634403112e+18,2024-09-17,POS,not ironic,
22950922,8546,8546,1.836125631563608e+18,2024-09-17,NEU,not ironic,
22950923,8547,8547,1.83612563031396e+18,2024-09-17,NEG,ironic,
22950924,8548,8548,1.8361256274657649e+18,2024-09-17,NEG,not ironic,
22950925,8549,8549,1.836125627272868e+18,2024-09-17,NEG,not ironic,
22950926,8550,8550,1.8361256261238497e+18,2024-09-17,NEG,ironic,
22950927,8551,8551,1.8361256235904904e+18,2024-09-17,NEG,ironic,
22950928,8552,8552,1.8361256225081385e+18,2024-09-17,NEG,ironic,
22950929,8553,8553,1.836125622109668e+18,2024-09-17,NEG,not ironic,
22950930,8554,8554,1.8361256219670807e+18,2024-09-17,POS,not ironic,
22950931,8555,8555,1.836125621824688e+18,2024-09-17,NEG,not ironic,
22950932,8556,8556,1.83612562093969e+18,2024-09-17,NEG,not ironic,
22950933,8557,8557,1.8361256201008207e+18,2024-09-17,POS,not ironic,
22950934,8558,8558,1.8361256191988613e+18,2024-09-17,NEU,not ironic,
22950935,8559,8559,1.836125618477716e+18,2024-09-17,NEU,not ironic,
22950936,8560,8560,1.8361256180873503e+18,2024-09-17,POS,not ironic,
22950937,8561,8561,1.836125617487778e+18,2024-09-17,NEU,not ironic,
22950938,8562,8562,1.8361256171732247e+18,2024-09-17,NEU,not ironic,
22950939,8563,8563,1.836125616195633e+18,2024-09-17,NEU,not ironic,
22950940,8564,8564,1.836125613947793e+18,2024-09-17,NEG,ironic,
22950941,8565,8565,1.836125613507384e+18,2024-09-17,POS,not ironic,
22950942,8566,8566,1.836125612723069e+18,2024-09-17,NEU,not ironic,
22950943,8567,8567,1.8361256117832625e+18,2024-09-17,NEU,not ironic,
22950944,8568,8568,1.8361256117539185e+18,2024-09-17,NEU,ironic,
22950945,8569,8569,1.8361256117332503e+18,2024-09-17,NEU,not ironic,
22950946,8570,8570,1.8361256116493071e+18,2024-09-17,NEG,ironic,
22950947,8571,8571,1.8361256113556808e+18,2024-09-17,POS,not ironic,
22950948,8572,8572,1.836125609895846e+18,2024-09-17,POS,ironic,
22950949,8573,8573,1.8361256089775025e+18,2024-09-17,NEG,not ironic,
22950950,8574,8574,1.836125608927204e+18,2024-09-17,NEU,not ironic,
22950951,8575,8575,1.8361256089270072e+18,2024-09-17,NEU,not ironic,
22950952,8576,8576,1.8361256080003443e+18,2024-09-17,NEU,ironic,
22950953,8577,8577,1.8361256079289592e+18,2024-09-17,POS,not ironic,
22950954,8578,8578,1.8361256073291727e+18,2024-09-17,POS,ironic,
22950955,8579,8579,1.836125606339318e+18,2024-09-17,NEG,ironic,
22950956,8580,8580,1.8361256056095337e+18,2024-09-17,NEG,not ironic,
22950957,8581,8581,1.836125605261136e+18,2024-09-17,POS,not ironic,
22950958,8582,8582,1.8361256038940388e+18,2024-09-17,NEU,ironic,
22950959,8583,8583,1.8361256026693007e+18,2024-09-17,NEG,not ironic,
22950960,8584,8584,1.8361256001317484e+18,2024-09-17,NEU,ironic,
22950961,8585,8585,1.836125599514993e+18,2024-09-17,NEG,ironic,
22950962,8586,8586,1.8361255985418284e+18,2024-09-17,NEU,not ironic,
22950963,8587,8587,1.8361255980720456e+18,2024-09-17,NEG,ironic,
22950964,8588,8588,1.8361255967551e+18,2024-09-17,NEG,ironic,
22950965,8589,8589,1.8361255964952863e+18,2024-09-17,NEG,ironic,
22950966,8590,8590,1.836125595140244e+18,2024-09-17,NEU,ironic,
22950967,8591,8591,1.8361255944778263e+18,2024-09-17,POS,ironic,
22950968,8592,8592,1.836125593748017e+18,2024-09-17,NEG,not ironic,
22950969,8593,8593,1.8361255933705628e+18,2024-09-17,NEG,ironic,
22950970,8594,8594,1.836125593232118e+18,2024-09-17,NEG,not ironic,
22950971,8595,8595,1.836125592753968e+18,2024-09-17,NEU,not ironic,
22950972,8596,8596,1.8361255908410903e+18,2024-09-17,NEG,not ironic,
22950973,8597,8597,1.8361255897089024e+18,2024-09-17,NEU,not ironic,
22950974,8598,8598,1.8361255874144049e+18,2024-09-17,NEG,not ironic,
22950975,8599,8599,1.8361255869197025e+18,2024-09-17,NEU,not ironic,
22950976,8600,8600,1.8361255868061617e+18,2024-09-17,NEG,not ironic,
22950977,8601,8601,1.8361255855104776e+18,2024-09-17,NEG,not ironic,
22950978,8602,8602,1.83612558436092e+18,2024-09-17,NEG,not ironic,
22950979,8603,8603,1.8361255830439567e+18,2024-09-17,NEG,ironic,
22950980,8604,8604,1.8361255829977257e+18,2024-09-17,NEG,ironic,
22950981,8605,8605,1.8361255829225185e+18,2024-09-17,NEG,not ironic,
22950982,8606,8606,1.8361255821714888e+18,2024-09-17,POS,not ironic,
22950983,8607,8607,1.836125581643256e+18,2024-09-17,NEU,ironic,
22950984,8608,8608,1.8361255812448376e+18,2024-09-17,NEU,not ironic,
22950985,8609,8609,1.8361255795586872e+18,2024-09-17,NEG,not ironic,
22950986,8610,8610,1.8361255788414607e+18,2024-09-17,NEG,ironic,
22950987,8611,8611,1.836125578426008e+18,2024-09-17,NEG,ironic,
22950988,8612,8612,1.836125578333684e+18,2024-09-17,NEU,not ironic,
22950989,8613,8613,1.8361255776500736e+18,2024-09-17,NEU,not ironic,
22950990,8614,8614,1.8361255762029847e+18,2024-09-17,NEG,ironic,
22950992,8616,8616,1.8361255726126408e+18,2024-09-17,NEG,not ironic,
22950993,8617,8617,1.836125570175796e+18,2024-09-17,POS,ironic,
22950994,8618,8618,1.8361255699409472e+18,2024-09-17,NEG,ironic,
22950995,8619,8619,1.836125567332004e+18,2024-09-17,NEU,not ironic,
22950996,8620,8620,1.8361255657552404e+18,2024-09-17,NEU,ironic,
22950997,8621,8621,1.8361255652393329e+18,2024-09-17,NEG,ironic,
22950998,8622,8622,1.8361255646059768e+18,2024-09-17,NEG,not ironic,
22950999,8623,8623,1.8361255638508296e+18,2024-09-17,NEG,ironic,
22951000,8624,8624,1.8361255633560904e+18,2024-09-17,NEU,not ironic,
22951001,8625,8625,1.8361255627186056e+18,2024-09-17,NEG,not ironic,
22951002,8626,8626,1.836125562638664e+18,2024-09-17,NEG,not ironic,
22951003,8627,8627,1.8361255623284943e+18,2024-09-17,POS,ironic,
22951004,8628,8628,1.83612556108678e+18,2024-09-17,NEG,not ironic,
22951005,8629,8629,1.836125561057412e+18,2024-09-17,NEG,not ironic,
22951006,8630,8630,1.8361255601893624e+18,2024-09-17,POS,ironic,
22951007,8631,8631,1.836125560101368e+18,2024-09-17,NEG,ironic,
22951008,8632,8632,1.8361255594047736e+18,2024-09-17,NEG,not ironic,
22951009,8633,8633,1.836125559337767e+18,2024-09-17,NEG,not ironic,
22951010,8634,8634,1.8361255582851768e+18,2024-09-17,NEU,ironic,
22951011,8635,8635,1.836125557555368e+18,2024-09-17,NEU,not ironic,
22951012,8636,8636,1.8361255566913416e+18,2024-09-17,NEG,not ironic,
22951013,8637,8637,1.8361255566323343e+18,2024-09-17,NEU,not ironic,
22951014,8638,8638,1.8361255562635223e+18,2024-09-17,POS,ironic,
22951015,8639,8639,1.8361255553533588e+18,2024-09-17,NEG,not ironic,
22951016,8640,8640,1.836125554539389e+18,2024-09-17,NEU,not ironic,
22951018,8642,8642,1.8361255532014592e+18,2024-09-17,NEU,not ironic,
22951019,8643,8643,1.8361255528533688e+18,2024-09-17,NEG,ironic,
22951020,8644,8644,1.8361255513310743e+18,2024-09-17,NEG,ironic,
22951021,8645,8645,1.836125550638961e+18,2024-09-17,NEG,not ironic,
22951022,8646,8646,1.836125550428968e+18,2024-09-17,NEG,not ironic,
22951023,8647,8647,1.8361255502150984e+18,2024-09-17,NEG,not ironic,
22951024,8648,8648,1.836125548919108e+18,2024-09-17,NEG,not ironic,
22951025,8649,8649,1.8361255466963151e+18,2024-09-17,NEG,not ironic,
22951027,8651,8651,1.8361255438022449e+18,2024-09-17,NEU,not ironic,
22951028,8652,8652,1.836125542543684e+18,2024-09-17,NEG,not ironic,
22951029,8653,8653,1.836125541499352e+18,2024-09-17,NEU,ironic,
22951030,8654,8654,1.836125541117592e+18,2024-09-17,POS,ironic,
22951031,8655,8655,1.8361255408323791e+18,2024-09-17,NEG,not ironic,
22951032,8656,8656,1.836125539838628e+18,2024-09-17,POS,not ironic,
22951033,8657,8657,1.8361255392346483e+18,2024-09-17,NEG,not ironic,
22951034,8658,8658,1.836125539037332e+18,2024-09-17,POS,not ironic,
22951035,8659,8659,1.836125538039272e+18,2024-09-17,NEG,not ironic,
22951036,8660,8660,1.8361255379215647e+18,2024-09-17,NEU,not ironic,
22951037,8661,8661,1.8361255375231224e+18,2024-09-17,NEG,not ironic,
22951038,8662,8662,1.836125536416076e+18,2024-09-17,NEG,not ironic,
22951039,8663,8663,1.836125536159994e+18,2024-09-17,NEG,not ironic,
22951040,8664,8664,1.8361255352207e+18,2024-09-17,NEG,not ironic,
22951041,8665,8665,1.8361255347131889e+18,2024-09-17,NEU,ironic,
22951042,8666,8666,1.836125534595556e+18,2024-09-17,NEG,not ironic,
22951043,8667,8667,1.8361255337441244e+18,2024-09-17,NEG,not ironic,
22951044,8668,8668,1.8361255326954373e+18,2024-09-17,NEG,not ironic,
22951045,8669,8669,1.836125531261084e+18,2024-09-17,NEU,ironic,
22951046,8670,8670,1.8361255304266097e+18,2024-09-17,NEU,ironic,
22951047,8671,8671,1.8361255294451428e+18,2024-09-17,POS,ironic,
22951048,8672,8672,1.8361255294323348e+18,2024-09-17,NEU,not ironic,
22951049,8673,8673,1.836125529218683e+18,2024-09-17,NEG,ironic,
22951050,8674,8674,1.8361255287362683e+18,2024-09-17,POS,not ironic,
22951051,8675,8675,1.8361255285349788e+18,2024-09-17,NEG,not ironic,
22951052,8676,8676,1.836125528115332e+18,2024-09-17,NEG,ironic,
22951053,8677,8677,1.8361255275325404e+18,2024-09-17,NEU,not ironic,
22951054,8678,8678,1.8361255272722145e+18,2024-09-17,NEU,not ironic,
22951055,8679,8679,1.8361255268740344e+18,2024-09-17,NEG,ironic,
22951056,8680,8680,1.8361255265257188e+18,2024-09-17,NEU,not ironic,
22951057,8681,8681,1.8361255264585976e+18,2024-09-17,NEU,ironic,
22951058,8682,8682,1.83612552553162e+18,2024-09-17,NEU,not ironic,
22951059,8683,8683,1.8361255254438216e+18,2024-09-17,NEG,not ironic,
22951060,8684,8684,1.836125524600464e+18,2024-09-17,POS,not ironic,
22951061,8685,8685,1.836125524504253e+18,2024-09-17,NEU,not ironic,
22951062,8686,8686,1.8361255243700352e+18,2024-09-17,NEG,ironic,
22951063,8687,8687,1.8361255239168527e+18,2024-09-17,NEG,not ironic,
22951064,8688,8688,1.836125520569725e+18,2024-09-17,NEG,ironic,
22951065,8689,8689,1.8361255189971151e+18,2024-09-17,NEG,not ironic,
22951066,8690,8690,1.83612551876617e+18,2024-09-17,NEU,not ironic,
22951067,8691,8691,1.836125518556541e+18,2024-09-17,NEU,not ironic,
22951068,8692,8692,1.8361255184097e+18,2024-09-17,NEU,not ironic,
22951069,8693,8693,1.8361255177849528e+18,2024-09-17,NEU,not ironic,
22951070,8694,8694,1.83612551774276e+18,2024-09-17,NEU,not ironic,
22951071,8695,8695,1.836125517486936e+18,2024-09-17,NEG,ironic,
22951072,8696,8696,1.8361255171097152e+18,2024-09-17,NEG,ironic,
22951073,8697,8697,1.836125517046845e+18,2024-09-17,NEU,not ironic,
22951074,8698,8698,1.8361255151717327e+18,2024-09-17,NEG,ironic,
22951075,8699,8699,1.8361255148528888e+18,2024-09-17,NEU,ironic,
22951076,8700,8700,1.8361255139888576e+18,2024-09-17,NEG,ironic,
22951077,8701,8701,1.8361255134101176e+18,2024-09-17,NEU,not ironic,
22951078,8702,8702,1.8361255130874348e+18,2024-09-17,NEG,ironic,
22951079,8703,8703,1.836125512986444e+18,2024-09-17,NEG,not ironic,
22951080,8704,8704,1.836125510662845e+18,2024-09-17,NEG,not ironic,
22951081,8705,8705,1.8361255098871032e+18,2024-09-17,NEG,ironic,
22951082,8706,8706,1.836125509580936e+18,2024-09-17,NEU,ironic,
22951083,8707,8707,1.836125509341844e+18,2024-09-17,NEU,ironic,
22951084,8708,8708,1.836125508989252e+18,2024-09-17,NEG,not ironic,
22951085,8709,8709,1.836125507865477e+18,2024-09-17,POS,not ironic,
22951086,8710,8710,1.836125507538056e+18,2024-09-17,NEU,not ironic,
22951087,8711,8711,1.836125507395461e+18,2024-09-17,NEG,ironic,
22951088,8712,8712,1.8361255031507643e+18,2024-09-17,NEG,not ironic,
22951089,8713,8713,1.836125502647456e+18,2024-09-17,POS,not ironic,
22951090,8714,8714,1.8361255023077327e+18,2024-09-17,NEG,not ironic,
22951091,8715,8715,1.836125501787984e+18,2024-09-17,NEG,not ironic,
22951092,8716,8716,1.8361255003322816e+18,2024-09-17,NEG,not ironic,
22951093,8717,8717,1.8361255000808205e+18,2024-09-17,NEU,not ironic,
22951094,8718,8718,1.8361254938564767e+18,2024-09-17,NEG,ironic,
22951095,8719,8719,1.83612549372645e+18,2024-09-17,NEG,not ironic,
22951096,8720,8720,1.8361254933490035e+18,2024-09-17,NEG,ironic,
22951097,8721,8721,1.8361254932231447e+18,2024-09-17,NEG,not ironic,
22951098,8722,8722,1.8361254930719496e+18,2024-09-17,POS,ironic,
22951099,8723,8723,1.8361254920190728e+18,2024-09-17,NEG,ironic,
22951100,8724,8724,1.8361254918516124e+18,2024-09-17,NEU,not ironic,
22951101,8725,8725,1.8361254902994207e+18,2024-09-17,POS,not ironic,
22951102,8726,8726,1.8361254895195264e+18,2024-09-17,NEG,not ironic,
22951103,8727,8727,1.8361254890792307e+18,2024-09-17,NEU,not ironic,
22951104,8728,8728,1.8361254887394225e+18,2024-09-17,NEG,not ironic,
22951105,8729,8729,1.8361254886762824e+18,2024-09-17,NEG,ironic,
22951106,8730,8730,1.836125487988716e+18,2024-09-17,NEG,ironic,
22951107,8731,8731,1.836125487896367e+18,2024-09-17,NEU,not ironic,
22951108,8732,8732,1.83612548773256e+18,2024-09-17,NEG,not ironic,
22951109,8733,8733,1.836125487170556e+18,2024-09-17,NEG,not ironic,
22951110,8734,8734,1.8361254868730148e+18,2024-09-17,NEG,not ironic,
22951111,8735,8735,1.8361254863400184e+18,2024-09-17,NEG,ironic,
22951112,8736,8736,1.836125485622768e+18,2024-09-17,NEG,ironic,
22951113,8737,8737,1.8361254834082573e+18,2024-09-17,NEG,ironic,
22951114,8738,8738,1.8361254827121787e+18,2024-09-17,POS,not ironic,
22951115,8739,8739,1.8361254822718057e+18,2024-09-17,NEU,ironic,
22951116,8740,8740,1.8361254819108337e+18,2024-09-17,NEG,not ironic,
22951117,8741,8741,1.83612548145388e+18,2024-09-17,NEG,ironic,
22951118,8742,8742,1.8361254807573632e+18,2024-09-17,NEG,ironic,
22951119,8743,8743,1.8361254803383127e+18,2024-09-17,NEU,not ironic,
22951120,8744,8744,1.836125479549424e+18,2024-09-17,NEG,ironic,
22951121,8745,8745,1.8361254781023887e+18,2024-09-17,NEU,not ironic,
22951122,8746,8746,1.8361254758081167e+18,2024-09-17,NEG,ironic,
22951123,8747,8747,1.8361254756278031e+18,2024-09-17,NEG,not ironic,
22951124,8748,8748,1.8361254748896504e+18,2024-09-17,POS,ironic,
22951125,8749,8749,1.8361254748689367e+18,2024-09-17,POS,ironic,
22951126,8750,8750,1.836125474336248e+18,2024-09-17,NEG,not ironic,
22951127,8751,8751,1.836125473593836e+18,2024-09-17,POS,ironic,
22951128,8752,8752,1.836125471173456e+18,2024-09-17,NEU,ironic,
22951129,8753,8753,1.836125470162568e+18,2024-09-17,NEU,not ironic,
22951131,8755,8755,1.836125470083142e+18,2024-09-17,NEG,not ironic,
22951132,8756,8756,1.8361254699192847e+18,2024-09-17,NEG,ironic,
22951133,8757,8757,1.8361254698102413e+18,2024-09-17,NEU,not ironic,
22951134,8758,8758,1.8361254698063585e+18,2024-09-17,NEG,not ironic,
22951135,8759,8759,1.8361254686738724e+18,2024-09-17,NEU,ironic,
22951136,8760,8760,1.8361254683215544e+18,2024-09-17,NEG,ironic,
22951137,8761,8761,1.8361254664550607e+18,2024-09-17,POS,not ironic,
22951138,8762,8762,1.8361254641605965e+18,2024-09-17,POS,not ironic,
22951139,8763,8763,1.836125464131441e+18,2024-09-17,POS,not ironic,
22951140,8764,8764,1.836125463506489e+18,2024-09-17,NEU,not ironic,
22951141,8765,8765,1.8361254634139727e+18,2024-09-17,NEG,ironic,
22951142,8766,8766,1.83612546277648e+18,2024-09-17,NEU,ironic,
22951143,8767,8767,1.83612546191238e+18,2024-09-17,POS,ironic,
22951144,8768,8768,1.83612546182038e+18,2024-09-17,NEG,ironic,
22951146,8770,8770,1.8361254613293463e+18,2024-09-17,NEG,not ironic,
22951147,8771,8771,1.8361254612454605e+18,2024-09-17,NEG,not ironic,
22951148,8772,8772,1.8361254606624847e+18,2024-09-17,POS,ironic,
22951149,8773,8773,1.8361254598532508e+18,2024-09-17,NEU,not ironic,
22951150,8774,8774,1.836125459618116e+18,2024-09-17,NEU,not ironic,
22951151,8775,8775,1.836125458552763e+18,2024-09-17,NEG,ironic,
22951152,8776,8776,1.8361254585443533e+18,2024-09-17,NEG,ironic,
22951153,8777,8777,1.8361254561161672e+18,2024-09-17,NEG,not ironic,
22951154,8778,8778,1.836125455025316e+18,2024-09-17,NEU,not ironic,
22951155,8779,8779,1.8361254547991145e+18,2024-09-17,NEG,not ironic,
22951156,8780,8780,1.8361254543710456e+18,2024-09-17,NEU,not ironic,
22951157,8781,8781,1.836125453507322e+18,2024-09-17,NEG,ironic,
22951158,8782,8782,1.8361254523074604e+18,2024-09-17,POS,not ironic,
22951159,8783,8783,1.8361254497785324e+18,2024-09-17,NEG,not ironic,
22951160,8784,8784,1.8361254470226004e+18,2024-09-17,NEU,not ironic,
22951161,8785,8785,1.8361254449341115e+18,2024-09-17,NEU,not ironic,
22951162,8786,8786,1.836125444891894e+18,2024-09-17,NEU,not ironic,
22951163,8787,8787,1.836125444573168e+18,2024-09-17,NEG,not ironic,
22951164,8788,8788,1.8361254433106496e+18,2024-09-17,POS,ironic,
22951165,8789,8789,1.8361254412093563e+18,2024-09-17,NEU,ironic,
22951166,8790,8790,1.8361254392212887e+18,2024-09-17,NEG,not ironic,
22951167,8791,8791,1.8361254378455409e+18,2024-09-17,NEG,not ironic,
22951168,8792,8792,1.8361254364406825e+18,2024-09-17,NEG,not ironic,
22951169,8793,8793,1.836125436281021e+18,2024-09-17,NEU,not ironic,
22951170,8794,8794,1.836125436025426e+18,2024-09-17,NEG,ironic,
22951171,8795,8795,1.8361254352953265e+18,2024-09-17,NEU,not ironic,
22951172,8796,8796,1.8361254344271667e+18,2024-09-17,NEG,not ironic,
22951173,8797,8797,1.836125434414588e+18,2024-09-17,NEU,not ironic,
22951174,8798,8798,1.836125433571742e+18,2024-09-17,NEU,ironic,
22951175,8799,8799,1.8361254308412493e+18,2024-09-17,NEG,ironic,
22951177,8801,8801,1.836125427792024e+18,2024-09-17,NEG,ironic,
22951178,8802,8802,1.836125427498472e+18,2024-09-17,NEG,not ironic,
22951179,8803,8803,1.8361254273515889e+18,2024-09-17,NEG,not ironic,
22951180,8804,8804,1.836125426772763e+18,2024-09-17,NEG,not ironic,
22951181,8805,8805,1.836125424226644e+18,2024-09-17,NEG,not ironic,
22951182,8806,8806,1.8361254223894528e+18,2024-09-17,NEU,not ironic,
22951183,8807,8807,1.836125420120359e+18,2024-09-17,NEG,not ironic,
22951185,8809,8809,1.8361254183171405e+18,2024-09-17,NEU,not ironic,
22951186,8810,8810,1.836125418270888e+18,2024-09-17,NEG,not ironic,
22951187,8811,8811,1.8361254177464325e+18,2024-09-17,NEG,not ironic,
22951188,8812,8812,1.8361254168488305e+18,2024-09-17,NEG,not ironic,
22951189,8813,8813,1.8361254162199183e+18,2024-09-17,NEU,not ironic,
22951190,8814,8814,1.8361254155404288e+18,2024-09-17,NEU,not ironic,
22951191,8815,8815,1.8361254146299904e+18,2024-09-17,NEG,ironic,
22951192,8816,8816,1.8361254144286395e+18,2024-09-17,NEG,not ironic,
22951193,8817,8817,1.836125413304668e+18,2024-09-17,NEU,ironic,
22951194,8818,8818,1.8361254125079475e+18,2024-09-17,NEG,not ironic,
22951195,8819,8819,1.8361254117443584e+18,2024-09-17,NEU,not ironic,
22951196,8820,8820,1.836125410968637e+18,2024-09-17,POS,not ironic,
22951197,8821,8821,1.836125410272088e+18,2024-09-17,NEG,not ironic,
22951198,8822,8822,1.8361254102554127e+18,2024-09-17,NEG,ironic,
22951199,8823,8823,1.8361254088630968e+18,2024-09-17,NEU,not ironic,
22951200,8824,8824,1.836125407998833e+18,2024-09-17,NEG,not ironic,
22951201,8825,8825,1.8361254076300247e+18,2024-09-17,NEG,ironic,
22951202,8826,8826,1.836125407491367e+18,2024-09-17,NEU,not ironic,
22951203,8827,8827,1.8361254072187407e+18,2024-09-17,POS,ironic,
22951205,8829,8829,1.8361254062081352e+18,2024-09-17,NEU,not ironic,
22951206,8830,8830,1.836125405943677e+18,2024-09-17,POS,not ironic,
22951207,8831,8831,1.836125404731708e+18,2024-09-17,NEG,ironic,
22951208,8832,8832,1.8361254041777605e+18,2024-09-17,NEG,ironic,
22951209,8833,8833,1.836125401896145e+18,2024-09-17,NEG,not ironic,
22951210,8834,8834,1.8361254017118088e+18,2024-09-17,NEG,ironic,
22951211,8835,8835,1.836125401489212e+18,2024-09-17,NEG,not ironic,
22951212,8836,8836,1.8361254011705185e+18,2024-09-17,NEG,ironic,
22951213,8837,8837,1.8361254009652224e+18,2024-09-17,NEU,not ironic,
22951214,8838,8838,1.836125400075752e+18,2024-09-17,NEG,ironic,
22951215,8839,8839,1.83612539982411e+18,2024-09-17,NEU,ironic,
22951217,8841,8841,1.836125398071153e+18,2024-09-17,POS,not ironic,
22951218,8842,8842,1.836125397253264e+18,2024-09-17,NEU,not ironic,
22951219,8843,8843,1.8361253971943631e+18,2024-09-17,NEU,not ironic,
22951220,8844,8844,1.8361253969049275e+18,2024-09-17,POS,not ironic,
22951221,8845,8845,1.8361253964689408e+18,2024-09-17,NEU,not ironic,
22951222,8846,8846,1.836125395286176e+18,2024-09-17,NEG,ironic,
22951223,8847,8847,1.8361253938013512e+18,2024-09-17,NEU,not ironic,
22951224,8848,8848,1.8361253935706888e+18,2024-09-17,NEU,not ironic,
22951225,8849,8849,1.8361253924591864e+18,2024-09-17,NEU,ironic,
22951226,8850,8850,1.836125392132072e+18,2024-09-17,NEG,not ironic,
22951227,8851,8851,1.836125391443899e+18,2024-09-17,NEU,ironic,
22951228,8852,8852,1.8361253902149512e+18,2024-09-17,NEG,ironic,
22951229,8853,8853,1.8361253885372664e+18,2024-09-17,NEU,not ironic,
22951230,8854,8854,1.8361253880173773e+18,2024-09-17,NEG,not ironic,
22951231,8855,8855,1.83612538715338e+18,2024-09-17,NEG,ironic,
22951232,8856,8856,1.8361253856934671e+18,2024-09-17,NEG,not ironic,
22951233,8857,8857,1.8361253856683832e+18,2024-09-17,NEG,ironic,
22951234,8858,8858,1.836125384070632e+18,2024-09-17,NEG,ironic,
22951235,8859,8859,1.83612538385644e+18,2024-09-17,NEG,not ironic,
22951236,8860,8860,1.8361253834959465e+18,2024-09-17,NEG,ironic,
22951237,8861,8861,1.83612538254384e+18,2024-09-17,NEU,not ironic,
22951238,8862,8862,1.836125381478224e+18,2024-09-17,NEG,ironic,
22951239,8863,8863,1.836125381033595e+18,2024-09-17,NEG,not ironic,
22951240,8864,8864,1.8361253803373847e+18,2024-09-17,NEG,not ironic,
22951241,8865,8865,1.836125380023088e+18,2024-09-17,NEU,not ironic,
22951242,8866,8866,1.836125378324369e+18,2024-09-17,NEG,not ironic,
22951243,8867,8867,1.8361253782528207e+18,2024-09-17,NEU,ironic,
22951244,8868,8868,1.8361253760215163e+18,2024-09-17,POS,ironic,
22951245,8869,8869,1.836125375950393e+18,2024-09-17,NEU,ironic,
22951246,8870,8870,1.8361253754093284e+18,2024-09-17,NEG,ironic,
22951247,8871,8871,1.836125372175291e+18,2024-09-17,NEG,not ironic,
22951248,8872,8872,1.836125370766304e+18,2024-09-17,NEU,ironic,
22951249,8873,8873,1.8361253701200527e+18,2024-09-17,NEU,not ironic,
22951250,8874,8874,1.8361253700448627e+18,2024-09-17,NEG,not ironic,
22951251,8875,8875,1.8361253675363487e+18,2024-09-17,NEG,not ironic,
22951252,8876,8876,1.8361253670414377e+18,2024-09-17,NEU,ironic,
22951253,8877,8877,1.8361253668359908e+18,2024-09-17,NEG,not ironic,
22951254,8878,8878,1.8361253660979983e+18,2024-09-17,NEU,ironic,
22951255,8879,8879,1.8361253658589391e+18,2024-09-17,NEG,not ironic,
22951256,8880,8880,1.8361253616014213e+18,2024-09-17,NEU,not ironic,
22951257,8881,8881,1.8361253613961585e+18,2024-09-17,NEU,not ironic,
22951258,8882,8882,1.8361253603095675e+18,2024-09-17,NEU,not ironic,
22951259,8883,8883,1.83612535726454e+18,2024-09-17,NEG,ironic,
22951260,8884,8884,1.836125357101228e+18,2024-09-17,NEG,ironic,
22951261,8885,8885,1.836125356253942e+18,2024-09-17,NEG,not ironic,
22951262,8886,8886,1.8361253556497687e+18,2024-09-17,NEG,not ironic,
22951263,8887,8887,1.836125355578672e+18,2024-09-17,NEG,not ironic,
22951264,8888,8888,1.836125354752381e+18,2024-09-17,POS,ironic,
22951265,8889,8889,1.8361253542868127e+18,2024-09-17,NEU,ironic,
22951266,8890,8890,1.836125353061868e+18,2024-09-17,POS,not ironic,
22951267,8891,8891,1.8361253530452623e+18,2024-09-17,NEG,not ironic,
22951268,8892,8892,1.836125352801772e+18,2024-09-17,NEG,not ironic,
22951269,8893,8893,1.836125352575537e+18,2024-09-17,NEG,not ironic,
22951270,8894,8894,1.8361253516441848e+18,2024-09-17,NEU,ironic,
22951271,8895,8895,1.836125349970932e+18,2024-09-17,NEU,not ironic,
22951272,8896,8896,1.8361253494338235e+18,2024-09-17,POS,not ironic,
22951273,8897,8897,1.8361253479992768e+18,2024-09-17,NEG,not ironic,
22951274,8898,8898,1.8361253474249933e+18,2024-09-17,NEG,not ironic,
22951275,8899,8899,1.836125346917159e+18,2024-09-17,NEG,ironic,
22951276,8900,8900,1.8361253463468155e+18,2024-09-17,NEU,not ironic,
22951277,8901,8901,1.836125346149864e+18,2024-09-17,NEG,not ironic,
22951278,8902,8902,1.8361253455917548e+18,2024-09-17,NEU,ironic,
22951279,8903,8903,1.836125345533117e+18,2024-09-17,NEG,not ironic,
22951280,8904,8904,1.8361253446187377e+18,2024-09-17,NEG,not ironic,
22951281,8905,8905,1.83612534460636e+18,2024-09-17,NEG,not ironic,
22951283,8907,8907,1.8361253437674995e+18,2024-09-17,NEG,ironic,
22951284,8908,8908,1.8361253428489257e+18,2024-09-17,NEU,not ironic,
22951285,8909,8909,1.8361253425217907e+18,2024-09-17,NEU,not ironic,
22951287,8911,8911,1.836125342185972e+18,2024-09-17,NEG,ironic,
22951288,8912,8912,1.836125342148272e+18,2024-09-17,NEU,not ironic,
22951289,8913,8913,1.8361253402734267e+18,2024-09-17,NEG,not ironic,
22951290,8914,8914,1.8361253394347827e+18,2024-09-17,POS,not ironic,
22951291,8915,8915,1.836125338876736e+18,2024-09-17,NEU,not ironic,
22951292,8916,8916,1.83612533839852e+18,2024-09-17,NEG,ironic,
22951293,8917,8917,1.8361253382729608e+18,2024-09-17,NEG,ironic,
22951294,8918,8918,1.836125338138744e+18,2024-09-17,POS,ironic,
22951295,8919,8919,1.8361253364984755e+18,2024-09-17,NEG,not ironic,
22951296,8920,8920,1.836125336301425e+18,2024-09-17,NEG,not ironic,
22951297,8921,8921,1.8361253362469112e+18,2024-09-17,NEG,not ironic,
22951298,8922,8922,1.836125336238724e+18,2024-09-17,NEG,ironic,
22951299,8923,8923,1.8361253342923727e+18,2024-09-17,NEG,not ironic,
22951300,8924,8924,1.8361253334998423e+18,2024-09-17,NEG,ironic,
22951301,8925,8925,1.8361253330130785e+18,2024-09-17,NEU,not ironic,
22951302,8926,8926,1.8361253327571968e+18,2024-09-17,NEG,ironic,
22951303,8927,8927,1.836125331520136e+18,2024-09-17,NEU,not ironic,
22951305,8929,8929,1.836125327938196e+18,2024-09-17,NEG,not ironic,
22951306,8930,8930,1.8361253275188472e+18,2024-09-17,NEG,ironic,
22951307,8931,8931,1.8361253239156204e+18,2024-09-17,NEG,not ironic,
22951308,8932,8932,1.8361253220871416e+18,2024-09-17,NEG,not ironic,
22951309,8933,8933,1.8361253212734093e+18,2024-09-17,NEG,not ironic,
22951310,8934,8934,1.836125321273209e+18,2024-09-17,NEG,not ironic,
22951311,8935,8935,1.8361253208496248e+18,2024-09-17,NEG,ironic,
22951312,8936,8936,1.8361253203381169e+18,2024-09-17,NEG,not ironic,
22951313,8937,8937,1.8361253198890724e+18,2024-09-17,NEU,ironic,
22951314,8938,8938,1.8361253153382769e+18,2024-09-17,NEU,ironic,
22951315,8939,8939,1.8361253151413745e+18,2024-09-17,NEU,not ironic,
22951316,8940,8940,1.8361253133586068e+18,2024-09-17,NEG,ironic,
22951317,8941,8941,1.8361253127170665e+18,2024-09-17,NEU,ironic,
22951318,8942,8942,1.8361253124777288e+18,2024-09-17,NEG,not ironic,
22951319,8943,8943,1.836125312469324e+18,2024-09-17,NEU,not ironic,
22951320,8944,8944,1.836125311458596e+18,2024-09-17,NEG,ironic,
22951321,8945,8945,1.8361253099865748e+18,2024-09-17,NEG,not ironic,
22951322,8946,8946,1.836125309466481e+18,2024-09-17,NEG,not ironic,
22951323,8947,8947,1.8361253091183537e+18,2024-09-17,POS,not ironic,
22951324,8948,8948,1.8361253088622428e+18,2024-09-17,POS,ironic,
22951325,8949,8949,1.8361253086190103e+18,2024-09-17,NEU,not ironic,
22951327,8951,8951,1.836125305402e+18,2024-09-17,NEU,ironic,
22951328,8952,8952,1.8361253045967053e+18,2024-09-17,POS,not ironic,
22951329,8953,8953,1.8361253039087657e+18,2024-09-17,POS,not ironic,
22951330,8954,8954,1.836125301862208e+18,2024-09-17,NEG,ironic,
22951331,8955,8955,1.8361253005868608e+18,2024-09-17,NEG,ironic,
22951332,8956,8956,1.8361253002180403e+18,2024-09-17,NEU,not ironic,
22951333,8957,8957,1.8361252999999365e+18,2024-09-17,NEU,not ironic,
22951334,8958,8958,1.8361252995887104e+18,2024-09-17,NEU,not ironic,
22951335,8959,8959,1.8361252995595348e+18,2024-09-17,NEG,not ironic,
22951336,8960,8960,1.8361252972482847e+18,2024-09-17,NEG,ironic,
22951337,8961,8961,1.8361252969420884e+18,2024-09-17,NEU,not ironic,
22951338,8962,8962,1.836125296317084e+18,2024-09-17,NEG,not ironic,
22951339,8963,8963,1.8361252957217464e+18,2024-09-17,NEG,ironic,
22951340,8964,8964,1.8361252950213555e+18,2024-09-17,POS,not ironic,
22951341,8965,8965,1.836125294597432e+18,2024-09-17,NEG,not ironic,
22951342,8966,8966,1.8361252944464847e+18,2024-09-17,NEG,ironic,
22951343,8967,8967,1.83612529330559e+18,2024-09-17,NEG,ironic,
22951344,8968,8968,1.8361252930415864e+18,2024-09-17,POS,ironic,
22951345,8969,8969,1.836125292680876e+18,2024-09-17,NEU,not ironic,
22951347,8971,8971,1.8361252920391803e+18,2024-09-17,NEU,ironic,
22951348,8972,8972,1.8361252917035832e+18,2024-09-17,NEG,not ironic,
22951349,8973,8973,1.836125291359421e+18,2024-09-17,NEG,ironic,
22951350,8974,8974,1.8361252911458017e+18,2024-09-17,NEG,not ironic,
22951351,8975,8975,1.836125291057435e+18,2024-09-17,NEU,not ironic,
22951352,8976,8976,1.836125289350599e+18,2024-09-17,NEG,ironic,
22951353,8977,8977,1.836125288645956e+18,2024-09-17,NEU,not ironic,
22951354,8978,8978,1.8361252877860948e+18,2024-09-17,NEG,ironic,
22951355,8979,8979,1.836125285642834e+18,2024-09-17,POS,not ironic,
22951356,8980,8980,1.836125285206405e+18,2024-09-17,NEG,ironic,
22951357,8981,8981,1.8361252838768271e+18,2024-09-17,NEU,not ironic,
22951359,8983,8983,1.8361252820187712e+18,2024-09-17,NEG,ironic,
22951360,8984,8984,1.836125281331089e+18,2024-09-17,NEG,ironic,
22951361,8985,8985,1.8361252803620088e+18,2024-09-17,NEG,ironic,
22951362,8986,8986,1.8361252797582257e+18,2024-09-17,POS,ironic,
22951363,8987,8987,1.8361252794727468e+18,2024-09-17,NEG,not ironic,
22951364,8988,8988,1.8361252767674004e+18,2024-09-17,NEG,not ironic,
22951365,8989,8989,1.836125275492389e+18,2024-09-17,NEG,not ironic,
22951366,8990,8990,1.836125274271781e+18,2024-09-17,NEU,not ironic,
22951367,8991,8991,1.836125273386836e+18,2024-09-17,NEG,ironic,
22951368,8992,8992,1.8361252724851185e+18,2024-09-17,NEU,ironic,
22951369,8993,8993,1.8361252720659287e+18,2024-09-17,NEU,ironic,
22951370,8994,8994,1.836125271025476e+18,2024-09-17,NEG,not ironic,
22951371,8995,8995,1.8361252707865887e+18,2024-09-17,NEG,not ironic,
22951372,8996,8996,1.8361252697042004e+18,2024-09-17,NEG,not ironic,
22951373,8997,8997,1.836125268488148e+18,2024-09-17,NEG,ironic,
22951374,8998,8998,1.836125268295205e+18,2024-09-17,NEG,ironic,
22951375,8999,8999,1.836125266370008e+18,2024-09-17,NEU,not ironic,
22951376,9000,9000,1.836125265413468e+18,2024-09-17,NEG,ironic,
22951377,9001,9001,1.8361252627291136e+18,2024-09-17,NEG,ironic,
22951378,9002,9002,1.836125262200612e+18,2024-09-17,NEU,not ironic,
22951379,9003,9003,1.836125261957649e+18,2024-09-17,NEU,ironic,
22951380,9004,9004,1.836125258291492e+18,2024-09-17,NEG,ironic,
22951381,9005,9005,1.8361252578345984e+18,2024-09-17,NEU,not ironic,
22951382,9006,9006,1.8361252578178207e+18,2024-09-17,NEG,not ironic,
22951383,9007,9007,1.8361252571928576e+18,2024-09-17,NEU,not ironic,
22951384,9008,9008,1.8361252569829545e+18,2024-09-17,NEU,ironic,
22951385,9009,9009,1.836125256970572e+18,2024-09-17,NEG,not ironic,
22951386,9010,9010,1.836125256206996e+18,2024-09-17,NEG,ironic,
22951387,9011,9011,1.8361252561233224e+18,2024-09-17,NEU,not ironic,
22951388,9012,9012,1.8361252546425244e+18,2024-09-17,NEG,not ironic,
22951389,9013,9013,1.8361252543782216e+18,2024-09-17,NEU,ironic,
22951390,9014,9014,1.8361252535939768e+18,2024-09-17,NEG,ironic,
22951391,9015,9015,1.83612525219326e+18,2024-09-17,NEG,ironic,
22951392,9016,9016,1.8361252517609764e+18,2024-09-17,NEG,not ironic,
22951393,9017,9017,1.836125250389504e+18,2024-09-17,NEG,ironic,
22951394,9018,9018,1.8361252500541647e+18,2024-09-17,NEU,ironic,
22951395,9019,9019,1.8361252495382648e+18,2024-09-17,NEU,not ironic,
22951396,9020,9020,1.836125249219281e+18,2024-09-17,NEG,ironic,
22951397,9021,9021,1.8361252488249385e+18,2024-09-17,NEG,not ironic,
22951398,9022,9022,1.836125248497881e+18,2024-09-17,NEG,ironic,
22951399,9023,9023,1.836125247097184e+18,2024-09-17,NEG,ironic,
22951400,9024,9024,1.8361252469965417e+18,2024-09-17,POS,ironic,
22951401,9025,9025,1.836125246920786e+18,2024-09-17,NEU,not ironic,
22951402,9026,9026,1.836125246669361e+18,2024-09-17,NEU,ironic,
22951403,9027,9027,1.8361252464386744e+18,2024-09-17,NEG,ironic,
22951404,9028,9028,1.8361252449622515e+18,2024-09-17,NEG,ironic,
22951405,9029,9029,1.83612524429958e+18,2024-09-17,NEG,ironic,
22951406,9030,9030,1.8361252442196337e+18,2024-09-17,POS,ironic,
22951407,9031,9031,1.8361252440353792e+18,2024-09-17,NEG,not ironic,
22951408,9032,9032,1.836125243921908e+18,2024-09-17,POS,not ironic,
22951409,9033,9033,1.8361252432846075e+18,2024-09-17,NEG,not ironic,
22951410,9034,9034,1.8361252420386084e+18,2024-09-17,NEU,not ironic,
22951412,9036,9036,1.8361252413342065e+18,2024-09-17,NEG,ironic,
22951413,9037,9037,1.836125239065092e+18,2024-09-17,POS,ironic,
22951415,9039,9039,1.8361252379324337e+18,2024-09-17,NEU,not ironic,
22951416,9040,9040,1.8361252378107328e+18,2024-09-17,NEG,ironic,
22951417,9041,9041,1.836125236086874e+18,2024-09-17,NEU,not ironic,
22951418,9042,9042,1.8361252351601871e+18,2024-09-17,NEG,not ironic,
22951419,9043,9043,1.8361252348705464e+18,2024-09-17,NEU,not ironic,
22951420,9044,9044,1.836125234727892e+18,2024-09-17,NEG,not ironic,
22951421,9045,9045,1.8361252337632463e+18,2024-09-17,NEG,ironic,
22951422,9046,9046,1.8361252303574472e+18,2024-09-17,POS,ironic,
22951423,9047,9047,1.8361252295773025e+18,2024-09-17,NEG,not ironic,
22951424,9048,9048,1.836125228495188e+18,2024-09-17,NEG,ironic,
22951425,9049,9049,1.8361252281513247e+18,2024-09-17,NEG,ironic,
22951426,9050,9050,1.8361252273249687e+18,2024-09-17,NEG,ironic,
22951427,9051,9051,1.836125227182383e+18,2024-09-17,NEU,not ironic,
22951428,9052,9052,1.8361252270565297e+18,2024-09-17,NEG,not ironic,
22951429,9053,9053,1.836125226507056e+18,2024-09-17,NEU,not ironic,
22951430,9054,9054,1.8361252258152817e+18,2024-09-17,NEG,not ironic,
22951431,9055,9055,1.8361252254920955e+18,2024-09-17,NEG,not ironic,
22951432,9056,9056,1.8361252243346929e+18,2024-09-17,NEG,ironic,
22951433,9057,9057,1.8361252225731136e+18,2024-09-17,NEG,not ironic,
22951434,9058,9058,1.8361252225728064e+18,2024-09-17,NEU,ironic,
22951435,9059,9059,1.8361252219689167e+18,2024-09-17,NEG,not ironic,
22951436,9060,9060,1.8361252190664207e+18,2024-09-17,NEU,ironic,
22951437,9061,9061,1.8361252184752497e+18,2024-09-17,NEG,not ironic,
22951438,9062,9062,1.8361252180851471e+18,2024-09-17,NEU,not ironic,
22951439,9063,9063,1.836125217745199e+18,2024-09-17,NEU,ironic,
22951440,9064,9064,1.8361252161599693e+18,2024-09-17,NEU,ironic,
22951441,9065,9065,1.836125213622256e+18,2024-09-17,NEG,ironic,
22951442,9066,9066,1.8361252130645967e+18,2024-09-17,NEG,not ironic,
22951443,9067,9067,1.836125211697316e+18,2024-09-17,NEU,not ironic,
22951444,9068,9068,1.8361252107870907e+18,2024-09-17,NEU,not ironic,
22951445,9069,9069,1.8361252099144911e+18,2024-09-17,NEG,not ironic,
22951446,9070,9070,1.836125209847284e+18,2024-09-17,NEG,not ironic,
22951447,9071,9071,1.8361252084550577e+18,2024-09-17,NEG,ironic,
22951448,9072,9072,1.8361252079097976e+18,2024-09-17,POS,ironic,
22951449,9073,9073,1.8361252071378e+18,2024-09-17,NEU,not ironic,
22951450,9074,9074,1.8361252064961047e+18,2024-09-17,NEG,not ironic,
22951451,9075,9075,1.8361252053890447e+18,2024-09-17,NEG,ironic,
22951452,9076,9076,1.8361252009931284e+18,2024-09-17,NEU,not ironic,
22951453,9077,9077,1.836125200124908e+18,2024-09-17,NEG,not ironic,
22951454,9078,9078,1.8361251997264328e+18,2024-09-17,NEU,not ironic,
22951455,9079,9079,1.836125199441208e+18,2024-09-17,NEG,not ironic,
22951456,9080,9080,1.836125199273726e+18,2024-09-17,NEG,not ironic,
22951457,9081,9081,1.8361251991812595e+18,2024-09-17,NEG,ironic,
22951458,9082,9082,1.8361251990092475e+18,2024-09-17,NEG,ironic,
22951460,9084,9084,1.8361251988499128e+18,2024-09-17,NEG,not ironic,
22951461,9085,9085,1.836125198678136e+18,2024-09-17,NEG,not ironic,
22951462,9086,9086,1.836125198111704e+18,2024-09-17,POS,not ironic,
22951463,9087,9087,1.836125198061348e+18,2024-09-17,NEG,ironic,
22951464,9088,9088,1.8361251979902364e+18,2024-09-17,POS,not ironic,
22951465,9089,9089,1.8361251978393152e+18,2024-09-17,NEG,not ironic,
22951466,9090,9090,1.8361251945465e+18,2024-09-17,NEU,ironic,
22951467,9091,9091,1.836125193598608e+18,2024-09-17,NEU,ironic,
22951468,9092,9092,1.836125191862392e+18,2024-09-17,NEU,ironic,
22951469,9093,9093,1.8361251908387927e+18,2024-09-17,NEG,not ironic,
22951470,9094,9094,1.83612519069218e+18,2024-09-17,NEG,not ironic,
22951471,9095,9095,1.836125188900946e+18,2024-09-17,NEG,ironic,
22951472,9096,9096,1.8361251885234424e+18,2024-09-17,NEG,ironic,
22951473,9097,9097,1.8361251861033825e+18,2024-09-17,NEG,ironic,
22951474,9098,9098,1.8361251855412964e+18,2024-09-17,NEG,ironic,
22951475,9099,9099,1.836125185478448e+18,2024-09-17,NEG,not ironic,
22951476,9100,9100,1.8361251830165875e+18,2024-09-17,NEU,not ironic,
22951477,9101,9101,1.8361251817119127e+18,2024-09-17,NEU,not ironic,
22951478,9102,9102,1.8361251801141453e+18,2024-09-17,POS,ironic,
22951479,9103,9103,1.8361251791618207e+18,2024-09-17,NEU,not ironic,
22951480,9104,9104,1.8361251758524744e+18,2024-09-17,NEG,ironic,
22951481,9105,9105,1.8361251718175828e+18,2024-09-17,NEU,not ironic,
22951482,9106,9106,1.836125171532636e+18,2024-09-17,NEG,not ironic,
22951483,9107,9107,1.8361251697329933e+18,2024-09-17,NEG,not ironic,
22951484,9108,9108,1.8361251696158024e+18,2024-09-17,NEG,ironic,
22951485,9109,9109,1.8361251685085391e+18,2024-09-17,NEU,not ironic,
22951486,9110,9110,1.8361251678706847e+18,2024-09-17,POS,not ironic,
22951487,9111,9111,1.8361251675228447e+18,2024-09-17,NEU,not ironic,
22951488,9112,9112,1.8361251663568773e+18,2024-09-17,NEG,not ironic,
22951489,9113,9113,1.836125166226563e+18,2024-09-17,NEG,ironic,
22951490,9114,9114,1.836125165920404e+18,2024-09-17,NEU,not ironic,
22951491,9115,9115,1.836125164863431e+18,2024-09-17,POS,not ironic,
22951492,9116,9116,1.8361251647336328e+18,2024-09-17,NEG,ironic,
22951493,9117,9117,1.8361251638779948e+18,2024-09-17,NEG,not ironic,
22951494,9118,9118,1.836125163131409e+18,2024-09-17,NEG,not ironic,
22951495,9119,9119,1.8361251628084472e+18,2024-09-17,NEU,ironic,
22951496,9120,9120,1.8361251610048924e+18,2024-09-17,NEU,not ironic,
22951497,9121,9121,1.8361251597969408e+18,2024-09-17,NEU,not ironic,
22951498,9122,9122,1.8361251585802977e+18,2024-09-17,NEG,not ironic,
22951499,9123,9123,1.8361251584421724e+18,2024-09-17,NEG,not ironic,
22951500,9124,9124,1.8361251583121329e+18,2024-09-17,POS,not ironic,
22951501,9125,9125,1.8361251575695483e+18,2024-09-17,NEU,not ironic,
22951502,9126,9126,1.836125157351653e+18,2024-09-17,POS,not ironic,
22951503,9127,9127,1.8361251537485169e+18,2024-09-17,NEU,not ironic,
22951504,9128,9128,1.8361251484636408e+18,2024-09-17,NEG,not ironic,
22951505,9129,9129,1.836125148220633e+18,2024-09-17,NEG,not ironic,
22951506,9130,9130,1.8361251479393485e+18,2024-09-17,NEG,ironic,
22951507,9131,9131,1.8361251471678671e+18,2024-09-17,NEU,not ironic,
22951508,9132,9132,1.8361251465093816e+18,2024-09-17,NEG,not ironic,
22951509,9133,9133,1.836125145636668e+18,2024-09-17,NEG,ironic,
22951510,9134,9134,1.8361251455066568e+18,2024-09-17,NEG,ironic,
22951511,9135,9135,1.8361251452972485e+18,2024-09-17,NEU,not ironic,
22951512,9136,9136,1.836125144760423e+18,2024-09-17,POS,not ironic,
22951513,9137,9137,1.8361251442822272e+18,2024-09-17,NEU,not ironic,
22951514,9138,9138,1.8361251438793608e+18,2024-09-17,POS,not ironic,
22951515,9139,9139,1.8361251436696497e+18,2024-09-17,NEU,ironic,
22951517,9141,9141,1.8361251428393656e+18,2024-09-17,NEG,not ironic,
22951518,9142,9142,1.8361251412830208e+18,2024-09-17,NEU,not ironic,
22951519,9143,9143,1.8361251394965875e+18,2024-09-17,NEG,not ironic,
22951520,9144,9144,1.836125139374592e+18,2024-09-17,NEG,not ironic,
22951521,9145,9145,1.836125138204628e+18,2024-09-17,NEU,not ironic,
22951522,9146,9146,1.8361251381250253e+18,2024-09-17,NEG,ironic,
22951523,9147,9147,1.8361251376592205e+18,2024-09-17,POS,ironic,
22951524,9148,9148,1.8361251371264369e+18,2024-09-17,NEU,ironic,
22951525,9149,9149,1.836125136858051e+18,2024-09-17,NEU,not ironic,
22951526,9150,9150,1.8361251339977728e+18,2024-09-17,POS,ironic,
22951527,9151,9151,1.8361251322655247e+18,2024-09-17,NEG,ironic,
22951528,9152,9152,1.8361251296608627e+18,2024-09-17,NEU,ironic,
22951529,9153,9153,1.8361251280835213e+18,2024-09-17,NEG,ironic,
22951530,9154,9154,1.8361251279118543e+18,2024-09-17,NEG,ironic,
22951531,9155,9155,1.8361251278069804e+18,2024-09-17,NEG,ironic,
22951532,9156,9156,1.836125127475372e+18,2024-09-17,NEG,not ironic,
22951533,9157,9157,1.836125127131444e+18,2024-09-17,NEG,not ironic,
22951534,9158,9158,1.836125126947185e+18,2024-09-17,NEG,not ironic,
22951535,9159,9159,1.8361251257769367e+18,2024-09-17,NEG,not ironic,
22951536,9160,9160,1.836125125336273e+18,2024-09-17,NEG,not ironic,
22951537,9161,9161,1.8361251246948065e+18,2024-09-17,NEG,ironic,
22951538,9162,9162,1.836125123432072e+18,2024-09-17,NEU,ironic,
22951539,9163,9163,1.836125122266055e+18,2024-09-17,NEU,ironic,
22951540,9164,9164,1.836125120794068e+18,2024-09-17,NEG,ironic,
22951541,9165,9165,1.836125120642876e+18,2024-09-17,NEU,ironic,
22951542,9166,9166,1.8361251185249856e+18,2024-09-17,NEU,not ironic,
22951543,9167,9167,1.836125115249284e+18,2024-09-17,NEG,not ironic,
22951544,9168,9168,1.8361251151860488e+18,2024-09-17,NEU,not ironic,
22951545,9169,9169,1.8361251145149809e+18,2024-09-17,NEG,not ironic,
22951546,9170,9170,1.8361251136008727e+18,2024-09-17,POS,not ironic,
22951547,9171,9171,1.836125113294468e+18,2024-09-17,NEG,ironic,
22951548,9172,9172,1.836125112916968e+18,2024-09-17,NEU,ironic,
22951549,9173,9173,1.8361251118015368e+18,2024-09-17,NEG,not ironic,
22951550,9174,9174,1.8361251098176105e+18,2024-09-17,NEG,not ironic,
22951551,9175,9175,1.8361251093897628e+18,2024-09-17,NEG,ironic,
22951552,9176,9176,1.8361251078001505e+18,2024-09-17,NEG,ironic,
22951553,9177,9177,1.8361251076824968e+18,2024-09-17,NEG,ironic,
22951554,9178,9178,1.836125107317809e+18,2024-09-17,NEG,not ironic,
22951555,9179,9179,1.8361251057743588e+18,2024-09-17,NEU,ironic,
22951556,9180,9180,1.8361251055350456e+18,2024-09-17,NEU,ironic,
22951557,9181,9181,1.8361251048473605e+18,2024-09-17,NEG,ironic,
22951558,9182,9182,1.836125103819756e+18,2024-09-17,NEG,ironic,
22951559,9183,9183,1.8361251036981407e+18,2024-09-17,NEU,not ironic,
22951560,9184,9184,1.836125101567136e+18,2024-09-17,NEU,ironic,
22951561,9185,9185,1.8361250979813169e+18,2024-09-17,NEG,not ironic,
22951562,9186,9186,1.8361250965297928e+18,2024-09-17,NEG,not ironic,
22951563,9187,9187,1.836125096089416e+18,2024-09-17,NEU,not ironic,
22951564,9188,9188,1.8361250958799383e+18,2024-09-17,NEG,ironic,
22951565,9189,9189,1.8361250956238e+18,2024-09-17,POS,not ironic,
22951566,9190,9190,1.836125095112135e+18,2024-09-17,NEU,not ironic,
22951567,9191,9191,1.836125094453666e+18,2024-09-17,NEG,not ironic,
22951569,9193,9193,1.8361250927719588e+18,2024-09-17,NEU,ironic,
22951570,9194,9194,1.836125091484304e+18,2024-09-17,NEU,not ironic,
22951571,9195,9195,1.8361250910603924e+18,2024-09-17,NEU,ironic,
22951572,9196,9196,1.836125091018486e+18,2024-09-17,NEG,not ironic,
22951573,9197,9197,1.8361250907710835e+18,2024-09-17,NEG,not ironic,
22951574,9198,9198,1.8361250905028408e+18,2024-09-17,POS,not ironic,
22951575,9199,9199,1.83612508895912e+18,2024-09-17,NEU,not ironic,
22951576,9200,9200,1.8361250868451945e+18,2024-09-17,POS,not ironic,
22951577,9201,9201,1.836125085520008e+18,2024-09-17,NEG,not ironic,
22951579,9203,9203,1.836125084785784e+18,2024-09-17,NEG,ironic,
22951580,9204,9204,1.8361250847312653e+18,2024-09-17,POS,ironic,
22951581,9205,9205,1.8361250839804849e+18,2024-09-17,POS,ironic,
22951582,9206,9206,1.8361250837962263e+18,2024-09-17,NEU,not ironic,
22951584,9208,9208,1.8361250822861988e+18,2024-09-17,POS,ironic,
22951585,9209,9209,1.8361250817448591e+18,2024-09-17,NEU,not ironic,
22951586,9210,9210,1.836125080830776e+18,2024-09-17,NEG,ironic,
22951587,9211,9211,1.83612508082634e+18,2024-09-17,NEG,ironic,
22951588,9212,9212,1.8361250802980984e+18,2024-09-17,NEG,not ironic,
22951589,9213,9213,1.836125077055943e+18,2024-09-17,NEG,ironic,
22951590,9214,9214,1.8361250759567767e+18,2024-09-17,NEU,ironic,
22951591,9215,9215,1.8361250759485967e+18,2024-09-17,NEG,not ironic,
22951592,9216,9216,1.8361250752901e+18,2024-09-17,NEG,not ironic,
22951593,9217,9217,1.836125074149012e+18,2024-09-17,NEG,not ironic,
22951594,9218,9218,1.8361250741112504e+18,2024-09-17,NEU,not ironic,
22951595,9219,9219,1.8361250728280108e+18,2024-09-17,NEU,not ironic,
22951596,9220,9220,1.8361250717331456e+18,2024-09-17,NEG,ironic,
22951597,9221,9221,1.836125070122513e+18,2024-09-17,NEG,not ironic,
22951598,9222,9222,1.8361250696569528e+18,2024-09-17,POS,not ironic,
22951599,9223,9223,1.8361250694013007e+18,2024-09-17,NEG,not ironic,
22951600,9224,9224,1.8361250692377807e+18,2024-09-17,NEG,not ironic,
22951601,9225,9225,1.8361250680255657e+18,2024-09-17,NEG,ironic,
22951602,9226,9226,1.8361250678743567e+18,2024-09-17,NEG,not ironic,
22951603,9227,9227,1.83612506768144e+18,2024-09-17,NEG,not ironic,
22951604,9228,9228,1.8361250666160745e+18,2024-09-17,NEG,not ironic,
22951605,9229,9229,1.8361250644559544e+18,2024-09-17,NEG,ironic,
22951606,9230,9230,1.836125064149812e+18,2024-09-17,NEG,ironic,
22951607,9231,9231,1.836125063923332e+18,2024-09-17,POS,not ironic,
22951608,9232,9232,1.836125063571001e+18,2024-09-17,NEG,ironic,
22951609,9233,9233,1.8361250623420047e+18,2024-09-17,NEG,not ironic,
22951610,9234,9234,1.8361250620319048e+18,2024-09-17,NEG,ironic,
22951611,9235,9235,1.8361250614612915e+18,2024-09-17,NEG,ironic,
22951612,9236,9236,1.8361250593137047e+18,2024-09-17,NEG,not ironic,
22951613,9237,9237,1.836125058776904e+18,2024-09-17,NEG,not ironic,
22951614,9238,9238,1.8361250585716288e+18,2024-09-17,POS,ironic,
22951615,9239,9239,1.8361250585171108e+18,2024-09-17,NEU,not ironic,
22951617,9241,9241,1.8361250527538053e+18,2024-09-17,NEG,not ironic,
22951618,9242,9242,1.8361250520241075e+18,2024-09-17,NEU,ironic,
22951619,9243,9243,1.8361250519991708e+18,2024-09-17,NEU,ironic,
22951620,9244,9244,1.8361250503004367e+18,2024-09-17,NEU,not ironic,
22951621,9245,9245,1.836125050023412e+18,2024-09-17,NEG,ironic,
22951622,9246,9246,1.83612504897484e+18,2024-09-17,NEU,not ironic,
22951623,9247,9247,1.836125048413e+18,2024-09-17,NEU,ironic,
22951624,9248,9248,1.83612504744831e+18,2024-09-17,POS,not ironic,
22951625,9249,9249,1.8361250461313805e+18,2024-09-17,NEU,not ironic,
22951626,9250,9250,1.8361250453634668e+18,2024-09-17,NEG,not ironic,
22951627,9251,9251,1.836125044852036e+18,2024-09-17,NEG,not ironic,
22951628,9252,9252,1.836125044570768e+18,2024-09-17,NEG,not ironic,
22951629,9253,9253,1.836125042863936e+18,2024-09-17,NEG,ironic,
22951630,9254,9254,1.8361250424400727e+18,2024-09-17,NEG,not ironic,
22951631,9255,9255,1.8361250413495708e+18,2024-09-17,NEG,not ironic,
22951632,9256,9256,1.836125040439591e+18,2024-09-17,NEU,not ironic,
22951633,9257,9257,1.8361250380698337e+18,2024-09-17,NEG,not ironic,
22951634,9258,9258,1.836125038052828e+18,2024-09-17,NEG,ironic,
22951635,9259,9259,1.8361250375494733e+18,2024-09-17,NEG,not ironic,
22951636,9260,9260,1.8361250374949683e+18,2024-09-17,NEG,not ironic,
22951637,9261,9261,1.836125036186604e+18,2024-09-17,NEG,ironic,
22951638,9262,9262,1.8361250358384763e+18,2024-09-17,NEG,not ironic,
22951639,9263,9263,1.836125035117073e+18,2024-09-17,NEU,not ironic,
22951640,9264,9264,1.836125033091208e+18,2024-09-17,POS,ironic,
22951641,9265,9265,1.8361250328518825e+18,2024-09-17,NEU,not ironic,
22951642,9266,9266,1.836125032197821e+18,2024-09-17,NEG,ironic,
22951643,9267,9267,1.8361250319501724e+18,2024-09-17,NEU,ironic,
22951644,9268,9268,1.836125030994056e+18,2024-09-17,NEU,ironic,
22951646,9270,9270,1.836125030826308e+18,2024-09-17,NEU,not ironic,
22951647,9271,9271,1.8361250303772344e+18,2024-09-17,NEU,ironic,
22951648,9272,9272,1.8361250299788168e+18,2024-09-17,NEG,ironic,
22951649,9273,9273,1.8361250296767447e+18,2024-09-17,NEG,not ironic,
22951650,9274,9274,1.836125029496431e+18,2024-09-17,NEG,ironic,
22951651,9275,9275,1.8361250291737275e+18,2024-09-17,NEG,ironic,
22951652,9276,9276,1.83612502840588e+18,2024-09-17,POS,not ironic,
22951653,9277,9277,1.836125027995128e+18,2024-09-17,NEU,not ironic,
22951654,9278,9278,1.8361250273321487e+18,2024-09-17,NEG,ironic,
22951655,9279,9279,1.8361250273111693e+18,2024-09-17,NEG,ironic,
22951656,9280,9280,1.8361250269463145e+18,2024-09-17,NEG,ironic,
22951657,9281,9281,1.836125025541432e+18,2024-09-17,POS,ironic,
22951658,9282,9282,1.8361250230374605e+18,2024-09-17,NEG,not ironic,
22951659,9283,9283,1.836125022902948e+18,2024-09-17,POS,not ironic,
22951660,9284,9284,1.8361250215818327e+18,2024-09-17,NEU,not ironic,
22951661,9285,9285,1.8361250212965788e+18,2024-09-17,NEU,not ironic,
22951662,9286,9286,1.8361250198159688e+18,2024-09-17,NEG,ironic,
22951663,9287,9287,1.836125017903412e+18,2024-09-17,NEG,not ironic,
22951664,9288,9288,1.8361250176561684e+18,2024-09-17,NEG,ironic,
22951665,9289,9289,1.836125014875345e+18,2024-09-17,NEU,ironic,
22951666,9290,9290,1.836125014715961e+18,2024-09-17,NEG,not ironic,
22951667,9291,9291,1.836125014552384e+18,2024-09-17,NEG,not ironic,
22951668,9292,9292,1.8361250134071173e+18,2024-09-17,NEG,not ironic,
22951669,9293,9293,1.8361250131638725e+18,2024-09-17,NEG,not ironic,
22951670,9294,9294,1.8361250131011543e+18,2024-09-17,POS,ironic,
22951671,9295,9295,1.8361250124636204e+18,2024-09-17,NEG,not ironic,
22951672,9296,9296,1.8361250114317967e+18,2024-09-17,NEG,ironic,
22951673,9297,9297,1.836125009829585e+18,2024-09-17,NEU,ironic,
22951674,9298,9298,1.8361250097328333e+18,2024-09-17,NEG,ironic,
22951675,9299,9299,1.836125008600666e+18,2024-09-17,NEU,ironic,
22951676,9300,9300,1.8361250043516032e+18,2024-09-17,NEU,not ironic,
22951677,9301,9301,1.8361250032611164e+18,2024-09-17,NEU,not ironic,
22951678,9302,9302,1.8361250030222423e+18,2024-09-17,NEG,ironic,
22951679,9303,9303,1.836125002145612e+18,2024-09-17,NEU,ironic,
22951680,9304,9304,1.836125000883118e+18,2024-09-17,NEG,not ironic,
22951681,9305,9305,1.8361250006521733e+18,2024-09-17,POS,not ironic,
22951682,9306,9306,1.8361250003588588e+18,2024-09-17,POS,ironic,
22951683,9307,9307,1.836124999842673e+18,2024-09-17,NEG,not ironic,
22951684,9308,9308,1.8361249994651853e+18,2024-09-17,NEG,not ironic,
22951685,9309,9309,1.8361249987774257e+18,2024-09-17,NEU,ironic,
22951686,9310,9310,1.836124998718616e+18,2024-09-17,NEU,ironic,
22951687,9311,9311,1.836124997435249e+18,2024-09-17,POS,not ironic,
22951688,9312,9312,1.8361249965042936e+18,2024-09-17,NEG,ironic,
22951689,9313,9313,1.8361249964708209e+18,2024-09-17,NEG,not ironic,
22951690,9314,9314,1.8361249938157773e+18,2024-09-17,NEG,ironic,
22951691,9315,9315,1.836124993572184e+18,2024-09-17,NEG,not ironic,
22951692,9316,9316,1.8361249929724685e+18,2024-09-17,POS,not ironic,
22951693,9317,9317,1.8361249929601068e+18,2024-09-17,NEU,not ironic,
22951694,9318,9318,1.836124992955965e+18,2024-09-17,NEU,ironic,
22951695,9319,9319,1.8361249921296343e+18,2024-09-17,NEU,not ironic,
22951696,9320,9320,1.836124989096936e+18,2024-09-17,NEG,not ironic,
22951697,9321,9321,1.8361249880863247e+18,2024-09-17,NEG,not ironic,
22951698,9322,9322,1.836124987927024e+18,2024-09-17,NEG,not ironic,
22951700,9324,9324,1.836124985145844e+18,2024-09-17,NEU,ironic,
22951701,9325,9325,1.836124984554476e+18,2024-09-17,NEU,not ironic,
22951702,9326,9326,1.8361249844453952e+18,2024-09-17,NEG,ironic,
22951703,9327,9327,1.8361249840846605e+18,2024-09-17,NEG,ironic,
22951704,9328,9328,1.8361249826125617e+18,2024-09-17,POS,ironic,
22951705,9329,9329,1.8361249817904333e+18,2024-09-17,NEG,ironic,
22951706,9330,9330,1.836124981249352e+18,2024-09-17,NEU,ironic,
22951707,9331,9331,1.8361249800123315e+18,2024-09-17,NEG,not ironic,
22951708,9332,9332,1.836124978674307e+18,2024-09-17,NEU,not ironic,
22951709,9333,9333,1.8361249785985275e+18,2024-09-17,NEU,not ironic,
22951710,9334,9334,1.8361249783597348e+18,2024-09-17,NEG,ironic,
22951711,9335,9335,1.8361249767698924e+18,2024-09-17,NEU,not ironic,
22951712,9336,9336,1.83612497637136e+18,2024-09-17,NEG,not ironic,
22951713,9337,9337,1.8361249755327736e+18,2024-09-17,NEU,not ironic,
22951714,9338,9338,1.8361249740393272e+18,2024-09-17,NEG,ironic,
22951715,9339,9339,1.836124971858309e+18,2024-09-17,POS,not ironic,
22951716,9340,9340,1.836124971455988e+18,2024-09-17,NEG,ironic,
22951717,9341,9341,1.8361249708645128e+18,2024-09-17,NEG,not ironic,
22951718,9342,9342,1.836124967525848e+18,2024-09-17,POS,ironic,
22951719,9343,9343,1.8361249674922929e+18,2024-09-17,NEU,ironic,
22951720,9344,9344,1.836124967391404e+18,2024-09-17,POS,not ironic,
22951721,9345,9345,1.836124966766449e+18,2024-09-17,NEG,ironic,
22951722,9346,9346,1.8361249659739548e+18,2024-09-17,NEU,not ironic,
22951723,9347,9347,1.8361249654410447e+18,2024-09-17,POS,ironic,
22951724,9348,9348,1.8361249637509737e+18,2024-09-17,NEU,not ironic,
22951725,9349,9349,1.8361249632935365e+18,2024-09-17,NEG,not ironic,
22951726,9350,9350,1.836124963205714e+18,2024-09-17,NEU,not ironic,
22951727,9351,9351,1.8361249629666388e+18,2024-09-17,NEU,not ironic,
22951728,9352,9352,1.836124962957996e+18,2024-09-17,NEG,not ironic,
22951729,9353,9353,1.8361249622743616e+18,2024-09-17,NEG,ironic,
22951730,9354,9354,1.8361249622032755e+18,2024-09-17,NEU,ironic,
22951731,9355,9355,1.8361249621065933e+18,2024-09-17,NEU,not ironic,
22951732,9356,9356,1.8361249603158387e+18,2024-09-17,NEU,not ironic,
22951733,9357,9357,1.836124960059986e+18,2024-09-17,NEG,ironic,
22951734,9358,9358,1.836124959065904e+18,2024-09-17,NEG,not ironic,
22951735,9359,9359,1.836124957887312e+18,2024-09-17,POS,not ironic,
22951736,9360,9360,1.8361249575893527e+18,2024-09-17,NEU,ironic,
22951737,9361,9361,1.8361249569601536e+18,2024-09-17,NEU,not ironic,
22951738,9362,9362,1.8361249567210376e+18,2024-09-17,NEU,ironic,
22951739,9363,9363,1.8361249557188687e+18,2024-09-17,NEU,not ironic,
22951740,9364,9364,1.8361249555007767e+18,2024-09-17,NEG,ironic,
22951741,9365,9365,1.836124955198538e+18,2024-09-17,POS,ironic,
22951742,9366,9366,1.8361249550519872e+18,2024-09-17,NEG,not ironic,
22951743,9367,9367,1.836124955031016e+18,2024-09-17,NEG,not ironic,
22951744,9368,9368,1.8361249546996657e+18,2024-09-17,NEG,ironic,
22951745,9369,9369,1.836124953042916e+18,2024-09-17,NEG,not ironic,
22951746,9370,9370,1.836124952233132e+18,2024-09-17,POS,not ironic,
22951747,9371,9371,1.8361249509709453e+18,2024-09-17,NEG,not ironic,
22951748,9372,9372,1.8361249499934764e+18,2024-09-17,NEG,ironic,
22951749,9373,9373,1.8361249499600847e+18,2024-09-17,NEU,ironic,
22951750,9374,9374,1.8361249487395392e+18,2024-09-17,NEG,not ironic,
22951751,9375,9375,1.836124945488974e+18,2024-09-17,NEU,ironic,
22951752,9376,9376,1.8361249449772687e+18,2024-09-17,NEG,not ironic,
22951753,9377,9377,1.8361249448556337e+18,2024-09-17,NEG,not ironic,
22951754,9378,9378,1.836124944742388e+18,2024-09-17,POS,ironic,
22951755,9379,9379,1.836124942636847e+18,2024-09-17,NEG,ironic,
22951756,9380,9380,1.8361249423768248e+18,2024-09-17,NEU,not ironic,
22951757,9381,9381,1.8361249416803249e+18,2024-09-17,NEG,ironic,
22951758,9382,9382,1.836124941550232e+18,2024-09-17,NEU,ironic,
22951759,9383,9383,1.836124941454053e+18,2024-09-17,NEG,not ironic,
22951760,9384,9384,1.8361249394072087e+18,2024-09-17,NEU,not ironic,
22951761,9385,9385,1.83612493701648e+18,2024-09-17,NEU,not ironic,
22951763,9387,9387,1.8361249352798487e+18,2024-09-17,NEU,ironic,
22951764,9388,9388,1.8361249349233167e+18,2024-09-17,NEG,ironic,
22951765,9389,9389,1.836124933606511e+18,2024-09-17,NEU,ironic,
22951766,9390,9390,1.836124931668554e+18,2024-09-17,NEG,ironic,
22951767,9391,9391,1.83612492966806e+18,2024-09-17,NEG,not ironic,
22951768,9392,9392,1.8361249284684923e+18,2024-09-17,NEU,not ironic,
22951769,9393,9393,1.8361249280865608e+18,2024-09-17,NEG,not ironic,
22951770,9394,9394,1.8361249279061857e+18,2024-09-17,NEU,not ironic,
22951772,9396,9396,1.8361249222061555e+18,2024-09-17,NEG,ironic,
22951773,9397,9397,1.8361249221935844e+18,2024-09-17,NEU,ironic,
22951774,9398,9398,1.8361249219253737e+18,2024-09-17,POS,ironic,
22951775,9399,9399,1.836124921539498e+18,2024-09-17,POS,ironic,
22951776,9400,9400,1.83612491990372e+18,2024-09-17,NEG,not ironic,
22951777,9401,9401,1.836124919572369e+18,2024-09-17,NEU,not ironic,
22951778,9402,9402,1.8361249191571333e+18,2024-09-17,NEG,not ironic,
22951779,9403,9403,1.8361249179322168e+18,2024-09-17,NEG,ironic,
22951780,9404,9404,1.8361249176471885e+18,2024-09-17,POS,ironic,
22951781,9405,9405,1.836124916917408e+18,2024-09-17,NEG,ironic,
22951782,9406,9406,1.8361249161579807e+18,2024-09-17,NEG,not ironic,
22951783,9407,9407,1.8361249161414208e+18,2024-09-17,NEU,not ironic,
22951784,9408,9408,1.836124915897864e+18,2024-09-17,NEG,not ironic,
22951785,9409,9409,1.8361249154575447e+18,2024-09-17,NEU,not ironic,
22951786,9410,9410,1.8361249127605453e+18,2024-09-17,NEG,ironic,
22951787,9411,9411,1.8361249120310108e+18,2024-09-17,NEU,not ironic,
22951788,9412,9412,1.8361249109193324e+18,2024-09-17,NEU,not ironic,
22951789,9413,9413,1.8361249097280435e+18,2024-09-17,NEU,not ironic,
22951790,9414,9414,1.8361249077318497e+18,2024-09-17,NEG,not ironic,
22951791,9415,9415,1.8361249070733071e+18,2024-09-17,NEG,not ironic,
22951792,9416,9416,1.8361249067839365e+18,2024-09-17,NEG,not ironic,
22951793,9417,9417,1.8361249060538903e+18,2024-09-17,NEU,ironic,
22951794,9418,9418,1.8361249051901007e+18,2024-09-17,POS,ironic,
22951795,9419,9419,1.8361249043425728e+18,2024-09-17,NEG,ironic,
22951796,9420,9420,1.8361249039947244e+18,2024-09-17,NEG,ironic,
22951797,9421,9421,1.836124903877284e+18,2024-09-17,NEG,ironic,
22951798,9422,9422,1.8361249038182927e+18,2024-09-17,NEG,not ironic,
22951799,9423,9423,1.836124902447096e+18,2024-09-17,NEG,not ironic,
22951800,9424,9424,1.836124902199608e+18,2024-09-17,POS,ironic,
22951801,9425,9425,1.8361249017882504e+18,2024-09-17,POS,ironic,
22951802,9426,9426,1.8361248993222697e+18,2024-09-17,NEU,ironic,
22951803,9427,9427,1.8361248978207337e+18,2024-09-17,NEU,not ironic,
22951804,9428,9428,1.836124897774309e+18,2024-09-17,NEG,ironic,
22951805,9429,9429,1.8361248976403533e+18,2024-09-17,POS,not ironic,
22951806,9430,9430,1.8361248972164795e+18,2024-09-17,NEG,not ironic,
22951807,9431,9431,1.8361248958659832e+18,2024-09-17,NEG,not ironic,
22951808,9432,9432,1.8361248955849608e+18,2024-09-17,NEG,ironic,
22951809,9433,9433,1.8361248944820431e+18,2024-09-17,POS,ironic,
22951810,9434,9434,1.836124894326854e+18,2024-09-17,NEU,not ironic,
22951811,9435,9435,1.836124893295022e+18,2024-09-17,NEG,not ironic,
22951812,9436,9436,1.8361248920575224e+18,2024-09-17,NEU,not ironic,
22951813,9437,9437,1.8361248910382656e+18,2024-09-17,NEU,not ironic,
22951814,9438,9438,1.8361248908285545e+18,2024-09-17,NEU,not ironic,
22951815,9439,9439,1.8361248895369587e+18,2024-09-17,NEU,not ironic,
22951816,9440,9440,1.8361248893814743e+18,2024-09-17,NEU,not ironic,
22951817,9441,9441,1.8361248876785992e+18,2024-09-17,NEU,not ironic,
22951818,9442,9442,1.8361248857536968e+18,2024-09-17,POS,not ironic,
22951819,9443,9443,1.8361248844238031e+18,2024-09-17,NEG,not ironic,
22951820,9444,9444,1.8361248842015785e+18,2024-09-17,NEU,not ironic,
22951821,9445,9445,1.836124883312612e+18,2024-09-17,NEG,not ironic,
22951822,9446,9446,1.836124882889048e+18,2024-09-17,NEU,ironic,
22951823,9447,9447,1.8361248819830287e+18,2024-09-17,NEG,ironic,
22951824,9448,9448,1.8361248800829967e+18,2024-09-17,NEG,not ironic,
22951825,9449,9449,1.8361248800450688e+18,2024-09-17,NEG,not ironic,
22951826,9450,9450,1.8361248791264788e+18,2024-09-17,NEU,not ironic,
22951827,9451,9451,1.836124878967313e+18,2024-09-17,NEG,ironic,
22951828,9452,9452,1.836124878862164e+18,2024-09-17,NEU,not ironic,
22951829,9453,9453,1.8361248773103693e+18,2024-09-17,POS,ironic,
22951830,9454,9454,1.836124876345873e+18,2024-09-17,NEU,not ironic,
22951831,9455,9455,1.8361248755489344e+18,2024-09-17,NEG,ironic,
22951832,9456,9456,1.8361248751964124e+18,2024-09-17,NEU,not ironic,
22951833,9457,9457,1.836124872889533e+18,2024-09-17,POS,not ironic,
22951834,9458,9458,1.8361248724661407e+18,2024-09-17,NEG,not ironic,
22951835,9459,9459,1.8361248690055828e+18,2024-09-17,NEG,ironic,
22951836,9460,9460,1.836124868636492e+18,2024-09-17,POS,not ironic,
22951837,9461,9461,1.8361248683473352e+18,2024-09-17,POS,ironic,
22951838,9462,9462,1.8361248682044828e+18,2024-09-17,NEG,not ironic,
22951839,9463,9463,1.8361248678437235e+18,2024-09-17,NEG,not ironic,
22951840,9464,9464,1.8361248677978808e+18,2024-09-17,NEG,not ironic,
22951841,9465,9465,1.836124867038446e+18,2024-09-17,NEU,ironic,
22951842,9466,9466,1.836124866153726e+18,2024-09-17,NEG,not ironic,
22951843,9467,9467,1.8361248660278848e+18,2024-09-17,NEG,ironic,
22951844,9468,9468,1.836124865746924e+18,2024-09-17,NEU,not ironic,
22951845,9469,9469,1.8361248654403832e+18,2024-09-17,NEG,ironic,
22951846,9470,9470,1.83612486533163e+18,2024-09-17,NEU,not ironic,
22951847,9471,9471,1.8361248647024847e+18,2024-09-17,POS,not ironic,
22951848,9472,9472,1.8361248632174103e+18,2024-09-17,NEG,not ironic,
22951849,9473,9473,1.836124861921456e+18,2024-09-17,NEG,ironic,
22951850,9474,9474,1.8361248609989143e+18,2024-09-17,NEG,not ironic,
22951851,9475,9475,1.83612485827258e+18,2024-09-17,NEG,ironic,
22951852,9476,9476,1.8361248578112435e+18,2024-09-17,NEG,not ironic,
22951853,9477,9477,1.8361248574586268e+18,2024-09-17,NEU,not ironic,
22951854,9478,9478,1.8361248565026944e+18,2024-09-17,NEU,not ironic,
22951855,9479,9479,1.8361248556635384e+18,2024-09-17,NEG,ironic,
22951856,9480,9480,1.836124854963114e+18,2024-09-17,NEU,not ironic,
22951857,9481,9481,1.8361248540822648e+18,2024-09-17,NEG,not ironic,
22951858,9482,9482,1.836124851939025e+18,2024-09-17,NEU,not ironic,
22951859,9483,9483,1.836124851817304e+18,2024-09-17,POS,not ironic,
22951860,9484,9484,1.8361248517292155e+18,2024-09-17,NEG,not ironic,
22951861,9485,9485,1.8361248503745457e+18,2024-09-17,NEU,not ironic,
22951862,9486,9486,1.8361248485290025e+18,2024-09-17,NEG,ironic,
22951863,9487,9487,1.8361248465412303e+18,2024-09-17,NEG,not ironic,
22951864,9488,9488,1.836124845064524e+18,2024-09-17,NEG,ironic,
22951865,9489,9489,1.83612484490537e+18,2024-09-17,POS,not ironic,
22951866,9490,9490,1.836124844091675e+18,2024-09-17,NEG,ironic,
22951867,9491,9491,1.8361248437561303e+18,2024-09-17,NEG,not ironic,
22951868,9492,9492,1.8361248435965668e+18,2024-09-17,NEG,not ironic,
22951869,9493,9493,1.836124842757706e+18,2024-09-17,NEG,ironic,
22951870,9494,9494,1.8361248425520988e+18,2024-09-17,POS,not ironic,
22951871,9495,9495,1.8361248401197007e+18,2024-09-17,NEG,ironic,
22951872,9496,9496,1.8361248395196457e+18,2024-09-17,NEG,not ironic,
22951873,9497,9497,1.83612483860972e+18,2024-09-17,NEU,not ironic,
22951874,9498,9498,1.8361248383371471e+18,2024-09-17,NEU,not ironic,
22951875,9499,9499,1.836124837732828e+18,2024-09-17,NEG,not ironic,
22951876,9500,9500,1.8361248376447508e+18,2024-09-17,POS,not ironic,
22951877,9501,9501,1.8361248375650432e+18,2024-09-17,NEU,not ironic,
22951878,9502,9502,1.8361248373385464e+18,2024-09-17,NEG,not ironic,
22951879,9503,9503,1.8361248359670907e+18,2024-09-17,NEU,not ironic,
22951880,9504,9504,1.836124835824444e+18,2024-09-17,NEU,not ironic,
22951881,9505,9505,1.836124835576968e+18,2024-09-17,NEG,not ironic,
22951882,9506,9506,1.83612483514103e+18,2024-09-17,NEU,not ironic,
22951883,9507,9507,1.8361248340712328e+18,2024-09-17,NEU,not ironic,
22951884,9508,9508,1.8361248337401984e+18,2024-09-17,NEU,not ironic,
22951885,9509,9509,1.8361248326412247e+18,2024-09-17,NEG,not ironic,
22951886,9510,9510,1.8361248307661537e+18,2024-09-17,NEG,ironic,
22951887,9511,9511,1.8361248289670144e+18,2024-09-17,POS,not ironic,
22951889,9513,9513,1.8361248270334648e+18,2024-09-17,NEG,not ironic,
22951890,9514,9514,1.8361248269537487e+18,2024-09-17,NEG,not ironic,
22951891,9515,9515,1.8361248265634084e+18,2024-09-17,NEG,not ironic,
22951892,9516,9516,1.836124826429244e+18,2024-09-17,NEG,ironic,
22951893,9517,9517,1.836124825552852e+18,2024-09-17,NEG,not ironic,
22951894,9518,9518,1.8361248231411264e+18,2024-09-17,NEU,ironic,
22951895,9519,9519,1.8361248227717448e+18,2024-09-17,POS,not ironic,
22951896,9520,9520,1.8361248227676488e+18,2024-09-17,NEU,not ironic,
22951897,9521,9521,1.83612482224774e+18,2024-09-17,NEU,not ironic,
22951898,9522,9522,1.8361248214298296e+18,2024-09-17,NEG,ironic,
22951899,9523,9523,1.83612482077524e+18,2024-09-17,POS,not ironic,
22951900,9524,9524,1.8361248201125724e+18,2024-09-17,NEG,not ironic,
22951901,9525,9525,1.8361248189006848e+18,2024-09-17,NEG,not ironic,
22951902,9526,9526,1.836124818833576e+18,2024-09-17,NEG,not ironic,
22951903,9527,9527,1.8361248176214472e+18,2024-09-17,NEG,not ironic,
22951904,9528,9528,1.83612481637152e+18,2024-09-17,POS,ironic,
22951905,9529,9529,1.8361248161618043e+18,2024-09-17,NEG,not ironic,
22951906,9530,9530,1.8361248147274345e+18,2024-09-17,NEG,not ironic,
22951907,9531,9531,1.83612481326354e+18,2024-09-17,NEU,not ironic,
22951908,9532,9532,1.83612481260893e+18,2024-09-17,NEU,not ironic,
22951909,9533,9533,1.836124812059546e+18,2024-09-17,NEU,not ironic,
22951910,9534,9534,1.8361248096688333e+18,2024-09-17,NEG,not ironic,
22951911,9535,9535,1.8361248091656768e+18,2024-09-17,NEG,not ironic,
22951912,9536,9536,1.8361248090228083e+18,2024-09-17,NEG,ironic,
22951913,9537,9537,1.836124808565724e+18,2024-09-17,NEG,ironic,
22951914,9538,9538,1.8361248085446825e+18,2024-09-17,NEU,not ironic,
22951915,9539,9539,1.8361248071776049e+18,2024-09-17,NEG,ironic,
22951916,9540,9540,1.8361248070475817e+18,2024-09-17,NEG,ironic,
22951917,9541,9541,1.836124806925648e+18,2024-09-17,NEU,not ironic,
22951918,9542,9542,1.8361248065526536e+18,2024-09-17,NEG,not ironic,
22951919,9543,9543,1.8361248063597325e+18,2024-09-17,NEG,ironic,
22951920,9544,9544,1.8361248057222065e+18,2024-09-17,NEU,ironic,
22951921,9545,9545,1.836124805428384e+18,2024-09-17,POS,not ironic,
22951922,9546,9546,1.8361248044007388e+18,2024-09-17,POS,ironic,
22951923,9547,9547,1.836124802689479e+18,2024-09-17,NEG,ironic,
22951924,9548,9548,1.8361248022576868e+18,2024-09-17,POS,not ironic,
22951925,9549,9549,1.8361248019515023e+18,2024-09-17,NEU,not ironic,
22951926,9550,9550,1.8361248017543703e+18,2024-09-17,NEU,ironic,
22951927,9551,9551,1.8361248011713623e+18,2024-09-17,NEG,not ironic,
22951928,9552,9552,1.8361248010201088e+18,2024-09-17,NEG,ironic,
22951929,9553,9553,1.8361248004077773e+18,2024-09-17,NEG,not ironic,
22951930,9554,9554,1.836124800361592e+18,2024-09-17,NEG,not ironic,
22951931,9555,9555,1.8361247994682767e+18,2024-09-17,POS,ironic,
22951932,9556,9556,1.83612479675476e+18,2024-09-17,NEU,not ironic,
22951933,9557,9557,1.836124796465369e+18,2024-09-17,NEU,not ironic,
22951934,9558,9558,1.836124796310164e+18,2024-09-17,NEG,ironic,
22951935,9559,9559,1.836124794569528e+18,2024-09-17,POS,ironic,
22951936,9560,9560,1.83612479438916e+18,2024-09-17,NEG,ironic,
22951937,9561,9561,1.836124793881732e+18,2024-09-17,POS,ironic,
22951938,9562,9562,1.8361247938229407e+18,2024-09-17,NEG,not ironic,
22951939,9563,9563,1.836124793478808e+18,2024-09-17,NEU,not ironic,
22951940,9564,9564,1.836124792795124e+18,2024-09-17,NEG,not ironic,
22951941,9565,9565,1.8361247926189056e+18,2024-09-17,NEG,not ironic,
22951942,9566,9566,1.8361247911467336e+18,2024-09-17,NEG,ironic,
22951943,9567,9567,1.8361247911173489e+18,2024-09-17,POS,not ironic,
22951944,9568,9568,1.8361247897754376e+18,2024-09-17,POS,ironic,
22951945,9569,9569,1.836124789531951e+18,2024-09-17,NEU,not ironic,
22951946,9570,9570,1.8361247873676247e+18,2024-09-17,NEU,not ironic,
22951947,9571,9571,1.836124786801464e+18,2024-09-17,POS,not ironic,
22951948,9572,9572,1.836124786193469e+18,2024-09-17,NEG,ironic,
22951949,9573,9573,1.8361247845157809e+18,2024-09-17,NEU,not ironic,
22951950,9574,9574,1.8361247833537288e+18,2024-09-17,NEU,not ironic,
22951951,9575,9575,1.836124783240676e+18,2024-09-17,NEG,not ironic,
22951952,9576,9576,1.836124781994738e+18,2024-09-17,NEU,not ironic,
22951953,9577,9577,1.8361247813488763e+18,2024-09-17,NEG,ironic,
22951954,9578,9578,1.836124780254368e+18,2024-09-17,NEG,not ironic,
22951955,9579,9579,1.8361247798682583e+18,2024-09-17,POS,not ironic,
22951956,9580,9580,1.836124776458318e+18,2024-09-17,POS,not ironic,
22951957,9581,9581,1.8361247760598423e+18,2024-09-17,NEG,not ironic,
22951958,9582,9582,1.836124775661617e+18,2024-09-17,NEG,ironic,
22951959,9583,9583,1.8361247755232087e+18,2024-09-17,NEG,not ironic,
22951960,9584,9584,1.836124774621164e+18,2024-09-17,NEG,ironic,
22951961,9585,9585,1.836124773883224e+18,2024-09-17,POS,ironic,
22951962,9586,9586,1.8361247737822656e+18,2024-09-17,NEG,not ironic,
22951963,9587,9587,1.8361247728388795e+18,2024-09-17,NEG,not ironic,
22951964,9588,9588,1.8361247725452367e+18,2024-09-17,NEG,not ironic,
22951965,9589,9589,1.8361247724949056e+18,2024-09-17,POS,not ironic,
22951966,9590,9590,1.836124769277912e+18,2024-09-17,NEG,ironic,
22951967,9591,9591,1.836124767918928e+18,2024-09-17,NEG,ironic,
22951968,9592,9592,1.8361247674111675e+18,2024-09-17,NEU,not ironic,
22951969,9593,9593,1.8361247673566536e+18,2024-09-17,POS,not ironic,
22951970,9594,9594,1.8361247662829448e+18,2024-09-17,NEU,ironic,
22951971,9595,9595,1.836124764169012e+18,2024-09-17,POS,not ironic,
22951972,9596,9596,1.8361247641312177e+18,2024-09-17,NEU,ironic,
22951973,9597,9597,1.8361247635023176e+18,2024-09-17,NEG,ironic,
22951974,9598,9598,1.83612476281e+18,2024-09-17,NEU,not ironic,
22951975,9599,9599,1.8361247626592955e+18,2024-09-17,NEG,ironic,
22951976,9600,9600,1.8361247625334336e+18,2024-09-17,NEU,not ironic,
22951977,9601,9601,1.8361247617785285e+18,2024-09-17,NEU,not ironic,
22951978,9602,9602,1.8361247617323213e+18,2024-09-17,NEG,ironic,
22951979,9603,9603,1.836124760922604e+18,2024-09-17,NEG,not ironic,
22951980,9604,9604,1.83612476044868e+18,2024-09-17,NEG,ironic,
22951981,9605,9605,1.836124759978918e+18,2024-09-17,NEU,not ironic,
22951982,9606,9606,1.836124759547089e+18,2024-09-17,NEG,ironic,
22951983,9607,9607,1.836124758624064e+18,2024-09-17,NEG,not ironic,
22951984,9608,9608,1.83612475763026e+18,2024-09-17,NEU,not ironic,
22951985,9609,9609,1.8361247576090345e+18,2024-09-17,POS,ironic,
22951986,9610,9610,1.8361247558768768e+18,2024-09-17,NEG,not ironic,
22951987,9611,9611,1.8361247552602808e+18,2024-09-17,NEG,ironic,
22951988,9612,9612,1.836124754975101e+18,2024-09-17,POS,not ironic,
22951989,9613,9613,1.8361247544593984e+18,2024-09-17,NEG,not ironic,
22951990,9614,9614,1.836124754060972e+18,2024-09-17,NEG,ironic,
22951991,9615,9615,1.836124753217884e+18,2024-09-17,NEU,ironic,
22951992,9616,9616,1.8361247529117e+18,2024-09-17,NEG,not ironic,
22951993,9617,9617,1.8361247522780608e+18,2024-09-17,NEG,not ironic,
22951994,9618,9618,1.836124752194474e+18,2024-09-17,NEU,not ironic,
22951995,9619,9619,1.8361247519680187e+18,2024-09-17,NEU,not ironic,
22951996,9620,9620,1.8361247518335383e+18,2024-09-17,NEU,not ironic,
22951998,9622,9622,1.836124749715399e+18,2024-09-17,POS,not ironic,
22951999,9623,9623,1.836124747668812e+18,2024-09-17,POS,not ironic,
22952000,9624,9624,1.8361247463180493e+18,2024-09-17,POS,ironic,
22952001,9625,9625,1.8361247457143483e+18,2024-09-17,NEU,not ironic,
22952002,9626,9626,1.836124743474516e+18,2024-09-17,NEU,ironic,
22952003,9627,9627,1.836124743163864e+18,2024-09-17,NEG,ironic,
22952004,9628,9628,1.8361247428870472e+18,2024-09-17,POS,ironic,
22952005,9629,9629,1.836124740689528e+18,2024-09-17,NEU,not ironic,
22952006,9630,9630,1.8361247398589888e+18,2024-09-17,NEG,ironic,
22952007,9631,9631,1.8361247394352049e+18,2024-09-17,NEU,ironic,
22952008,9632,9632,1.836124738940536e+18,2024-09-17,NEG,not ironic,
22952009,9633,9633,1.836124738420176e+18,2024-09-17,NEU,not ironic,
22952010,9634,9634,1.83612473814757e+18,2024-09-17,NEU,not ironic,
22952011,9635,9635,1.8361247380219208e+18,2024-09-17,NEU,not ironic,
22952012,9636,9636,1.8361247367801777e+18,2024-09-17,NEU,not ironic,
22952013,9637,9637,1.8361247364574456e+18,2024-09-17,NEG,ironic,
22952014,9638,9638,1.836124736176128e+18,2024-09-17,POS,ironic,
22952015,9639,9639,1.8361247347965007e+18,2024-09-17,NEU,ironic,
22952016,9640,9640,1.8361247331397512e+18,2024-09-17,NEU,not ironic,
22952017,9641,9641,1.8361247304593687e+18,2024-09-17,NEG,ironic,
22952018,9642,9642,1.8361247304383288e+18,2024-09-17,NEG,not ironic,
22952019,9643,9643,1.8361247302412367e+18,2024-09-17,NEG,ironic,
22952020,9644,9644,1.8361247298305108e+18,2024-09-17,NEU,not ironic,
22952021,9645,9645,1.8361247294655409e+18,2024-09-17,NEG,not ironic,
22952022,9646,9646,1.836124729196888e+18,2024-09-17,NEU,not ironic,
22952023,9647,9647,1.836124728731256e+18,2024-09-17,NEG,not ironic,
22952024,9648,9648,1.8361247283330785e+18,2024-09-17,POS,not ironic,
22952025,9649,9649,1.8361247276242417e+18,2024-09-17,NEG,ironic,
22952026,9650,9650,1.8361247245998528e+18,2024-09-17,NEG,not ironic,
22952027,9651,9651,1.8361247237360927e+18,2024-09-17,NEG,ironic,
22952028,9652,9652,1.8361247232074424e+18,2024-09-17,NEG,ironic,
22952029,9653,9653,1.83612472181912e+18,2024-09-17,NEU,not ironic,
22952030,9654,9654,1.836124721651614e+18,2024-09-17,NEU,not ironic,
22952031,9655,9655,1.836124720325948e+18,2024-09-17,NEU,not ironic,
22952032,9656,9656,1.8361247199106253e+18,2024-09-17,POS,not ironic,
22952033,9657,9657,1.8361247193737503e+18,2024-09-17,NEG,not ironic,
22952034,9658,9658,1.8361247188917e+18,2024-09-17,NEG,not ironic,
22952035,9659,9659,1.8361247187824192e+18,2024-09-17,NEU,ironic,
22952036,9660,9660,1.8361247180190927e+18,2024-09-17,NEG,ironic,
22952037,9661,9661,1.836124717671158e+18,2024-09-17,NEG,ironic,
22952038,9662,9662,1.836124716622287e+18,2024-09-17,NEG,not ironic,
22952039,9663,9663,1.836124715741745e+18,2024-09-17,POS,ironic,
22952040,9664,9664,1.8361247156033664e+18,2024-09-17,NEU,not ironic,
22952041,9665,9665,1.8361247150833047e+18,2024-09-17,NEU,not ironic,
22952042,9666,9666,1.8361247149529948e+18,2024-09-17,NEU,not ironic,
22952043,9667,9667,1.836124714625832e+18,2024-09-17,NEG,ironic,
22952044,9668,9668,1.8361247133216645e+18,2024-09-17,NEG,not ironic,
22952045,9669,9669,1.8361247132208207e+18,2024-09-17,NEU,not ironic,
22952046,9670,9670,1.8361247115181343e+18,2024-09-17,NEG,not ironic,
22952047,9671,9671,1.836124709492052e+18,2024-09-17,NEG,ironic,
22952048,9672,9672,1.8361247078520755e+18,2024-09-17,NEG,not ironic,
22952049,9673,9673,1.83612470702182e+18,2024-09-17,NEU,not ironic,
22952050,9674,9674,1.8361247058178253e+18,2024-09-17,NEU,ironic,
22952051,9675,9675,1.836124703397745e+18,2024-09-17,NEU,not ironic,
22952052,9676,9676,1.8361247026513551e+18,2024-09-17,NEU,not ironic,
22952053,9677,9677,1.8361247024959409e+18,2024-09-17,NEU,not ironic,
22952054,9678,9678,1.8361247021018767e+18,2024-09-17,NEU,ironic,
22952055,9679,9679,1.8361247016740823e+18,2024-09-17,NEG,not ironic,
22952056,9680,9680,1.8361247008645816e+18,2024-09-17,NEG,not ironic,
22952057,9681,9681,1.8361246968548275e+18,2024-09-17,NEU,not ironic,
22952058,9682,9682,1.8361246967748567e+18,2024-09-17,NEU,not ironic,
22952059,9683,9683,1.8361246963766769e+18,2024-09-17,NEG,not ironic,
22952060,9684,9684,1.83612469599896e+18,2024-09-17,NEU,not ironic,
22952061,9685,9685,1.8361246958734257e+18,2024-09-17,POS,not ironic,
22952062,9686,9686,1.8361246956468923e+18,2024-09-17,NEU,not ironic,
22952063,9687,9687,1.8361246943885768e+18,2024-09-17,NEG,not ironic,
22952064,9688,9688,1.8361246928239048e+18,2024-09-17,NEG,ironic,
22952065,9689,9689,1.8361246905633715e+18,2024-09-17,NEU,ironic,
22952066,9690,9690,1.8361246900639703e+18,2024-09-17,NEU,not ironic,
22952067,9691,9691,1.8361246893090284e+18,2024-09-17,NEG,ironic,
22952068,9692,9692,1.8361246886255823e+18,2024-09-17,NEG,not ironic,
22952069,9693,9693,1.836124688604632e+18,2024-09-17,NEG,not ironic,
22952070,9694,9694,1.8361246886046065e+18,2024-09-17,NEU,ironic,
22952071,9695,9695,1.8361246875558047e+18,2024-09-17,NEG,ironic,
22952072,9696,9696,1.8361246868724124e+18,2024-09-17,NEG,not ironic,
22952073,9697,9697,1.836124684649112e+18,2024-09-17,NEU,not ironic,
22952074,9698,9698,1.836124684171056e+18,2024-09-17,NEG,ironic,
22952075,9699,9699,1.836124684041032e+18,2024-09-17,NEU,ironic,
22952076,9700,9700,1.8361246831727823e+18,2024-09-17,NEG,ironic,
22952077,9701,9701,1.8361246829169377e+18,2024-09-17,NEU,not ironic,
22952078,9702,9702,1.8361246818389688e+18,2024-09-17,NEU,ironic,
22952079,9703,9703,1.8361246806394268e+18,2024-09-17,NEU,not ironic,
22952080,9704,9704,1.836124678693233e+18,2024-09-17,NEG,not ironic,
22952081,9705,9705,1.8361246748596344e+18,2024-09-17,NEG,not ironic,
22952082,9706,9706,1.8361246730896632e+18,2024-09-17,NEG,not ironic,
22952083,9707,9707,1.8361246725025047e+18,2024-09-17,POS,not ironic,
22952084,9708,9708,1.8361246713364887e+18,2024-09-17,NEG,not ironic,
22952085,9709,9709,1.83612467041396e+18,2024-09-17,NEU,ironic,
22952086,9710,9710,1.8361246695999447e+18,2024-09-17,NEU,not ironic,
22952088,9712,9712,1.8361246675576136e+18,2024-09-17,NEU,not ironic,
22952089,9713,9713,1.8361246650284488e+18,2024-09-17,NEU,ironic,
22952090,9714,9714,1.836124663979692e+18,2024-09-17,POS,ironic,
22952091,9715,9715,1.836124663778268e+18,2024-09-17,NEG,ironic,
22952092,9716,9716,1.83612466286418e+18,2024-09-17,NEU,ironic,
22952093,9717,9717,1.836124661702136e+18,2024-09-17,NEG,not ironic,
22952094,9718,9718,1.836124661513368e+18,2024-09-17,NEG,ironic,
22952095,9719,9719,1.8361246609768084e+18,2024-09-17,NEG,not ironic,
22952096,9720,9720,1.8361246605908751e+18,2024-09-17,NEU,not ironic,
22952097,9721,9721,1.8361246604018363e+18,2024-09-17,NEG,not ironic,
22952098,9722,9722,1.836124660137968e+18,2024-09-17,POS,ironic,
22952099,9723,9723,1.8361246597307725e+18,2024-09-17,NEU,ironic,
22952100,9724,9724,1.836124659668128e+18,2024-09-17,NEG,not ironic,
22952101,9725,9725,1.836124659089314e+18,2024-09-17,NEU,not ironic,
22952102,9726,9726,1.836124658896192e+18,2024-09-17,NEG,ironic,
22952103,9727,9727,1.8361246584475853e+18,2024-09-17,NEU,not ironic,
22952104,9728,9728,1.8361246582043727e+18,2024-09-17,POS,not ironic,
22952105,9729,9729,1.836124657436504e+18,2024-09-17,NEU,not ironic,
22952106,9730,9730,1.8361246570298816e+18,2024-09-17,NEU,ironic,
22952107,9731,9731,1.8361246569709e+18,2024-09-17,NEU,not ironic,
22952108,9732,9732,1.836124656853812e+18,2024-09-17,NEU,not ironic,
22952109,9733,9733,1.8361246558806712e+18,2024-09-17,NEU,not ironic,
22952110,9734,9734,1.8361246553815488e+18,2024-09-17,NEU,not ironic,
22952111,9735,9735,1.8361246541104049e+18,2024-09-17,POS,not ironic,
22952112,9736,9736,1.8361246533973489e+18,2024-09-17,NEG,not ironic,
22952113,9737,9737,1.8361246530789376e+18,2024-09-17,NEG,not ironic,
22952114,9738,9738,1.8361246523993992e+18,2024-09-17,NEU,not ironic,
22952115,9739,9739,1.8361246507676344e+18,2024-09-17,POS,ironic,
22952116,9740,9740,1.8361246507675284e+18,2024-09-17,NEG,ironic,
22952117,9741,9741,1.8361246505704653e+18,2024-09-17,NEG,not ironic,
22952118,9742,9742,1.8361246505578616e+18,2024-09-17,NEG,not ironic,
22952119,9743,9743,1.8361246505245207e+18,2024-09-17,NEG,ironic,
22952120,9744,9744,1.8361246477895764e+18,2024-09-17,NEG,ironic,
22952121,9745,9745,1.8361246474205105e+18,2024-09-17,NEG,not ironic,
22952122,9746,9746,1.836124646334424e+18,2024-09-17,NEU,not ironic,
22952123,9747,9747,1.8361246450171407e+18,2024-09-17,NEG,not ironic,
22952124,9748,9748,1.8361246449206764e+18,2024-09-17,NEU,not ironic,
22952125,9749,9749,1.836124639845848e+18,2024-09-17,NEG,not ironic,
22952126,9750,9750,1.836124639690658e+18,2024-09-17,NEG,not ironic,
22952127,9751,9751,1.8361246395564403e+18,2024-09-17,NEG,ironic,
22952128,9752,9752,1.8361246383065367e+18,2024-09-17,NEU,not ironic,
22952129,9753,9753,1.836124638281372e+18,2024-09-17,NEU,not ironic,
22952130,9754,9754,1.8361246381890967e+18,2024-09-17,NEG,ironic,
22952131,9755,9755,1.8361246361297065e+18,2024-09-17,POS,ironic,
22952132,9756,9756,1.836124635605393e+18,2024-09-17,POS,not ironic,
22952133,9757,9757,1.836124634087076e+18,2024-09-17,NEG,not ironic,
22952134,9758,9758,1.8361246324429087e+18,2024-09-17,NEG,not ironic,
22952135,9759,9759,1.836124631331385e+18,2024-09-17,NEG,ironic,
22952136,9760,9760,1.8361246296327168e+18,2024-09-17,NEG,not ironic,
22952137,9761,9761,1.836124629242372e+18,2024-09-17,NEG,not ironic,
22952138,9762,9762,1.8361246289739533e+18,2024-09-17,NEG,ironic,
22952139,9763,9763,1.836124628076356e+18,2024-09-17,NEG,ironic,
22952140,9764,9764,1.83612462761504e+18,2024-09-17,NEG,ironic,
22952141,9765,9765,1.836124624586994e+18,2024-09-17,POS,not ironic,
22952142,9766,9766,1.836124623953404e+18,2024-09-17,POS,not ironic,
22952143,9767,9767,1.8361246235761708e+18,2024-09-17,NEU,not ironic,
22952144,9768,9768,1.836124622913233e+18,2024-09-17,POS,ironic,
22952145,9769,9769,1.8361246222591304e+18,2024-09-17,NEG,not ironic,
22952146,9770,9770,1.8361246219820933e+18,2024-09-17,NEU,not ironic,
22952147,9771,9771,1.8361246216171684e+18,2024-09-17,NEG,not ironic,
22952148,9772,9772,1.8361246215375176e+18,2024-09-17,POS,ironic,
22952149,9773,9773,1.8361246214410488e+18,2024-09-17,POS,not ironic,
22952150,9774,9774,1.8361246201700844e+18,2024-09-17,NEG,not ironic,
22952151,9775,9775,1.8361246177500687e+18,2024-09-17,NEG,not ironic,
22952152,9776,9776,1.836124617011815e+18,2024-09-17,NEG,not ironic,
22952153,9777,9777,1.836124616621986e+18,2024-09-17,NEU,ironic,
22952154,9778,9778,1.83612461572026e+18,2024-09-17,NEG,not ironic,
22952155,9779,9779,1.836124615694844e+18,2024-09-17,NEG,not ironic,
22952156,9780,9780,1.8361246147720724e+18,2024-09-17,NEU,ironic,
22952157,9781,9781,1.8361246132286057e+18,2024-09-17,NEG,not ironic,
22952158,9782,9782,1.836124612394128e+18,2024-09-17,NEG,ironic,
22952159,9783,9783,1.8361246090426289e+18,2024-09-17,NEG,ironic,
22952160,9784,9784,1.836124608409588e+18,2024-09-17,NEG,not ironic,
22952161,9785,9785,1.8361246083338447e+18,2024-09-17,NEG,not ironic,
22952162,9786,9786,1.8361246070965407e+18,2024-09-17,NEU,not ironic,
22952163,9787,9787,1.836124606895452e+18,2024-09-17,NEU,not ironic,
22952164,9788,9788,1.8361246060313684e+18,2024-09-17,NEU,not ironic,
22952165,9789,9789,1.8361246057461435e+18,2024-09-17,NEG,not ironic,
22952166,9790,9790,1.8361246052973647e+18,2024-09-17,NEG,not ironic,
22952167,9791,9791,1.836124603749668e+18,2024-09-17,NEU,not ironic,
22952168,9792,9792,1.836124603229308e+18,2024-09-17,NEG,not ironic,
22952169,9793,9793,1.83612460254564e+18,2024-09-17,NEU,not ironic,
22952170,9794,9794,1.836124602428273e+18,2024-09-17,NEU,not ironic,
22952171,9795,9795,1.836124602411684e+18,2024-09-17,NEG,ironic,
22952172,9796,9796,1.836124602336199e+18,2024-09-17,NEG,ironic,
22952173,9797,9797,1.8361245998193623e+18,2024-09-17,NEU,ironic,
22952174,9798,9798,1.836124599194616e+18,2024-09-17,NEG,ironic,
22952175,9799,9799,1.8361245984645489e+18,2024-09-17,NEG,ironic,
22952176,9800,9800,1.8361245981752404e+18,2024-09-17,POS,not ironic,
22952177,9801,9801,1.836124597084624e+18,2024-09-17,NEG,ironic,
22952178,9802,9802,1.8361245967409848e+18,2024-09-17,NEG,not ironic,
22952179,9803,9803,1.8361245961328108e+18,2024-09-17,NEU,not ironic,
22952180,9804,9804,1.8361245957804887e+18,2024-09-17,NEU,not ironic,
22952181,9805,9805,1.8361245954405376e+18,2024-09-17,NEU,ironic,
22952182,9806,9806,1.8361245948325768e+18,2024-09-17,NEU,not ironic,
22952183,9807,9807,1.8361245931884096e+18,2024-09-17,NEG,not ironic,
22952184,9808,9808,1.836124592470954e+18,2024-09-17,NEG,ironic,
22952185,9809,9809,1.836124592160506e+18,2024-09-17,POS,not ironic,
22952186,9810,9810,1.8361245900004849e+18,2024-09-17,POS,not ironic,
22952187,9811,9811,1.836124589862052e+18,2024-09-17,NEG,not ironic,
22952188,9812,9812,1.836124589685912e+18,2024-09-17,NEU,ironic,
22952189,9813,9813,1.8361245894509847e+18,2024-09-17,NEU,ironic,
22952190,9814,9814,1.836124589304484e+18,2024-09-17,POS,not ironic,
22952191,9815,9815,1.8361245882223537e+18,2024-09-17,NEU,not ironic,
22952192,9816,9816,1.8361245869767232e+18,2024-09-17,NEU,not ironic,
22952193,9817,9817,1.836124585919734e+18,2024-09-17,NEG,ironic,
22952194,9818,9818,1.836124584934008e+18,2024-09-17,POS,ironic,
22952195,9819,9819,1.8361245791165445e+18,2024-09-17,NEU,not ironic,
22952196,9820,9820,1.836124578818724e+18,2024-09-17,NEU,not ironic,
22952197,9821,9821,1.8361245753206743e+18,2024-09-17,POS,not ironic,
22952198,9822,9822,1.8361245752575183e+18,2024-09-17,POS,not ironic,
22952199,9823,9823,1.83612457453616e+18,2024-09-17,NEG,ironic,
22952200,9824,9824,1.8361245745318835e+18,2024-09-17,POS,ironic,
22952201,9825,9825,1.8361245745151304e+18,2024-09-17,NEU,ironic,
22952202,9826,9826,1.8361245734623767e+18,2024-09-17,NEG,not ironic,
22952203,9827,9827,1.836124572409873e+18,2024-09-17,NEG,not ironic,
22952204,9828,9828,1.8361245717846264e+18,2024-09-17,POS,not ironic,
22952205,9829,9829,1.836124568823444e+18,2024-09-17,POS,ironic,
22952206,9830,9830,1.836124568324576e+18,2024-09-17,NEG,not ironic,
22952207,9831,9831,1.8361245667808297e+18,2024-09-17,NEG,not ironic,
22952208,9832,9832,1.836124565518288e+18,2024-09-17,NEU,ironic,
22952209,9833,9833,1.8361245648346524e+18,2024-09-17,NEU,not ironic,
22952210,9834,9834,1.8361245648097487e+18,2024-09-17,NEG,ironic,
22952211,9835,9835,1.836124564625199e+18,2024-09-17,POS,not ironic,
22952212,9836,9836,1.8361245643441807e+18,2024-09-17,NEG,ironic,
22952213,9837,9837,1.8361245639960783e+18,2024-09-17,NEU,ironic,
22952214,9838,9838,1.8361245637022108e+18,2024-09-17,NEG,not ironic,
22952215,9839,9839,1.836124561969914e+18,2024-09-17,NEG,ironic,
22952216,9840,9840,1.836124561966011e+18,2024-09-17,NEG,ironic,
22952217,9841,9841,1.8361245597595364e+18,2024-09-17,NEG,not ironic,
22952218,9842,9842,1.8361245590803868e+18,2024-09-17,NEU,ironic,
22952219,9843,9843,1.8361245577546345e+18,2024-09-17,NEG,not ironic,
22952220,9844,9844,1.83612455325418e+18,2024-09-17,NEG,ironic,
22952221,9845,9845,1.836124550234284e+18,2024-09-17,NEU,not ironic,
22952222,9846,9846,1.8361245500413875e+18,2024-09-17,NEG,ironic,
22952223,9847,9847,1.8361245491689352e+18,2024-09-17,NEG,ironic,
22952224,9848,9848,1.8361245488294505e+18,2024-09-17,NEG,not ironic,
22952225,9849,9849,1.8361245485985047e+18,2024-09-17,NEG,ironic,
22952226,9850,9850,1.8361245485230367e+18,2024-09-17,NEG,not ironic,
22952227,9851,9851,1.8361245481499727e+18,2024-09-17,NEU,ironic,
22952228,9852,9852,1.8361245476548567e+18,2024-09-17,NEU,not ironic,
22952229,9853,9853,1.836124546858128e+18,2024-09-17,NEG,not ironic,
22952231,9855,9855,1.83612454581794e+18,2024-09-17,NEG,not ironic,
22952232,9856,9856,1.836124545733821e+18,2024-09-17,NEG,not ironic,
22952233,9857,9857,1.836124544593204e+18,2024-09-17,NEU,ironic,
22952234,9858,9858,1.8361245438550057e+18,2024-09-17,NEG,ironic,
22952235,9859,9859,1.8361245436117363e+18,2024-09-17,NEU,not ironic,
22952236,9860,9860,1.8361245422653404e+18,2024-09-17,POS,ironic,
22952237,9861,9861,1.8361245400882668e+18,2024-09-17,NEU,not ironic,
22952238,9862,9862,1.836124539945718e+18,2024-09-17,POS,ironic,
22952239,9863,9863,1.836124537026491e+18,2024-09-17,NEG,not ironic,
22952240,9864,9864,1.836124536741192e+18,2024-09-17,NEU,not ironic,
22952242,9866,9866,1.8361245356467528e+18,2024-09-17,NEG,not ironic,
22952243,9867,9867,1.8361245342414195e+18,2024-09-17,POS,not ironic,
22952244,9868,9868,1.836124533138375e+18,2024-09-17,NEU,not ironic,
22952245,9869,9869,1.8361245328740275e+18,2024-09-17,NEG,not ironic,
22952246,9870,9870,1.8361245326897687e+18,2024-09-17,POS,not ironic,
22952247,9871,9871,1.8361245321065103e+18,2024-09-17,NEG,ironic,
22952248,9872,9872,1.836124531909628e+18,2024-09-17,NEU,ironic,
22952249,9873,9873,1.8361245296698696e+18,2024-09-17,NEG,not ironic,
22952250,9874,9874,1.836124529598341e+18,2024-09-17,NEG,not ironic,
22952251,9875,9875,1.836124528864313e+18,2024-09-17,NEG,ironic,
22952252,9876,9876,1.8361245285413688e+18,2024-09-17,NEG,ironic,
22952253,9877,9877,1.836124527887291e+18,2024-09-17,NEG,ironic,
22952254,9878,9878,1.836124527492772e+18,2024-09-17,NEU,not ironic,
22952255,9879,9879,1.8361245272285555e+18,2024-09-17,POS,ironic,
22952256,9880,9880,1.8361245244267028e+18,2024-09-17,POS,not ironic,
22952257,9881,9881,1.8361245235124145e+18,2024-09-17,NEG,ironic,
22952258,9882,9882,1.836124523382396e+18,2024-09-17,NEU,not ironic,
22952259,9883,9883,1.8361245222960988e+18,2024-09-17,NEG,not ironic,
22952260,9884,9884,1.8361245206518784e+18,2024-09-17,NEG,not ironic,
22952261,9885,9885,1.836124519981028e+18,2024-09-17,NEG,ironic,
22952262,9886,9886,1.8361245168268905e+18,2024-09-17,NEG,ironic,
22952263,9887,9887,1.836124516336239e+18,2024-09-17,NEG,not ironic,
22952264,9888,9888,1.8361245155644047e+18,2024-09-17,NEG,not ironic,
22952265,9889,9889,1.836124515413144e+18,2024-09-17,NEU,ironic,
22952266,9890,9890,1.836124513605768e+18,2024-09-17,NEG,not ironic,
22952267,9891,9891,1.8361245131021645e+18,2024-09-17,NEG,not ironic,
22952268,9892,9892,1.836124513026872e+18,2024-09-17,NEG,not ironic,
22952269,9893,9893,1.836124511592145e+18,2024-09-17,NEG,not ironic,
22952270,9894,9894,1.8361245111770035e+18,2024-09-17,NEG,ironic,
22952271,9895,9895,1.836124510996624e+18,2024-09-17,POS,ironic,
22952272,9896,9896,1.8361245108081664e+18,2024-09-17,NEG,ironic,
22952273,9897,9897,1.836124509537264e+18,2024-09-17,NEG,ironic,
22952274,9898,9898,1.8361245090798264e+18,2024-09-17,NEU,not ironic,
22952275,9899,9899,1.836124508232528e+18,2024-09-17,NEU,ironic,
22952277,9901,9901,1.836124507670488e+18,2024-09-17,POS,ironic,
22952278,9902,9902,1.8361245074439537e+18,2024-09-17,NEG,not ironic,
22952279,9903,9903,1.8361245057956664e+18,2024-09-17,NEU,not ironic,
22952280,9904,9904,1.836124500909564e+18,2024-09-17,NEG,ironic,
22952281,9905,9905,1.8361245008673137e+18,2024-09-17,NEU,not ironic,
22952282,9906,9906,1.8361244986150008e+18,2024-09-17,NEG,not ironic,
22952283,9907,9907,1.8361244976251167e+18,2024-09-17,NEG,ironic,
22952284,9908,9908,1.836124496056456e+18,2024-09-17,NEG,ironic,
22952285,9909,9909,1.8361244944125624e+18,2024-09-17,NEG,not ironic,
22952286,9910,9910,1.83612449347702e+18,2024-09-17,NEG,not ironic,
22952287,9911,9911,1.836124492818715e+18,2024-09-17,POS,not ironic,
22952288,9912,9912,1.8361244924536013e+18,2024-09-17,NEG,not ironic,
22952289,9913,9913,1.836124492088955e+18,2024-09-17,NEU,not ironic,
22952290,9914,9914,1.8361244914933924e+18,2024-09-17,POS,not ironic,
22952291,9915,9915,1.8361244913884408e+18,2024-09-17,NEG,not ironic,
22952292,9916,9916,1.836124490553512e+18,2024-09-17,NEG,not ironic,
22952293,9917,9917,1.8361244905495964e+18,2024-09-17,NEG,not ironic,
22952294,9918,9918,1.8361244897233472e+18,2024-09-17,NEG,ironic,
22952295,9919,9919,1.836124488993244e+18,2024-09-17,NEG,ironic,
22952296,9920,9920,1.836124488099889e+18,2024-09-17,NEG,ironic,
22952297,9921,9921,1.836124487462351e+18,2024-09-17,NEU,not ironic,
22952298,9922,9922,1.836124486736692e+18,2024-09-17,NEU,not ironic,
22952299,9923,9923,1.8361244861788324e+18,2024-09-17,POS,not ironic,
22952301,9925,9925,1.836124485415838e+18,2024-09-17,NEU,ironic,
22952302,9926,9926,1.836124484933424e+18,2024-09-17,NEG,not ironic,
22952303,9927,9927,1.8361244845643244e+18,2024-09-17,POS,ironic,
22952304,9928,9928,1.8361244843882248e+18,2024-09-17,NEG,ironic,
22952305,9929,9929,1.8361244841488343e+18,2024-09-17,POS,ironic,
22952306,9930,9930,1.8361244825298207e+18,2024-09-17,NEU,not ironic,
22952307,9931,9931,1.8361244824545897e+18,2024-09-17,NEG,ironic,
22952308,9932,9932,1.8361244811121871e+18,2024-09-17,NEG,not ironic,
22952309,9933,9933,1.836124480114168e+18,2024-09-17,NEU,not ironic,
22952310,9934,9934,1.8361244796860585e+18,2024-09-17,NEU,not ironic,
22952311,9935,9935,1.8361244793253683e+18,2024-09-17,NEG,not ironic,
22952312,9936,9936,1.836124479174402e+18,2024-09-17,NEU,not ironic,
22952313,9937,9937,1.8361244787842747e+18,2024-09-17,NEU,not ironic,
22952314,9938,9938,1.8361244779580173e+18,2024-09-17,NEG,ironic,
22952315,9939,9939,1.8361244777148088e+18,2024-09-17,NEU,ironic,
22952316,9940,9940,1.8361244746319585e+18,2024-09-17,NEU,not ironic,
22952317,9941,9941,1.836124473994449e+18,2024-09-17,NEG,ironic,
22952318,9942,9942,1.8361244730717064e+18,2024-09-17,NEG,ironic,
22952319,9943,9943,1.836124472157553e+18,2024-09-17,NEU,ironic,
22952320,9944,9944,1.8361244715574927e+18,2024-09-17,NEU,not ironic,
22952321,9945,9945,1.836124470899028e+18,2024-09-17,NEG,not ironic,
22952322,9946,9946,1.8361244675099927e+18,2024-09-17,NEU,not ironic,
22952323,9947,9947,1.8361244672206607e+18,2024-09-17,NEG,not ironic,
22952324,9948,9948,1.8361244662310584e+18,2024-09-17,NEU,ironic,
22952325,9949,9949,1.8361244660462515e+18,2024-09-17,NEG,ironic,
22952326,9950,9950,1.8361244659791503e+18,2024-09-17,NEU,not ironic,
22952327,9951,9951,1.836124463068316e+18,2024-09-17,NEG,not ironic,
22952328,9952,9952,1.836124461193704e+18,2024-09-17,NEU,not ironic,
22952329,9953,9953,1.836124459016614e+18,2024-09-17,NEG,not ironic,
22952330,9954,9954,1.836124456953287e+18,2024-09-17,NEG,not ironic,
22952331,9955,9955,1.8361244567558272e+18,2024-09-17,NEU,not ironic,
22952332,9956,9956,1.8361244557830103e+18,2024-09-17,NEG,not ironic,
22952333,9957,9957,1.8361244541682035e+18,2024-09-17,NEU,not ironic,
22952334,9958,9958,1.8361244535136755e+18,2024-09-17,POS,not ironic,
22952335,9959,9959,1.8361244533374976e+18,2024-09-17,NEU,not ironic,
22952336,9960,9960,1.8361244527879823e+18,2024-09-17,NEG,not ironic,
22952337,9961,9961,1.8361244519745823e+18,2024-09-17,NEU,not ironic,
22952338,9962,9962,1.836124451458684e+18,2024-09-17,NEG,not ironic,
22952339,9963,9963,1.836124451290624e+18,2024-09-17,NEG,not ironic,
22952340,9964,9964,1.8361244490550968e+18,2024-09-17,NEU,not ironic,
22952341,9965,9965,1.8361244483168504e+18,2024-09-17,NEG,not ironic,
22952342,9966,9966,1.8361244472686387e+18,2024-09-17,NEG,not ironic,
22952343,9967,9967,1.8361244463036992e+18,2024-09-17,NEG,not ironic,
22952344,9968,9968,1.8361244446974648e+18,2024-09-17,NEU,not ironic,
22952345,9969,9969,1.8361244445923328e+18,2024-09-17,NEG,not ironic,
22952346,9970,9970,1.8361244442822287e+18,2024-09-17,NEU,not ironic,
22952347,9971,9971,1.8361244440345564e+18,2024-09-17,NEG,not ironic,
22952348,9972,9972,1.8361244433301217e+18,2024-09-17,NEU,not ironic,
22952349,9973,9973,1.8361244432333908e+18,2024-09-17,NEU,not ironic,
22952350,9974,9974,1.836124441308246e+18,2024-09-17,NEU,not ironic,
22952351,9975,9975,1.836124441199416e+18,2024-09-17,NEU,not ironic,
22952352,9976,9976,1.8361244406919048e+18,2024-09-17,NEU,not ironic,
22952353,9977,9977,1.8361244399285125e+18,2024-09-17,NEG,ironic,
22952355,9979,9979,1.8361244394040607e+18,2024-09-17,NEG,not ironic,
22952356,9980,9980,1.8361244390810788e+18,2024-09-17,NEG,not ironic,
22952357,9981,9981,1.8361244388294533e+18,2024-09-17,NEG,ironic,
22952358,9982,9982,1.8361244382256527e+18,2024-09-17,NEG,not ironic,
22952359,9983,9983,1.836124437814612e+18,2024-09-17,NEU,not ironic,
22952360,9984,9984,1.836124434953798e+18,2024-09-17,NEG,not ironic,
22952361,9985,9985,1.8361244348576689e+18,2024-09-17,NEG,ironic,
22952362,9986,9986,1.836124434756752e+18,2024-09-17,NEG,not ironic,
22952363,9987,9987,1.8361244328777032e+18,2024-09-17,NEG,not ironic,
22952364,9988,9988,1.8361244324920407e+18,2024-09-17,NEU,not ironic,
22952365,9989,9989,1.836124431988462e+18,2024-09-17,NEG,not ironic,
22952366,9990,9990,1.836124431246082e+18,2024-09-17,NEU,not ironic,
22952367,9991,9991,1.8361244307052424e+18,2024-09-17,NEG,not ironic,
22952368,9992,9992,1.8361244303485463e+18,2024-09-17,NEU,ironic,
22952369,9993,9993,1.836124430201725e+18,2024-09-17,POS,not ironic,
22952370,9994,9994,1.8361244298957665e+18,2024-09-17,NEG,ironic,
22952371,9995,9995,1.836124429316665e+18,2024-09-17,NEG,not ironic,
22952372,9996,9996,1.836124427546735e+18,2024-09-17,NEU,not ironic,
22952373,9997,9997,1.8361244270268992e+18,2024-09-17,NEU,not ironic,
22952374,9998,9998,1.83612442274866e+18,2024-09-17,NEG,not ironic,
22952375,9999,9999,1.836124422253745e+18,2024-09-17,NEU,not ironic,
22952376,10000,10000,1.8361244220398351e+18,2024-09-17,NEG,ironic,
22952377,10001,10001,1.836124421481701e+18,2024-09-17,NEG,not ironic,
22952378,10002,10002,1.8361244211923151e+18,2024-09-17,NEG,not ironic,
22952379,10003,10003,1.8361244205464049e+18,2024-09-17,NEG,not ironic,
22952381,10005,10005,1.8361244203031063e+18,2024-09-17,NEG,not ironic,
22952382,10006,10006,1.8361244200808369e+18,2024-09-17,NEG,not ironic,
22952383,10007,10007,1.836124417690112e+18,2024-09-17,NEG,ironic,
22952384,10008,10008,1.8361244172834936e+18,2024-09-17,NEG,not ironic,
22952385,10009,10009,1.8361244169729147e+18,2024-09-17,NEG,not ironic,
22952386,10010,10010,1.8361244158866025e+18,2024-09-17,NEG,not ironic,
22952387,10011,10011,1.8361244154671475e+18,2024-09-17,NEU,not ironic,
22952388,10012,10012,1.836124415228285e+18,2024-09-17,NEG,ironic,
22952389,10013,10013,1.8361244149806367e+18,2024-09-17,NEU,not ironic,
22952390,10014,10014,1.836124414578148e+18,2024-09-17,NEG,not ironic,
22952391,10015,10015,1.8361244142719675e+18,2024-09-17,NEG,ironic,
22952392,10016,10016,1.836124412221048e+18,2024-09-17,NEU,ironic,
22952393,10017,10017,1.836124410538828e+18,2024-09-17,NEU,not ironic,
22952394,10018,10018,1.8361244091633216e+18,2024-09-17,NEU,not ironic,
22952397,10021,10021,1.836124406378062e+18,2024-09-17,POS,ironic,
22952398,10022,10022,1.8361244040714688e+18,2024-09-17,NEG,ironic,
22952400,10024,10024,1.8361244015925783e+18,2024-09-17,NEU,not ironic,
22952401,10025,10025,1.836124400942224e+18,2024-09-17,NEU,not ironic,
22952402,10026,10026,1.8361244006950216e+18,2024-09-17,NEU,not ironic,
22952403,10027,10027,1.8361244004895007e+18,2024-09-17,NEG,ironic,
22952404,10028,10028,1.8361244003217408e+18,2024-09-17,NEU,not ironic,
22952405,10029,10029,1.8361243997301312e+18,2024-09-17,NEG,ironic,
22952406,10030,10030,1.8361243996254743e+18,2024-09-17,POS,not ironic,
22952407,10031,10031,1.836124398975096e+18,2024-09-17,POS,ironic,
22952408,10032,10032,1.836124398459458e+18,2024-09-17,NEG,ironic,
22952409,10033,10033,1.8361243957960952e+18,2024-09-17,NEU,not ironic,
22952410,10034,10034,1.8361243944410647e+18,2024-09-17,NEU,not ironic,
22952411,10035,10035,1.836124394294276e+18,2024-09-17,NEG,ironic,
22952412,10036,10036,1.836124392721396e+18,2024-09-17,NEG,ironic,
22952413,10037,10037,1.836124391379473e+18,2024-09-17,NEU,not ironic,
22952414,10038,10038,1.836124388204368e+18,2024-09-17,NEG,not ironic,
22952415,10039,10039,1.8361243880911383e+18,2024-09-17,NEG,not ironic,
22952416,10040,10040,1.8361243880698967e+18,2024-09-17,POS,not ironic,
22952417,10041,10041,1.8361243863421133e+18,2024-09-17,NEG,ironic,
22952418,10042,10042,1.8361243863041275e+18,2024-09-17,NEU,not ironic,
22952419,10043,10043,1.836124385922429e+18,2024-09-17,NEG,not ironic,
22952420,10044,10044,1.8361243846599803e+18,2024-09-17,NEU,not ironic,
22952421,10045,10045,1.836124384353809e+18,2024-09-17,NEU,not ironic,
22952422,10046,10046,1.8361243832173568e+18,2024-09-17,NEG,not ironic,
22952423,10047,10047,1.8361243819087503e+18,2024-09-17,NEG,not ironic,
22952424,10048,10048,1.836124381384446e+18,2024-09-17,POS,not ironic,
22952425,10049,10049,1.83612438124166e+18,2024-09-17,NEG,ironic,
22952426,10050,10050,1.836124380528808e+18,2024-09-17,POS,ironic,
22952427,10051,10051,1.8361243801387377e+18,2024-09-17,POS,ironic,
22952428,10052,10052,1.8361243776347423e+18,2024-09-17,NEU,ironic,
22952429,10053,10053,1.8361243775506268e+18,2024-09-17,POS,not ironic,
22952430,10054,10054,1.836124374903968e+18,2024-09-17,POS,ironic,
22952431,10055,10055,1.836124374174184e+18,2024-09-17,NEG,not ironic,
22952432,10056,10056,1.836124373738276e+18,2024-09-17,NEG,not ironic,
22952433,10057,10057,1.8361243733227195e+18,2024-09-17,NEU,not ironic,
22952434,10058,10058,1.836124372655911e+18,2024-09-17,NEG,not ironic,
22952435,10059,10059,1.8361243724839409e+18,2024-09-17,NEG,not ironic,
22952436,10060,10060,1.8361243721108403e+18,2024-09-17,NEU,not ironic,
22952437,10061,10061,1.8361243706174712e+18,2024-09-17,NEU,ironic,
22952438,10062,10062,1.8361243703699533e+18,2024-09-17,NEU,not ironic,
22952439,10063,10063,1.8361243703279693e+18,2024-09-17,NEU,not ironic,
22952440,10064,10064,1.836124369145467e+18,2024-09-17,NEG,ironic,
22952441,10065,10065,1.836124365584504e+18,2024-09-17,POS,not ironic,
22952442,10066,10066,1.836124365316056e+18,2024-09-17,POS,not ironic,
22952443,10067,10067,1.8361243650601905e+18,2024-09-17,NEG,not ironic,
22952444,10068,10068,1.8361243650056968e+18,2024-09-17,NEG,ironic,
22952445,10069,10069,1.836124364812751e+18,2024-09-17,NEU,ironic,
22952446,10070,10070,1.836124364221354e+18,2024-09-17,NEG,not ironic,
22952447,10071,10071,1.8361243640743409e+18,2024-09-17,NEG,ironic,
22952448,10072,10072,1.8361243637051763e+18,2024-09-17,NEG,ironic,
22952449,10073,10073,1.8361243634161047e+18,2024-09-17,NEG,ironic,
22952450,10074,10074,1.836124363369882e+18,2024-09-17,NEU,not ironic,
22952451,10075,10075,1.8361243632860244e+18,2024-09-17,NEG,not ironic,
22952452,10076,10076,1.836124361146712e+18,2024-09-17,NEU,not ironic,
22952453,10077,10077,1.8361243609624453e+18,2024-09-17,NEG,not ironic,
22952454,10078,10078,1.8361243594021192e+18,2024-09-17,NEU,not ironic,
22952455,10079,10079,1.8361243590413888e+18,2024-09-17,NEG,not ironic,
22952456,10080,10080,1.836124357308912e+18,2024-09-17,POS,not ironic,
22952457,10081,10081,1.836124356562256e+18,2024-09-17,NEU,not ironic,
22952458,10082,10082,1.8361243562938573e+18,2024-09-17,NEG,not ironic,
22952459,10083,10083,1.836124356004508e+18,2024-09-17,POS,ironic,
22952460,10084,10084,1.836124355081732e+18,2024-09-17,NEU,not ironic,
22952461,10085,10085,1.8361243546583409e+18,2024-09-17,NEU,not ironic,
22952462,10086,10086,1.8361243545492887e+18,2024-09-17,NEU,ironic,
22952464,10088,10088,1.836124353769149e+18,2024-09-17,NEG,not ironic,
22952465,10089,10089,1.83612435201994e+18,2024-09-17,NEG,ironic,
22952466,10090,10090,1.836124350560228e+18,2024-09-17,NEG,not ironic,
22952467,10091,10091,1.8361243496797025e+18,2024-09-17,NEU,not ironic,
22952468,10092,10092,1.8361243495748687e+18,2024-09-17,NEG,ironic,
22952469,10093,10093,1.8361243489287127e+18,2024-09-17,NEU,not ironic,
22952470,10094,10094,1.8361243477123727e+18,2024-09-17,NEG,ironic,
22952471,10095,10095,1.83612434655468e+18,2024-09-17,NEG,not ironic,
22952472,10096,10096,1.836124346131284e+18,2024-09-17,NEU,ironic,
22952473,10097,10097,1.8361243454518195e+18,2024-09-17,NEG,ironic,
22952474,10098,10098,1.836124345179214e+18,2024-09-17,NEG,not ironic,
22952475,10099,10099,1.83612434517502e+18,2024-09-17,NEG,ironic,
22952476,10100,10100,1.8361243448436687e+18,2024-09-17,NEG,not ironic,
22952477,10101,10101,1.836124343132463e+18,2024-09-17,NEG,ironic,
22952478,10102,10102,1.8361243416560108e+18,2024-09-17,NEG,ironic,
22952479,10103,10103,1.83612433981028e+18,2024-09-17,NEG,not ironic,
22952480,10104,10104,1.8361243387367304e+18,2024-09-17,POS,ironic,
22952481,10105,10105,1.836124336568088e+18,2024-09-17,NEU,not ironic,
22952482,10106,10106,1.836124336413127e+18,2024-09-17,NEG,not ironic,
22952483,10107,10107,1.836124336094352e+18,2024-09-17,NEG,not ironic,
22952484,10108,10108,1.8361243355069404e+18,2024-09-17,NEG,ironic,
22952485,10109,10109,1.8361243353100247e+18,2024-09-17,NEG,not ironic,
22952486,10110,10110,1.8361243343282668e+18,2024-09-17,POS,not ironic,
22952487,10111,10111,1.83612433339322e+18,2024-09-17,NEU,not ironic,
22952488,10112,10112,1.83612433323391e+18,2024-09-17,NEG,ironic,
22952489,10113,10113,1.8361243313086508e+18,2024-09-17,NEU,not ironic,
22952490,10114,10114,1.8361243301969388e+18,2024-09-17,NEG,ironic,
22952491,10115,10115,1.8361243299329188e+18,2024-09-17,NEG,not ironic,
22952492,10116,10116,1.8361243298154665e+18,2024-09-17,NEG,not ironic,
22952493,10117,10117,1.8361243293664087e+18,2024-09-17,NEU,ironic,
22952494,10118,10118,1.8361243284479432e+18,2024-09-17,NEU,ironic,
22952495,10119,10119,1.8361243280035515e+18,2024-09-17,NEU,not ironic,
22952496,10120,10120,1.836124327181456e+18,2024-09-17,NEU,not ironic,
22952497,10121,10121,1.836124323586696e+18,2024-09-17,NEG,not ironic,
22952498,10122,10122,1.83612432349447e+18,2024-09-17,NEG,not ironic,
22952499,10123,10123,1.8361243223789647e+18,2024-09-17,POS,ironic,
22952500,10124,10124,1.8361243222235835e+18,2024-09-17,POS,ironic,
22952501,10125,10125,1.8361243211290752e+18,2024-09-17,POS,ironic,
22952502,10126,10126,1.8361243206257585e+18,2024-09-17,NEG,not ironic,
22952503,10127,10127,1.8361243177862144e+18,2024-09-17,NEU,not ironic,
22952504,10128,10128,1.836124317136081e+18,2024-09-17,NEG,not ironic,
22952505,10129,10129,1.836124316930577e+18,2024-09-17,NEG,not ironic,
22952506,10130,10130,1.8361243161962865e+18,2024-09-17,NEG,not ironic,
22952507,10131,10131,1.8361243152399977e+18,2024-09-17,NEG,ironic,
22952508,10132,10132,1.8361243131264044e+18,2024-09-17,NEG,not ironic,
22952510,10134,10134,1.836124312757244e+18,2024-09-17,NEU,not ironic,
22952511,10135,10135,1.8361243120859016e+18,2024-09-17,NEG,ironic,
22952512,10136,10136,1.8361243118428856e+18,2024-09-17,NEG,not ironic,
22952513,10137,10137,1.836124310446252e+18,2024-09-17,NEG,not ironic,
22952514,10138,10138,1.83612431016908e+18,2024-09-17,NEU,ironic,
22952515,10139,10139,1.8361243093176568e+18,2024-09-17,NEG,ironic,
22952516,10140,10140,1.83612430790024e+18,2024-09-17,POS,not ironic,
22952517,10141,10141,1.836124306658726e+18,2024-09-17,NEG,not ironic,
22952518,10142,10142,1.8361243040834683e+18,2024-09-17,NEG,not ironic,
22952519,10143,10143,1.836124303336657e+18,2024-09-17,NEG,ironic,
22952520,10144,10144,1.8361243025019745e+18,2024-09-17,NEG,ironic,
22952521,10145,10145,1.8361243024224788e+18,2024-09-17,NEU,not ironic,
22952522,10146,10146,1.8361242988950897e+18,2024-09-17,NEG,ironic,
22952523,10147,10147,1.836124297355776e+18,2024-09-17,NEU,not ironic,
22952524,10148,10148,1.836124297313592e+18,2024-09-17,NEU,not ironic,
22952525,10149,10149,1.836124296168518e+18,2024-09-17,NEG,not ironic,
22952526,10150,10150,1.836124295862588e+18,2024-09-17,NEG,not ironic,
22952527,10151,10151,1.8361242947173007e+18,2024-09-17,NEU,not ironic,
22952528,10152,10152,1.8361242946502487e+18,2024-09-17,POS,not ironic,
22952529,10153,10153,1.8361242940129e+18,2024-09-17,NEG,ironic,
22952530,10154,10154,1.8361242938784689e+18,2024-09-17,NEU,ironic,
22952531,10155,10155,1.8361242929430856e+18,2024-09-17,NEG,not ironic,
22952532,10156,10156,1.8361242922636864e+18,2024-09-17,NEG,not ironic,
22952533,10157,10157,1.8361242916934497e+18,2024-09-17,POS,ironic,
22952534,10158,10158,1.8361242914834355e+18,2024-09-17,NEG,ironic,
22952535,10159,10159,1.8361242900239324e+18,2024-09-17,NEG,ironic,
22952536,10160,10160,1.836124289474663e+18,2024-09-17,NEG,not ironic,
22952537,10161,10161,1.8361242894033595e+18,2024-09-17,NEG,not ironic,
22952538,10162,10162,1.8361242873395164e+18,2024-09-17,NEG,ironic,
22952539,10163,10163,1.836124287197156e+18,2024-09-17,NEG,ironic,
22952540,10164,10164,1.836124286685512e+18,2024-09-17,NEG,not ironic,
22952541,10165,10165,1.836124285657552e+18,2024-09-17,NEG,not ironic,
22952542,10166,10166,1.83612428283508e+18,2024-09-17,NEU,not ironic,
22952543,10167,10167,1.836124280590832e+18,2024-09-17,NEG,ironic,
22952544,10168,10168,1.836124279353844e+18,2024-09-17,POS,ironic,
22952545,10169,10169,1.8361242793454185e+18,2024-09-17,NEG,ironic,
22952546,10170,10170,1.8361242772314888e+18,2024-09-17,NEU,not ironic,
22952547,10171,10171,1.836124277050852e+18,2024-09-17,NEG,not ironic,
22952548,10172,10172,1.8361242770344013e+18,2024-09-17,NEG,not ironic,
22952549,10173,10173,1.8361242769963505e+18,2024-09-17,NEU,not ironic,
22952550,10174,10174,1.836124275276944e+18,2024-09-17,NEG,not ironic,
22952551,10175,10175,1.83612427504604e+18,2024-09-17,NEU,ironic,
22952552,10176,10176,1.8361242727098368e+18,2024-09-17,NEU,not ironic,
22952553,10177,10177,1.836124271883502e+18,2024-09-17,NEG,ironic,
22952554,10178,10178,1.8361242714601272e+18,2024-09-17,NEG,ironic,
22952555,10179,10179,1.836124270986171e+18,2024-09-17,NEG,not ironic,
22952556,10180,10180,1.8361242707220111e+18,2024-09-17,NEG,not ironic,
22952557,10181,10181,1.836124269320848e+18,2024-09-17,NEG,not ironic,
22952558,10182,10182,1.8361242692536527e+18,2024-09-17,POS,ironic,
22952559,10183,10183,1.836124269123641e+18,2024-09-17,NEG,ironic,
22952561,10185,10185,1.8361242677773112e+18,2024-09-17,NEU,ironic,
22952562,10186,10186,1.8361242676891648e+18,2024-09-17,NEU,not ironic,
22952563,10187,10187,1.8361242673243013e+18,2024-09-17,NEU,not ironic,
22952564,10188,10188,1.83612426698066e+18,2024-09-17,NEG,ironic,
22952565,10189,10189,1.8361242666532247e+18,2024-09-17,NEU,not ironic,
22952566,10190,10190,1.836124266556797e+18,2024-09-17,NEG,ironic,
22952567,10191,10191,1.836124266422768e+18,2024-09-17,NEU,not ironic,
22952568,10192,10192,1.836124265747248e+18,2024-09-17,NEG,not ironic,
22952569,10193,10193,1.836124265248088e+18,2024-09-17,NEG,ironic,
22952570,10194,10194,1.8361242639103795e+18,2024-09-17,NEG,not ironic,
22952572,10196,10196,1.8361242633229967e+18,2024-09-17,NEG,ironic,
22952573,10197,10197,1.836124263113204e+18,2024-09-17,NEG,ironic,
22952574,10198,10198,1.836124262404625e+18,2024-09-17,NEG,not ironic,
22952575,10199,10199,1.836124261431284e+18,2024-09-17,NEU,not ironic,
22952576,10200,10200,1.836124260341056e+18,2024-09-17,NEG,ironic,
22952577,10201,10201,1.83612425880572e+18,2024-09-17,NEG,ironic,
22952578,10202,10202,1.8361242582355187e+18,2024-09-17,NEG,ironic,
22952579,10203,10203,1.8361242575727864e+18,2024-09-17,NEG,not ironic,
22952580,10204,10204,1.83612425716988e+18,2024-09-17,NEG,ironic,
22952581,10205,10205,1.8361242558612524e+18,2024-09-17,POS,not ironic,
22952582,10206,10206,1.83612425577744e+18,2024-09-17,NEU,not ironic,
22952583,10207,10207,1.836124255588881e+18,2024-09-17,NEU,ironic,
22952584,10208,10208,1.8361242546323287e+18,2024-09-17,NEG,ironic,
22952585,10209,10209,1.836124252174484e+18,2024-09-17,NEG,not ironic,
22952586,10210,10210,1.8361242507696049e+18,2024-09-17,NEU,not ironic,
22952587,10211,10211,1.836124250736071e+18,2024-09-17,NEG,ironic,
22952588,10212,10212,1.8361242499892308e+18,2024-09-17,NEG,not ironic,
22952589,10213,10213,1.8361242492971336e+18,2024-09-17,NEG,ironic,
22952590,10214,10214,1.8361242485170588e+18,2024-09-17,POS,ironic,
22952591,10215,10215,1.8361242481059515e+18,2024-09-17,NEU,not ironic,
22952592,10216,10216,1.836124247741084e+18,2024-09-17,NEU,not ironic,
22952593,10217,10217,1.8361242471873907e+18,2024-09-17,NEG,not ironic,
22952594,10218,10218,1.8361242459627643e+18,2024-09-17,NEG,not ironic,
22952595,10219,10219,1.836124245857878e+18,2024-09-17,NEG,ironic,
22952596,10220,10220,1.8361242456103977e+18,2024-09-17,NEG,not ironic,
22952597,10221,10221,1.8361242454929165e+18,2024-09-17,POS,not ironic,
22952598,10222,10222,1.8361242431192435e+18,2024-09-17,NEU,not ironic,
22952599,10223,10223,1.836124239625327e+18,2024-09-17,NEG,ironic,
22952600,10224,10224,1.8361242379767444e+18,2024-09-17,NEU,not ironic,
22952601,10225,10225,1.8361242372385672e+18,2024-09-17,NEG,not ironic,
22952602,10226,10226,1.836124236559324e+18,2024-09-17,NEG,ironic,
22952603,10227,10227,1.836124235695064e+18,2024-09-17,NEG,not ironic,
22952604,10228,10228,1.836124234688664e+18,2024-09-17,NEG,ironic,
22952605,10229,10229,1.8361242346551089e+18,2024-09-17,NEU,not ironic,
22952606,10230,10230,1.836124234436825e+18,2024-09-17,NEG,ironic,
22952607,10231,10231,1.836124232909984e+18,2024-09-17,NEG,ironic,
22952608,10232,10232,1.8361242326082888e+18,2024-09-17,NEU,not ironic,
22952609,10233,10233,1.836124231932748e+18,2024-09-17,NEG,not ironic,
22952610,10234,10234,1.8361242316772065e+18,2024-09-17,NEU,ironic,
22952611,10235,10235,1.8361242315468805e+18,2024-09-17,NEU,not ironic,
22952612,10236,10236,1.8361242292358228e+18,2024-09-17,NEG,ironic,
22952614,10238,10238,1.836124227449295e+18,2024-09-17,POS,not ironic,
22952615,10239,10239,1.8361242252766456e+18,2024-09-17,NEU,not ironic,
22952616,10240,10240,1.8361242240139387e+18,2024-09-17,NEU,not ironic,
22952617,10241,10241,1.836124223728956e+18,2024-09-17,NEU,not ironic,
22952618,10242,10242,1.836124223653204e+18,2024-09-17,NEU,not ironic,
22952619,10243,10243,1.83612422351476e+18,2024-09-17,NEU,not ironic,
22952620,10244,10244,1.836124222046851e+18,2024-09-17,NEU,ironic,
22952621,10245,10245,1.836124221921231e+18,2024-09-17,NEG,ironic,
22952622,10246,10246,1.8361242211450143e+18,2024-09-17,NEU,not ironic,
22952623,10247,10247,1.8361242210068687e+18,2024-09-17,NEG,ironic,
22952624,10248,10248,1.8361242206500623e+18,2024-09-17,NEG,ironic,
22952625,10249,10249,1.8361242203606508e+18,2024-09-17,NEU,ironic,
22952626,10250,10250,1.8361242191611617e+18,2024-09-17,NEG,ironic,
22952627,10251,10251,1.8361242186661524e+18,2024-09-17,NEG,not ironic,
22952628,10252,10252,1.836124218078937e+18,2024-09-17,POS,not ironic,
22952629,10253,10253,1.8361242149668577e+18,2024-09-17,POS,not ironic,
22952630,10254,10254,1.8361242148871624e+18,2024-09-17,NEG,not ironic,
22952631,10255,10255,1.8361242146777009e+18,2024-09-17,NEU,not ironic,
22952632,10256,10256,1.836124214635504e+18,2024-09-17,NEU,not ironic,
22952633,10257,10257,1.8361242115235315e+18,2024-09-17,NEU,not ironic,
22952634,10258,10258,1.8361242113093512e+18,2024-09-17,POS,ironic,
22952635,10259,10259,1.836124210776916e+18,2024-09-17,NEG,not ironic,
22952636,10260,10260,1.8361242100929784e+18,2024-09-17,POS,ironic,
22952637,10261,10261,1.8361242098832507e+18,2024-09-17,POS,not ironic,
22952638,10262,10262,1.836124207937393e+18,2024-09-17,NEG,not ironic,
22952639,10263,10263,1.8361242070311567e+18,2024-09-17,NEU,not ironic,
22952640,10264,10264,1.8361242048710607e+18,2024-09-17,NEG,ironic,
22952642,10266,10266,1.8361242032520645e+18,2024-09-17,NEU,ironic,
22952643,10267,10267,1.8361242031095155e+18,2024-09-17,NEU,ironic,
22952644,10268,10268,1.8361242017379697e+18,2024-09-17,NEU,ironic,
22952645,10269,10269,1.8361242000688783e+18,2024-09-17,NEG,ironic,
22952646,10270,10270,1.8361241997247283e+18,2024-09-17,NEG,ironic,
22952647,10271,10271,1.8361241992467948e+18,2024-09-17,NEG,not ironic,
22952648,10272,10272,1.836124198277968e+18,2024-09-17,POS,not ironic,
22952649,10273,10273,1.8361241976277937e+18,2024-09-17,NEU,not ironic,
22952650,10274,10274,1.8361241963356608e+18,2024-09-17,NEG,not ironic,
22952651,10275,10275,1.8361241957862807e+18,2024-09-17,NEG,not ironic,
22952652,10276,10276,1.836124195509404e+18,2024-09-17,NEU,ironic,
22952653,10277,10277,1.8361241953628687e+18,2024-09-17,POS,not ironic,
22952654,10278,10278,1.836124194167292e+18,2024-09-17,POS,not ironic,
22952655,10279,10279,1.836124192963728e+18,2024-09-17,NEU,not ironic,
22952656,10280,10280,1.8361241926195e+18,2024-09-17,NEU,not ironic,
22952657,10281,10281,1.8361241925820457e+18,2024-09-17,POS,not ironic,
22952658,10282,10282,1.8361241924936911e+18,2024-09-17,NEG,ironic,
22952659,10283,10283,1.8361241924729933e+18,2024-09-17,NEG,ironic,
22952660,10284,10284,1.8361241922043044e+18,2024-09-17,NEG,not ironic,
22952661,10285,10285,1.8361241914283955e+18,2024-09-17,POS,not ironic,
22952662,10286,10286,1.836124190753329e+18,2024-09-17,NEG,ironic,
22952663,10287,10287,1.8361241907197747e+18,2024-09-17,NEG,not ironic,
22952664,10288,10288,1.836124190346277e+18,2024-09-17,NEG,not ironic,
22952665,10289,10289,1.836124188576305e+18,2024-09-17,NEG,not ironic,
22952666,10290,10290,1.8361241867139927e+18,2024-09-17,POS,not ironic,
22952667,10291,10291,1.8361241859801784e+18,2024-09-17,NEU,not ironic,
22952668,10292,10292,1.836124185393009e+18,2024-09-17,NEG,ironic,
22952669,10293,10293,1.83612418475944e+18,2024-09-17,POS,ironic,
22952670,10294,10294,1.8361241834969088e+18,2024-09-17,NEG,ironic,
22952671,10295,10295,1.836124181567804e+18,2024-09-17,NEU,not ironic,
22952672,10296,10296,1.8361241810013268e+18,2024-09-17,NEU,ironic,
22952673,10297,10297,1.8361241792606705e+18,2024-09-17,POS,ironic,
22952674,10298,10298,1.8361241792523387e+18,2024-09-17,NEU,not ironic,
22952675,10299,10299,1.836124179139109e+18,2024-09-17,NEG,not ironic,
22952676,10300,10300,1.836124178753233e+18,2024-09-17,NEU,not ironic,
22952677,10301,10301,1.836124177604002e+18,2024-09-17,NEU,not ironic,
22952678,10302,10302,1.8361241770673933e+18,2024-09-17,NEU,not ironic,
22952679,10303,10303,1.8361241742948887e+18,2024-09-17,NEG,not ironic,
22952680,10304,10304,1.836124173355356e+18,2024-09-17,NEG,not ironic,
22952681,10305,10305,1.836124172138792e+18,2024-09-17,NEG,not ironic,
22952682,10306,10306,1.83612417194578e+18,2024-09-17,NEG,not ironic,
22952683,10307,10307,1.8361241717321608e+18,2024-09-17,NEG,not ironic,
22952684,10308,10308,1.836124170264142e+18,2024-09-17,NEU,ironic,
22952685,10309,10309,1.8361241693876183e+18,2024-09-17,NEG,ironic,
22952686,10310,10310,1.8361241692155784e+18,2024-09-17,NEG,not ironic,
22952687,10311,10311,1.836124168770982e+18,2024-09-17,NEG,ironic,
22952688,10312,10312,1.8361241682425e+18,2024-09-17,NEU,ironic,
22952689,10313,10313,1.8361241681290404e+18,2024-09-17,NEU,not ironic,
22952690,10314,10314,1.836124167084888e+18,2024-09-17,NEU,not ironic,
22952691,10315,10315,1.836124167080412e+18,2024-09-17,NEU,not ironic,
22952692,10316,10316,1.8361241658811315e+18,2024-09-17,NEG,ironic,
22952693,10317,10317,1.8361241657175288e+18,2024-09-17,NEG,ironic,
22952694,10318,10318,1.8361241653316529e+18,2024-09-17,POS,not ironic,
22952695,10319,10319,1.8361241650381169e+18,2024-09-17,NEG,ironic,
22952696,10320,10320,1.836124164127888e+18,2024-09-17,NEU,not ironic,
22952697,10321,10321,1.8361241629029169e+18,2024-09-17,NEU,not ironic,
22952698,10322,10322,1.8361241627854605e+18,2024-09-17,NEG,ironic,
22952699,10323,10323,1.83612416099054e+18,2024-09-17,NEG,not ironic,
22952700,10324,10324,1.8361241602982047e+18,2024-09-17,NEG,ironic,
22952702,10326,10326,1.8361241566955807e+18,2024-09-17,NEU,not ironic,
22952703,10327,10327,1.836124156381008e+18,2024-09-17,NEU,not ironic,
22952704,10328,10328,1.8361241560244923e+18,2024-09-17,NEG,ironic,
22952705,10329,10329,1.8361241551350868e+18,2024-09-17,POS,not ironic,
22952706,10330,10330,1.83612415468621e+18,2024-09-17,NEG,not ironic,
22952707,10331,10331,1.8361241527653169e+18,2024-09-17,NEG,ironic,
22952708,10332,10332,1.836124152052486e+18,2024-09-17,NEU,not ironic,
22952709,10333,10333,1.8361241504123008e+18,2024-09-17,NEG,not ironic,
22952710,10334,10334,1.8361241499595287e+18,2024-09-17,NEU,ironic,
22952711,10335,10335,1.8361241485668275e+18,2024-09-17,NEG,ironic,
22952712,10336,10336,1.8361241466628595e+18,2024-09-17,NEU,not ironic,
22952713,10337,10337,1.836124146486354e+18,2024-09-17,NEG,not ironic,
22952714,10338,10338,1.8361241464070351e+18,2024-09-17,NEG,ironic,
22952715,10339,10339,1.8361241462179103e+18,2024-09-17,NEG,not ironic,
22952716,10340,10340,1.8361241452952084e+18,2024-09-17,NEG,ironic,
22952717,10341,10341,1.836124144511193e+18,2024-09-17,NEU,not ironic,
22952718,10342,10342,1.8361241443811044e+18,2024-09-17,NEG,ironic,
22952719,10343,10343,1.836124144275952e+18,2024-09-17,NEG,not ironic,
22952720,10344,10344,1.836124143961744e+18,2024-09-17,NEU,not ironic,
22952721,10345,10345,1.8361241427328164e+18,2024-09-17,NEG,ironic,
22952722,10346,10346,1.83612414261921e+18,2024-09-17,POS,ironic,
22952723,10347,10347,1.8361241406940984e+18,2024-09-17,NEG,not ironic,
22952724,10348,10348,1.836124138123264e+18,2024-09-17,NEU,not ironic,
22952726,10350,10350,1.8361241359545388e+18,2024-09-17,NEU,ironic,
22952727,10351,10351,1.8361241349229489e+18,2024-09-17,POS,not ironic,
22952728,10352,10352,1.8361241347129467e+18,2024-09-17,NEG,ironic,
22952729,10353,10353,1.836124132443886e+18,2024-09-17,NEU,not ironic,
22952730,10354,10354,1.8361241309632264e+18,2024-09-17,POS,ironic,
22952731,10355,10355,1.836124130728444e+18,2024-09-17,POS,not ironic,
22952732,10356,10356,1.8361241292688307e+18,2024-09-17,NEG,ironic,
22952733,10357,10357,1.836124128501256e+18,2024-09-17,NEG,not ironic,
22952734,10358,10358,1.8361241277504064e+18,2024-09-17,NEG,ironic,
22952735,10359,10359,1.8361241276749327e+18,2024-09-17,NEG,not ironic,
22952736,10360,10360,1.8361241273522304e+18,2024-09-17,NEG,not ironic,
22952737,10361,10361,1.8361241272135967e+18,2024-09-17,NEG,ironic,
22952738,10362,10362,1.8361241262449828e+18,2024-09-17,NEU,not ironic,
22952739,10363,10363,1.8361241258839493e+18,2024-09-17,NEU,ironic,
22952740,10364,10364,1.8361241257916585e+18,2024-09-17,NEU,not ironic,
22952741,10365,10365,1.836124124563018e+18,2024-09-17,NEG,not ironic,
22952742,10366,10366,1.836124124436952e+18,2024-09-17,NEU,not ironic,
22952743,10367,10367,1.8361241232041208e+18,2024-09-17,NEG,ironic,
22952744,10368,10368,1.83612412271734e+18,2024-09-17,NEU,ironic,
22952745,10369,10369,1.8361241217486684e+18,2024-09-17,NEG,ironic,
22952746,10370,10370,1.836124121425486e+18,2024-09-17,NEG,ironic,
22952747,10371,10371,1.83612412039388e+18,2024-09-17,NEU,not ironic,
22952748,10372,10372,1.836124118556832e+18,2024-09-17,NEG,ironic,
22952749,10373,10373,1.836124118456112e+18,2024-09-17,NEG,not ironic,
22952750,10374,10374,1.8361241164593728e+18,2024-09-17,NEG,not ironic,
22952751,10375,10375,1.836124116421874e+18,2024-09-17,NEG,not ironic,
22952752,10376,10376,1.836124116203504e+18,2024-09-17,NEG,not ironic,
22952753,10377,10377,1.8361241160443983e+18,2024-09-17,NEU,not ironic,
22952754,10378,10378,1.836124114890961e+18,2024-09-17,NEG,not ironic,
22952755,10379,10379,1.8361241146642312e+18,2024-09-17,NEG,not ironic,
22952756,10380,10380,1.8361241141525425e+18,2024-09-17,NEG,not ironic,
22952757,10381,10381,1.836124114110546e+18,2024-09-17,POS,not ironic,
22952758,10382,10382,1.8361241136242688e+18,2024-09-17,NEU,not ironic,
22952759,10383,10383,1.8361241128564493e+18,2024-09-17,NEG,not ironic,
22952760,10384,10384,1.836124112764196e+18,2024-09-17,NEG,not ironic,
22952761,10385,10385,1.836124111632008e+18,2024-09-17,NEG,not ironic,
22952762,10386,10386,1.8361241113258355e+18,2024-09-17,NEU,not ironic,
22952764,10388,10388,1.8361241099959544e+18,2024-09-17,POS,not ironic,
22952765,10389,10389,1.8361241090315064e+18,2024-09-17,NEG,ironic,
22952766,10390,10390,1.8361241087040883e+18,2024-09-17,NEG,ironic,
22952768,10392,10392,1.83612410806682e+18,2024-09-17,NEU,not ironic,
22952769,10393,10393,1.836124105814233e+18,2024-09-17,NEU,not ironic,
22952770,10394,10394,1.8361241051179625e+18,2024-09-17,NEG,not ironic,
22952771,10395,10395,1.8361241048915151e+18,2024-09-17,NEU,ironic,
22952772,10396,10396,1.8361241026140367e+18,2024-09-17,NEU,ironic,
22952773,10397,10397,1.836124102295458e+18,2024-09-17,NEU,ironic,
22952774,10398,10398,1.836124102073156e+18,2024-09-17,NEU,not ironic,
22952775,10399,10399,1.8361241016537293e+18,2024-09-17,NEG,ironic,
22952776,10400,10400,1.8361240994430927e+18,2024-09-17,NEU,not ironic,
22952778,10402,10402,1.8361240979960425e+18,2024-09-17,POS,not ironic,
22952779,10403,10403,1.836124097878856e+18,2024-09-17,NEG,not ironic,
22952780,10404,10404,1.8361240976901125e+18,2024-09-17,NEU,not ironic,
22952781,10405,10405,1.83612409685103e+18,2024-09-17,NEG,not ironic,
22952782,10406,10406,1.836124096461181e+18,2024-09-17,NEG,ironic,
22952783,10407,10407,1.8361240955507507e+18,2024-09-17,NEG,not ironic,
22952784,10408,10408,1.8361240946699392e+18,2024-09-17,NEG,ironic,
22952786,10410,10410,1.8361240938019924e+18,2024-09-17,NEG,not ironic,
22952787,10411,10411,1.836124090874368e+18,2024-09-17,NEU,not ironic,
22952788,10412,10412,1.8361240906769736e+18,2024-09-17,NEU,not ironic,
22952789,10413,10413,1.8361240902284447e+18,2024-09-17,NEG,ironic,
22952790,10414,10414,1.8361240873215063e+18,2024-09-17,NEG,ironic,
22952791,10415,10415,1.8361240869356588e+18,2024-09-17,NEG,ironic,
22952792,10416,10416,1.8361240858409656e+18,2024-09-17,NEU,not ironic,
22952793,10417,10417,1.836124085631492e+18,2024-09-17,POS,not ironic,
22952794,10418,10418,1.836124085056881e+18,2024-09-17,NEG,not ironic,
22952795,10419,10419,1.8361240847084503e+18,2024-09-17,NEG,ironic,
22952796,10420,10420,1.83612408421358e+18,2024-09-17,NEG,ironic,
22952797,10421,10421,1.8361240841339377e+18,2024-09-17,NEG,not ironic,
22952798,10422,10422,1.8361240828000584e+18,2024-09-17,NEG,not ironic,
22952799,10423,10423,1.836124082347348e+18,2024-09-17,NEG,not ironic,
22952800,10424,10424,1.836124081868944e+18,2024-09-17,NEG,ironic,
22952801,10425,10425,1.8361240813239247e+18,2024-09-17,NEG,not ironic,
22952802,10426,10426,1.8361240808122327e+18,2024-09-17,NEG,not ironic,
22952803,10427,10427,1.836124080707154e+18,2024-09-17,NEG,not ironic,
22952804,10428,10428,1.8361240799018765e+18,2024-09-17,NEG,not ironic,
22952805,10429,10429,1.8361240786605555e+18,2024-09-17,NEU,not ironic,
22952806,10430,10430,1.836124078513468e+18,2024-09-17,NEU,ironic,
22952807,10431,10431,1.8361240782493125e+18,2024-09-17,NEU,not ironic,
22952808,10432,10432,1.836124077351732e+18,2024-09-17,POS,not ironic,
22952809,10433,10433,1.8361240751625047e+18,2024-09-17,NEG,not ironic,
22952810,10434,10434,1.8361240734635625e+18,2024-09-17,NEG,ironic,
22952811,10435,10435,1.836124068476785e+18,2024-09-17,POS,not ironic,
22952812,10436,10436,1.836124066845008e+18,2024-09-17,NEG,not ironic,
22952813,10437,10437,1.8361240656622185e+18,2024-09-17,NEG,not ironic,
22952814,10438,10438,1.836124064370324e+18,2024-09-17,NEU,not ironic,
22952815,10439,10439,1.8361240640976328e+18,2024-09-17,NEU,not ironic,
22952816,10440,10440,1.8361240633848755e+18,2024-09-17,NEG,not ironic,
22952817,10441,10441,1.8361240598323244e+18,2024-09-17,NEG,not ironic,
22952818,10442,10442,1.8361240591696243e+18,2024-09-17,NEG,not ironic,
22952819,10443,10443,1.836124059161048e+18,2024-09-17,NEU,ironic,
22952820,10444,10444,1.8361240578862328e+18,2024-09-17,NEG,not ironic,
22952821,10445,10445,1.8361240571312128e+18,2024-09-17,NEG,not ironic,
22952822,10446,10446,1.8361240551682583e+18,2024-09-17,NEG,not ironic,
22952823,10447,10447,1.8361240546562995e+18,2024-09-17,NEU,not ironic,
22952824,10448,10448,1.8361240524880973e+18,2024-09-17,NEG,ironic,
22952825,10449,10449,1.836124051086979e+18,2024-09-17,NEU,ironic,
22952826,10450,10450,1.836124050445181e+18,2024-09-17,NEU,not ironic,
22952827,10451,10451,1.83612405018964e+18,2024-09-17,NEG,ironic,
22952828,10452,10452,1.836124050046796e+18,2024-09-17,NEG,ironic,
22952829,10453,10453,1.8361240496525107e+18,2024-09-17,NEU,ironic,
22952830,10454,10454,1.836124049359229e+18,2024-09-17,NEU,not ironic,
22952831,10455,10455,1.836124047685412e+18,2024-09-17,POS,not ironic,
22952832,10456,10456,1.836124046418748e+18,2024-09-17,NEG,not ironic,
22952833,10457,10457,1.8361240462005783e+18,2024-09-17,NEG,ironic,
22952834,10458,10458,1.836124045592662e+18,2024-09-17,NEG,ironic,
22952835,10459,10459,1.8361240445357512e+18,2024-09-17,NEG,ironic,
22952836,10460,10460,1.8361240421784983e+18,2024-09-17,NEG,not ironic,
22952837,10461,10461,1.836124041591038e+18,2024-09-17,POS,not ironic,
22952838,10462,10462,1.8361240406514967e+18,2024-09-17,POS,not ironic,
22952839,10463,10463,1.8361240395067228e+18,2024-09-17,NEG,not ironic,
22952840,10464,10464,1.836124034972476e+18,2024-09-17,POS,ironic,
22952841,10465,10465,1.8361240323551729e+18,2024-09-17,NEU,not ironic,
22952842,10466,10466,1.836124029339537e+18,2024-09-17,NEG,ironic,
22952843,10467,10467,1.8361240287438848e+18,2024-09-17,NEG,ironic,
22952844,10468,10468,1.8361240278717727e+18,2024-09-17,NEG,ironic,
22952845,10469,10469,1.8361240261392507e+18,2024-09-17,NEG,not ironic,
22952846,10470,10470,1.8361240261311368e+18,2024-09-17,NEG,ironic,
22952847,10471,10471,1.8361240237319496e+18,2024-09-17,NEU,not ironic,
22952848,10472,10472,1.8361240231948703e+18,2024-09-17,POS,not ironic,
22952849,10473,10473,1.836124021777368e+18,2024-09-17,POS,not ironic,
22952850,10474,10474,1.8361240213159936e+18,2024-09-17,NEG,not ironic,
22952851,10475,10475,1.8361240201916744e+18,2024-09-17,POS,not ironic,
22952852,10476,10476,1.8361240197722767e+18,2024-09-17,NEU,not ironic,
22952853,10477,10477,1.836124019759702e+18,2024-09-17,NEU,not ironic,
22952854,10478,10478,1.8361240176121687e+18,2024-09-17,NEU,not ironic,
22952855,10479,10479,1.8361240172727624e+18,2024-09-17,NEG,not ironic,
22952856,10480,10480,1.8361240163835704e+18,2024-09-17,NEG,not ironic,
22952857,10481,10481,1.8361240162575035e+18,2024-09-17,NEG,not ironic,
22952858,10482,10482,1.8361240154818232e+18,2024-09-17,NEU,ironic,
22952859,10483,10483,1.83612401327555e+18,2024-09-17,NEG,ironic,
22952860,10484,10484,1.8361240129439173e+18,2024-09-17,NEU,not ironic,
22952861,10485,10485,1.836124009680802e+18,2024-09-17,NEG,ironic,
22952862,10486,10486,1.8361240093497592e+18,2024-09-17,NEG,not ironic,
22952863,10487,10487,1.83612400840994e+18,2024-09-17,NEU,ironic,
22952864,10488,10488,1.8361240068454728e+18,2024-09-17,NEG,ironic,
22952866,10490,10490,1.836124005566202e+18,2024-09-17,NEG,ironic,
22952867,10491,10491,1.8361240045386304e+18,2024-09-17,NEG,not ironic,
22952868,10492,10492,1.836124001598403e+18,2024-09-17,NEG,ironic,
22952869,10493,10493,1.8361240015777137e+18,2024-09-17,NEU,not ironic,
22952871,10495,10495,1.8361239994972608e+18,2024-09-17,NEU,not ironic,
22952872,10496,10496,1.83612399832685e+18,2024-09-17,NEU,not ironic,
22952873,10497,10497,1.836123998125712e+18,2024-09-17,NEG,not ironic,
22952874,10498,10498,1.836123997043303e+18,2024-09-17,NEG,not ironic,
22952875,10499,10499,1.8361239969426765e+18,2024-09-17,NEG,not ironic,
22952876,10500,10500,1.836123996447716e+18,2024-09-17,NEU,not ironic,
22952877,10501,10501,1.8361239948371968e+18,2024-09-17,NEG,ironic,
22952878,10502,10502,1.836123994577392e+18,2024-09-17,NEG,ironic,
22952879,10503,10503,1.8361239944724564e+18,2024-09-17,NEG,not ironic,
22952880,10504,10504,1.836123993398526e+18,2024-09-17,NEG,not ironic,
22952881,10505,10505,1.836123993125848e+18,2024-09-17,NEG,not ironic,
22952882,10506,10506,1.8361239928870377e+18,2024-09-17,NEG,not ironic,
22952883,10507,10507,1.83612398926316e+18,2024-09-17,NEG,ironic,
22952884,10508,10508,1.8361239889316047e+18,2024-09-17,NEG,not ironic,
22952885,10509,10509,1.836123988835128e+18,2024-09-17,NEU,not ironic,
22952886,10510,10510,1.836123988386353e+18,2024-09-17,POS,ironic,
22952887,10511,10511,1.836123987438416e+18,2024-09-17,NEG,ironic,
22952889,10513,10513,1.8361239861048896e+18,2024-09-17,POS,not ironic,
22952890,10514,10514,1.8361239851483384e+18,2024-09-17,POS,not ironic,
22952891,10515,10515,1.8361239846030912e+18,2024-09-17,NEG,not ironic,
22952892,10516,10516,1.836123983957136e+18,2024-09-17,NEU,not ironic,
22952893,10517,10517,1.8361239837015616e+18,2024-09-17,NEG,ironic,
22952894,10518,10518,1.836123983235645e+18,2024-09-17,NEU,ironic,
22952895,10519,10519,1.836123982535496e+18,2024-09-17,NEG,ironic,
22952896,10520,10520,1.8361239803080297e+18,2024-09-17,NEU,not ironic,
22952897,10521,10521,1.8361239797334093e+18,2024-09-17,NEG,ironic,
22952898,10522,10522,1.836123979314316e+18,2024-09-17,NEG,ironic,
22952899,10523,10523,1.8361239793101128e+18,2024-09-17,NEG,not ironic,
22952900,10524,10524,1.83612397491864e+18,2024-09-17,NEG,ironic,
22952901,10525,10525,1.8361239749102515e+18,2024-09-17,NEU,not ironic,
22952902,10526,10526,1.836123972510823e+18,2024-09-17,NEG,not ironic,
22952903,10527,10527,1.836123971583976e+18,2024-09-17,NEG,not ironic,
22952904,10528,10528,1.8361239709676503e+18,2024-09-17,NEU,not ironic,
22952905,10529,10529,1.836123970309112e+18,2024-09-17,NEU,ironic,
22952906,10530,10530,1.8361239686691272e+18,2024-09-17,NEG,not ironic,
22952907,10531,10531,1.8361239681951703e+18,2024-09-17,NEU,ironic,
22952908,10532,10532,1.836123966936916e+18,2024-09-17,NEU,ironic,
22952909,10533,10533,1.8361239664039365e+18,2024-09-17,NEU,ironic,
22952910,10534,10534,1.8361239658125804e+18,2024-09-17,POS,ironic,
22952911,10535,10535,1.8361239655147195e+18,2024-09-17,NEG,not ironic,
22952912,10536,10536,1.8361239637741727e+18,2024-09-17,NEU,not ironic,
22952913,10537,10537,1.83612396377018e+18,2024-09-17,NEG,ironic,
22952914,10538,10538,1.836123963568624e+18,2024-09-17,NEG,not ironic,
22952915,10539,10539,1.8361239633004708e+18,2024-09-17,NEG,ironic,
22952916,10540,10540,1.836123962587096e+18,2024-09-17,NEU,not ironic,
22952918,10542,10542,1.836123960913584e+18,2024-09-17,NEG,not ironic,
22952919,10543,10543,1.836123960515109e+18,2024-09-17,NEG,ironic,
22952921,10545,10545,1.8361239597685724e+18,2024-09-17,NEG,ironic,
22952922,10546,10546,1.836123958631879e+18,2024-09-17,POS,not ironic,
22952923,10547,10547,1.8361239582085325e+18,2024-09-17,POS,ironic,
22952924,10548,10548,1.836123957528785e+18,2024-09-17,NEG,not ironic,
22952925,10549,10549,1.836123956904104e+18,2024-09-17,POS,not ironic,
22952926,10550,10550,1.836123955603624e+18,2024-09-17,NEU,ironic,
22952927,10551,10551,1.8361239522020928e+18,2024-09-17,NEU,not ironic,
22952928,10552,10552,1.8361239517784435e+18,2024-09-17,NEG,ironic,
22952929,10553,10553,1.836123949479896e+18,2024-09-17,NEU,not ironic,
22952930,10554,10554,1.8361239486285453e+18,2024-09-17,NEU,not ironic,
22952931,10555,10555,1.836123948377084e+18,2024-09-17,NEU,not ironic,
22952932,10556,10556,1.8361239475424256e+18,2024-09-17,NEG,ironic,
22952933,10557,10557,1.836123946602705e+18,2024-09-17,NEU,not ironic,
22952934,10558,10558,1.8361239460995889e+18,2024-09-17,NEU,ironic,
22952935,10559,10559,1.8361239442328576e+18,2024-09-17,NEG,ironic,
22952936,10560,10560,1.836123942760911e+18,2024-09-17,POS,ironic,
22952937,10561,10561,1.836123942672613e+18,2024-09-17,NEG,not ironic,
22952938,10562,10562,1.836123938273006e+18,2024-09-17,NEU,not ironic,
22952939,10563,10563,1.8361239365237023e+18,2024-09-17,NEU,not ironic,
22952940,10564,10564,1.8361239355844283e+18,2024-09-17,NEG,not ironic,
22952941,10565,10565,1.8361239353661563e+18,2024-09-17,POS,ironic,
22952942,10566,10566,1.8361239338648128e+18,2024-09-17,NEG,ironic,
22952943,10567,10567,1.836123932111352e+18,2024-09-17,POS,not ironic,
22952944,10568,10568,1.8361239311217293e+18,2024-09-17,NEG,not ironic,
22952945,10569,10569,1.8361239303958687e+18,2024-09-17,NEG,not ironic,
22952946,10570,10570,1.836123930186388e+18,2024-09-17,NEG,ironic,
22952947,10571,10571,1.8361239296953595e+18,2024-09-17,NEG,not ironic,
22952948,10572,10572,1.8361239286680207e+18,2024-09-17,NEU,not ironic,
22952949,10573,10573,1.836123928231805e+18,2024-09-17,NEG,ironic,
22952950,10574,10574,1.8361239279757148e+18,2024-09-17,NEU,ironic,
22952951,10575,10575,1.8361239264660644e+18,2024-09-17,NEG,not ironic,
22952952,10576,10576,1.83612392580724e+18,2024-09-17,NEG,not ironic,
22952953,10577,10577,1.8361239257278344e+18,2024-09-17,NEU,ironic,
22952955,10579,10579,1.8361239229932337e+18,2024-09-17,NEG,ironic,
22952956,10580,10580,1.8361239220407708e+18,2024-09-17,NEU,not ironic,
22952958,10582,10582,1.8361239199184817e+18,2024-09-17,NEG,ironic,
22952959,10583,10583,1.8361239191803128e+18,2024-09-17,NEU,ironic,
22952960,10584,10584,1.8361239179597248e+18,2024-09-17,NEG,not ironic,
22952962,10586,10586,1.8361239152041167e+18,2024-09-17,NEG,ironic,
22952963,10587,10587,1.836123915183182e+18,2024-09-17,NEG,not ironic,
22952964,10588,10588,1.8361239133127027e+18,2024-09-17,NEG,not ironic,
22952965,10589,10589,1.8361239126919447e+18,2024-09-17,NEU,not ironic,
22952966,10590,10590,1.836123912284918e+18,2024-09-17,NEU,ironic,
22952967,10591,10591,1.8361239112740168e+18,2024-09-17,NEG,ironic,
22952968,10592,10592,1.836123909474632e+18,2024-09-17,NEU,not ironic,
22952969,10593,10593,1.8361239088625093e+18,2024-09-17,NEU,ironic,
22952970,10594,10594,1.8361239086822e+18,2024-09-17,NEG,not ironic,
22952971,10595,10595,1.836123907260035e+18,2024-09-17,NEG,ironic,
22952972,10596,10596,1.8361239063751025e+18,2024-09-17,NEG,not ironic,
22952973,10597,10597,1.836123906186343e+18,2024-09-17,NEG,ironic,
22952974,10598,10598,1.8361239050415923e+18,2024-09-17,POS,ironic,
22952975,10599,10599,1.836123904055628e+18,2024-09-17,NEU,not ironic,
22952976,10600,10600,1.83612390392556e+18,2024-09-17,NEU,ironic,
22952977,10601,10601,1.8361239033470364e+18,2024-09-17,NEG,ironic,
22952978,10602,10602,1.8361239024368724e+18,2024-09-17,NEU,ironic,
22952979,10603,10603,1.836123902252368e+18,2024-09-17,NEU,ironic,
22952980,10604,10604,1.8361239015309028e+18,2024-09-17,NEG,not ironic,
22952981,10605,10605,1.8361239005449464e+18,2024-09-17,NEG,ironic,
22952982,10606,10606,1.836123900486562e+18,2024-09-17,NEG,ironic,
22952983,10607,10607,1.8361238993876915e+18,2024-09-17,NEG,not ironic,
22952984,10608,10608,1.8361238992657613e+18,2024-09-17,NEG,not ironic,
22952985,10609,10609,1.8361238972820767e+18,2024-09-17,NEG,ironic,
22952986,10610,10610,1.8361238946354675e+18,2024-09-17,NEG,ironic,
22952987,10611,10611,1.8361238945178176e+18,2024-09-17,NEU,not ironic,
22952988,10612,10612,1.8361238940312983e+18,2024-09-17,NEG,ironic,
22952989,10613,10613,1.8361238937166769e+18,2024-09-17,NEU,not ironic,
22952990,10614,10614,1.8361238927939213e+18,2024-09-17,NEG,ironic,
22952991,10615,10615,1.836123892424848e+18,2024-09-17,NEU,ironic,
22952992,10616,10616,1.8361238913093632e+18,2024-09-17,NEU,ironic,
22952993,10617,10617,1.83612389130492e+18,2024-09-17,NEU,not ironic,
22952994,10618,10618,1.8361238900550487e+18,2024-09-17,NEU,not ironic,
22952995,10619,10619,1.8361238874713088e+18,2024-09-17,NEG,ironic,
22952996,10620,10620,1.8361238861127063e+18,2024-09-17,POS,ironic,
22952997,10621,10621,1.836123883822552e+18,2024-09-17,NEU,ironic,
22952998,10622,10622,1.836123879523156e+18,2024-09-17,NEG,ironic,
22952999,10623,10623,1.83612387942244e+18,2024-09-17,POS,not ironic,
22953000,10624,10624,1.8361238793346747e+18,2024-09-17,NEG,ironic,
22953001,10625,10625,1.83612387908275e+18,2024-09-17,POS,not ironic,
22953002,10626,10626,1.836123875970814e+18,2024-09-17,NEU,ironic,
22953003,10627,10627,1.8361238749642056e+18,2024-09-17,NEG,not ironic,
22953005,10629,10629,1.836123873856672e+18,2024-09-17,NEG,ironic,
22953006,10630,10630,1.836123873294848e+18,2024-09-17,NEG,not ironic,
22953007,10631,10631,1.8361238707612308e+18,2024-09-17,NEU,ironic,
22953008,10632,10632,1.8361238682742287e+18,2024-09-17,NEU,not ironic,
22953009,10633,10633,1.836123866445272e+18,2024-09-17,NEU,ironic,
22953010,10634,10634,1.8361238663281093e+18,2024-09-17,NEU,not ironic,
22953011,10635,10635,1.8361238661223217e+18,2024-09-17,NEG,not ironic,
22953012,10636,10636,1.836123866097124e+18,2024-09-17,NEU,not ironic,
22953013,10637,10637,1.836123861491864e+18,2024-09-17,POS,ironic,
22953014,10638,10638,1.836123860237796e+18,2024-09-17,NEG,not ironic,
22953015,10639,10639,1.8361238598521e+18,2024-09-17,NEU,ironic,
22953016,10640,10640,1.836123857565979e+18,2024-09-17,NEG,not ironic,
22953017,10641,10641,1.8361238552926413e+18,2024-09-17,NEU,ironic,
22953018,10642,10642,1.8361238552675123e+18,2024-09-17,NEU,not ironic,
22953019,10643,10643,1.836123853979808e+18,2024-09-17,NEG,ironic,
22953020,10644,10644,1.836123853481034e+18,2024-09-17,NEG,ironic,
22953021,10645,10645,1.8361238502259087e+18,2024-09-17,POS,ironic,
22953022,10646,10646,1.836123849613808e+18,2024-09-17,NEU,not ironic,
22953023,10647,10647,1.836123849223791e+18,2024-09-17,NEU,not ironic,
22953024,10648,10648,1.8361238485398856e+18,2024-09-17,NEG,ironic,
22953025,10649,10649,1.8361238476296847e+18,2024-09-17,NEU,not ironic,
22953026,10650,10650,1.836123847256368e+18,2024-09-17,NEG,not ironic,
22953027,10651,10651,1.836123847105614e+18,2024-09-17,NEG,not ironic,
22953028,10652,10652,1.836123845453058e+18,2024-09-17,NEU,not ironic,
22953029,10653,10653,1.8361238445596431e+18,2024-09-17,NEG,not ironic,
22953030,10654,10654,1.8361238442616755e+18,2024-09-17,NEU,ironic,
22953031,10655,10655,1.8361238431836488e+18,2024-09-17,NEU,not ironic,
22953032,10656,10656,1.8361238424541312e+18,2024-09-17,NEU,not ironic,
22953033,10657,10657,1.836123841514353e+18,2024-09-17,NEU,ironic,
22953034,10658,10658,1.83612384104489e+18,2024-09-17,NEG,ironic,
22953035,10659,10659,1.83612383897267e+18,2024-09-17,POS,not ironic,
22953036,10660,10660,1.836123838716728e+18,2024-09-17,NEG,not ironic,
22953037,10661,10661,1.8361238384022408e+18,2024-09-17,NEG,not ironic,
22953038,10662,10662,1.836123836926038e+18,2024-09-17,NEG,ironic,
22953039,10663,10663,1.8361238365902564e+18,2024-09-17,NEU,not ironic,
22953040,10664,10664,1.8361238363050724e+18,2024-09-17,POS,not ironic,
22953041,10665,10665,1.836123836128928e+18,2024-09-17,NEU,not ironic,
22953043,10667,10667,1.8361238349040888e+18,2024-09-17,POS,ironic,
22953044,10668,10668,1.8361238328156204e+18,2024-09-17,NEU,not ironic,
22953045,10669,10669,1.83612383095337e+18,2024-09-17,NEG,not ironic,
22953046,10670,10670,1.8361238283780465e+18,2024-09-17,NEG,not ironic,
22953047,10671,10671,1.8361238258782413e+18,2024-09-17,NEG,ironic,
22953048,10672,10672,1.83612382514002e+18,2024-09-17,NEG,not ironic,
22953049,10673,10673,1.836123825110479e+18,2024-09-17,NEG,ironic,
22953050,10674,10674,1.836123824791688e+18,2024-09-17,NEG,ironic,
22953051,10675,10675,1.8361238226696727e+18,2024-09-17,NEG,ironic,
22953052,10676,10676,1.8361238216585167e+18,2024-09-17,NEU,ironic,
22953053,10677,10677,1.836123819997827e+18,2024-09-17,NEU,ironic,
22953054,10678,10678,1.8361238193770703e+18,2024-09-17,NEU,not ironic,
22953055,10679,10679,1.8361238192763745e+18,2024-09-17,NEG,ironic,
22953057,10681,10681,1.8361238186053184e+18,2024-09-17,NEU,not ironic,
22953058,10682,10682,1.836123816143008e+18,2024-09-17,NEG,not ironic,
22953059,10683,10683,1.8361238143397107e+18,2024-09-17,NEG,ironic,
22953060,10684,10684,1.8361238143226844e+18,2024-09-17,NEG,not ironic,
22953061,10685,10685,1.836123813890708e+18,2024-09-17,NEG,not ironic,
22953062,10686,10686,1.836123810287825e+18,2024-09-17,NEG,ironic,
22953063,10687,10687,1.836123807272317e+18,2024-09-17,NEG,not ironic,
22953064,10688,10688,1.8361238067980823e+18,2024-09-17,POS,ironic,
22953065,10689,10689,1.836123806299013e+18,2024-09-17,NEG,ironic,
22953066,10690,10690,1.8361238060809047e+18,2024-09-17,POS,not ironic,
22953067,10691,10691,1.8361238057537577e+18,2024-09-17,POS,not ironic,
22953068,10692,10692,1.8361238052084813e+18,2024-09-17,NEG,not ironic,
22953069,10693,10693,1.8361238023775565e+18,2024-09-17,NEG,not ironic,
22953070,10694,10694,1.8361238008715512e+18,2024-09-17,NEU,ironic,
22953071,10695,10695,1.8361238003766195e+18,2024-09-17,NEG,not ironic,
22953072,10696,10696,1.8361238001794463e+18,2024-09-17,NEG,not ironic,
22953073,10697,10697,1.836123799005336e+18,2024-09-17,NEG,ironic,
22953074,10698,10698,1.8361237989254308e+18,2024-09-17,NEG,ironic,
22953075,10699,10699,1.8361237966523927e+18,2024-09-17,NEG,not ironic,
22953076,10700,10700,1.8361237965600563e+18,2024-09-17,NEU,ironic,
22953077,10701,10701,1.836123796492948e+18,2024-09-17,POS,not ironic,
22953078,10702,10702,1.836123795700028e+18,2024-09-17,NEG,not ironic,
22953080,10704,10704,1.8361237938838449e+18,2024-09-17,NEU,not ironic,
22953081,10705,10705,1.83612379346448e+18,2024-09-17,NEG,ironic,
22953082,10706,10706,1.8361237930033564e+18,2024-09-17,NEG,ironic,
22953083,10707,10707,1.8361237924074703e+18,2024-09-17,NEG,ironic,
22953084,10708,10708,1.8361237921222904e+18,2024-09-17,POS,not ironic,
22953085,10709,10709,1.8361237909019407e+18,2024-09-17,NEG,not ironic,
22953086,10710,10710,1.8361237898408635e+18,2024-09-17,NEG,not ironic,
22953087,10711,10711,1.8361237892575355e+18,2024-09-17,NEU,ironic,
22953088,10712,10712,1.836123788079174e+18,2024-09-17,NEG,not ironic,
22953089,10713,10713,1.8361237877310464e+18,2024-09-17,NEU,not ironic,
22953090,10714,10714,1.8361237858853071e+18,2024-09-17,POS,not ironic,
22953091,10715,10715,1.8361237858185096e+18,2024-09-17,NEG,ironic,
22953092,10716,10716,1.8361237852477404e+18,2024-09-17,NEU,not ironic,
22953093,10717,10717,1.8361237851848704e+18,2024-09-17,NEU,not ironic,
22953094,10718,10718,1.836123785088369e+18,2024-09-17,POS,ironic,
22953095,10719,10719,1.8361237837129032e+18,2024-09-17,NEG,not ironic,
22953096,10720,10720,1.8361237835407524e+18,2024-09-17,NEG,ironic,
22953097,10721,10721,1.836123783226364e+18,2024-09-17,NEU,not ironic,
22953098,10722,10722,1.8361237829744804e+18,2024-09-17,NEG,ironic,
22953099,10723,10723,1.8361237818210388e+18,2024-09-17,POS,not ironic,
22953100,10724,10724,1.8361237814773883e+18,2024-09-17,POS,ironic,
22953101,10725,10725,1.836123781191832e+18,2024-09-17,NEG,ironic,
22953102,10726,10726,1.8361237811627668e+18,2024-09-17,NEG,not ironic,
22953103,10727,10727,1.8361237808940485e+18,2024-09-17,NEG,not ironic,
22953104,10728,10728,1.836123780676227e+18,2024-09-17,POS,not ironic,
22953105,10729,10729,1.8361237794512404e+18,2024-09-17,NEG,not ironic,
22953106,10730,10730,1.8361237793089329e+18,2024-09-17,NEU,ironic,
22953107,10731,10731,1.836123778243244e+18,2024-09-17,NEU,not ironic,
22953108,10732,10732,1.836123777597412e+18,2024-09-17,NEU,not ironic,
22953109,10733,10733,1.8361237763897308e+18,2024-09-17,NEG,ironic,
22953110,10734,10734,1.8361237761086305e+18,2024-09-17,NEG,not ironic,
22953111,10735,10735,1.836123775668044e+18,2024-09-17,NEU,ironic,
22953112,10736,10736,1.836123775282086e+18,2024-09-17,NEG,not ironic,
22953113,10737,10737,1.836123773935727e+18,2024-09-17,NEU,ironic,
22953114,10738,10738,1.836123773927592e+18,2024-09-17,POS,not ironic,
22953115,10739,10739,1.836123771570156e+18,2024-09-17,NEU,not ironic,
22953116,10740,10740,1.836123771477832e+18,2024-09-17,NEU,ironic,
22953117,10741,10741,1.8361237684959688e+18,2024-09-17,NEU,not ironic,
22953118,10742,10742,1.8361237684076173e+18,2024-09-17,POS,not ironic,
22953119,10743,10743,1.836123766633681e+18,2024-09-17,POS,ironic,
22953120,10744,10744,1.8361237657232428e+18,2024-09-17,NEU,ironic,
22953121,10745,10745,1.8361237649433928e+18,2024-09-17,NEG,ironic,
22953122,10746,10746,1.836123764897076e+18,2024-09-17,NEG,not ironic,
22953123,10747,10747,1.836123763911312e+18,2024-09-17,NEU,not ironic,
22953124,10748,10748,1.8361237635844017e+18,2024-09-17,NEU,not ironic,
22953125,10749,10749,1.836123763567387e+18,2024-09-17,NEG,ironic,
22953126,10750,10750,1.8361237626614129e+18,2024-09-17,NEG,not ironic,
22953127,10751,10751,1.836123762196124e+18,2024-09-17,NEU,not ironic,
22953128,10752,10752,1.8361237606484247e+18,2024-09-17,NEG,ironic,
22953129,10753,10753,1.8361237605687337e+18,2024-09-17,NEU,ironic,
22953130,10754,10754,1.836123759469826e+18,2024-09-17,NEG,ironic,
22953131,10755,10755,1.8361237587023503e+18,2024-09-17,NEG,not ironic,
22953132,10756,10756,1.836123758270055e+18,2024-09-17,NEG,not ironic,
22953133,10757,10757,1.8361237563828188e+18,2024-09-17,NEG,not ironic,
22953134,10758,10758,1.83612375587958e+18,2024-09-17,NEG,ironic,
22953135,10759,10759,1.8361237558415488e+18,2024-09-17,NEG,not ironic,
22953136,10760,10760,1.8361237539627128e+18,2024-09-17,NEG,ironic,
22953137,10761,10761,1.8361237516094057e+18,2024-09-17,NEG,not ironic,
22953138,10762,10762,1.8361237493238008e+18,2024-09-17,POS,ironic,
22953139,10763,10763,1.836123747406828e+18,2024-09-17,NEU,ironic,
22953140,10764,10764,1.8361237466897807e+18,2024-09-17,POS,not ironic,
22953141,10765,10765,1.8361237462491343e+18,2024-09-17,NEG,ironic,
22953142,10766,10766,1.8361237458422625e+18,2024-09-17,NEG,not ironic,
22953144,10768,10768,1.836123743069819e+18,2024-09-17,NEG,not ironic,
22953145,10769,10769,1.836123742482641e+18,2024-09-17,NEU,not ironic,
22953146,10770,10770,1.8361237412075643e+18,2024-09-17,NEG,not ironic,
22953147,10771,10771,1.836123740381316e+18,2024-09-17,NEG,ironic,
22953148,10772,10772,1.8361237401799724e+18,2024-09-17,NEU,not ironic,
22953149,10773,10773,1.8361237400289608e+18,2024-09-17,NEG,not ironic,
22953150,10774,10774,1.8361237325169505e+18,2024-09-17,NEG,not ironic,
22953151,10775,10775,1.836123731795576e+18,2024-09-17,NEG,not ironic,
22953152,10776,10776,1.8361237311664527e+18,2024-09-17,NEG,ironic,
22953153,10777,10777,1.83612373075114e+18,2024-09-17,NEG,not ironic,
22953154,10778,10778,1.8361237288134533e+18,2024-09-17,NEG,not ironic,
22953155,10779,10779,1.8361237282094577e+18,2024-09-17,NEG,ironic,
22953156,10780,10780,1.836123727597368e+18,2024-09-17,NEG,ironic,
22953157,10781,10781,1.8361237274922028e+18,2024-09-17,POS,ironic,
22953158,10782,10782,1.8361237262467525e+18,2024-09-17,NEU,not ironic,
22953159,10783,10783,1.83612372576422e+18,2024-09-17,NEG,ironic,
22953160,10784,10784,1.8361237250345905e+18,2024-09-17,POS,not ironic,
22953161,10785,10785,1.8361237243551127e+18,2024-09-17,NEU,not ironic,
22953162,10786,10786,1.8361237230464865e+18,2024-09-17,NEG,ironic,
22953163,10787,10787,1.836123722077606e+18,2024-09-17,POS,not ironic,
22953164,10788,10788,1.8361237215908088e+18,2024-09-17,NEU,not ironic,
22953165,10789,10789,1.8361237215323464e+18,2024-09-17,NEU,not ironic,
22953166,10790,10790,1.836123719162274e+18,2024-09-17,NEU,not ironic,
22953167,10791,10791,1.836123716360824e+18,2024-09-17,NEG,not ironic,
22953168,10792,10792,1.8361237163479736e+18,2024-09-17,NEU,not ironic,
22953169,10793,10793,1.836123715110843e+18,2024-09-17,NEG,not ironic,
22953170,10794,10794,1.836123714737296e+18,2024-09-17,POS,ironic,
22953171,10795,10795,1.8361237146536883e+18,2024-09-17,NEG,ironic,
22953172,10796,10796,1.8361237133616333e+18,2024-09-17,NEG,ironic,
22953173,10797,10797,1.83612371313954e+18,2024-09-17,NEU,ironic,
22953174,10798,10798,1.836123712330044e+18,2024-09-17,NEG,not ironic,
22953175,10799,10799,1.8361237117342395e+18,2024-09-17,NEG,ironic,
22953176,10800,10800,1.836123711663186e+18,2024-09-17,NEG,ironic,
22953177,10801,10801,1.8361237104929385e+18,2024-09-17,NEU,not ironic,
22953178,10802,10802,1.836123708907512e+18,2024-09-17,POS,not ironic,
22953179,10803,10803,1.836123708169273e+18,2024-09-17,NEG,ironic,
22953180,10804,10804,1.836123707741476e+18,2024-09-17,NEU,ironic,
22953181,10805,10805,1.836123706231239e+18,2024-09-17,POS,ironic,
22953182,10806,10806,1.836123705581216e+18,2024-09-17,NEU,not ironic,
22953183,10807,10807,1.836123705136812e+18,2024-09-17,POS,ironic,
22953184,10808,10808,1.836123704880776e+18,2024-09-17,NEU,ironic,
22953185,10809,10809,1.8361237041719217e+18,2024-09-17,NEG,not ironic,
22953186,10810,10810,1.8361237039580165e+18,2024-09-17,NEG,not ironic,
22953187,10811,10811,1.8361237009467023e+18,2024-09-17,NEG,ironic,
22953188,10812,10812,1.8361237002795827e+18,2024-09-17,NEG,ironic,
22953189,10813,10813,1.836123699881329e+18,2024-09-17,NEU,ironic,
22953190,10814,10814,1.8361236995958705e+18,2024-09-17,NEG,ironic,
22953191,10815,10815,1.8361236994283643e+18,2024-09-17,NEG,not ironic,
22953192,10816,10816,1.8361236993903864e+18,2024-09-17,NEG,not ironic,
22953193,10817,10817,1.836123698790556e+18,2024-09-17,NEG,ironic,
22953194,10818,10818,1.8361236985853875e+18,2024-09-17,POS,ironic,
22953195,10819,10819,1.83612369796846e+18,2024-09-17,NEU,not ironic,
22953196,10820,10820,1.83612369746124e+18,2024-09-17,NEU,not ironic,
22953197,10821,10821,1.8361236940848207e+18,2024-09-17,NEU,not ironic,
22953198,10822,10822,1.836123693572932e+18,2024-09-17,NEU,not ironic,
22953199,10823,10823,1.8361236923942671e+18,2024-09-17,NEU,ironic,
22953200,10824,10824,1.836123692339708e+18,2024-09-17,NEU,not ironic,
22953202,10826,10826,1.8361236910562552e+18,2024-09-17,NEG,ironic,
22953204,10828,10828,1.836123690339324e+18,2024-09-17,NEU,not ironic,
22953205,10829,10829,1.836123689534001e+18,2024-09-17,NEG,ironic,
22953206,10830,10830,1.8361236888587185e+18,2024-09-17,NEG,not ironic,
22953208,10832,10832,1.83612368447128e+18,2024-09-17,NEG,ironic,
22953209,10833,10833,1.8361236833388047e+18,2024-09-17,NEG,not ironic,
22953210,10834,10834,1.8361236826175936e+18,2024-09-17,POS,not ironic,
22953211,10835,10835,1.8361236809859848e+18,2024-09-17,NEG,not ironic,
22953212,10836,10836,1.836123680314692e+18,2024-09-17,NEG,not ironic,
22953213,10837,10837,1.836123678846722e+18,2024-09-17,NEG,ironic,
22953214,10838,10838,1.8361236767034289e+18,2024-09-17,NEG,not ironic,
22953215,10839,10839,1.836123675180852e+18,2024-09-17,POS,not ironic,
22953216,10840,10840,1.8361236749711887e+18,2024-09-17,NEG,ironic,
22953217,10841,10841,1.8361236748411008e+18,2024-09-17,NEU,not ironic,
22953218,10842,10842,1.8361236738512727e+18,2024-09-17,NEG,not ironic,
22953219,10843,10843,1.8361236734614287e+18,2024-09-17,NEU,ironic,
22953220,10844,10844,1.8361236722071145e+18,2024-09-17,NEG,not ironic,
22953221,10845,10845,1.8361236719344847e+18,2024-09-17,NEG,not ironic,
22953222,10846,10846,1.8361236712507884e+18,2024-09-17,NEG,not ironic,
22953223,10847,10847,1.836123670135382e+18,2024-09-17,NEG,ironic,
22953224,10848,10848,1.8361236696443825e+18,2024-09-17,NEU,not ironic,
22953225,10849,10849,1.8361236685119204e+18,2024-09-17,NEG,ironic,
22953226,10850,10850,1.8361236679417e+18,2024-09-17,NEG,not ironic,
22953227,10851,10851,1.8361236634580127e+18,2024-09-17,NEU,not ironic,
22953228,10852,10852,1.83612366239683e+18,2024-09-17,POS,not ironic,
22953229,10853,10853,1.836123661171868e+18,2024-09-17,NEG,not ironic,
22953230,10854,10854,1.8361236603332936e+18,2024-09-17,NEU,not ironic,
22953231,10855,10855,1.8361236599138268e+18,2024-09-17,POS,not ironic,
22953232,10856,10856,1.8361236591966008e+18,2024-09-17,NEU,ironic,
22953233,10857,10857,1.8361236591712343e+18,2024-09-17,NEU,not ironic,
22953234,10858,10858,1.8361234547871951e+18,2024-09-17,NEU,not ironic,
22953235,10859,10859,1.83612345136026e+18,2024-09-17,NEG,not ironic,
22953236,10860,10860,1.8361234498125665e+18,2024-09-17,NEG,not ironic,
22953237,10861,10861,1.8361234485083213e+18,2024-09-17,NEG,not ironic,
22953238,10862,10862,1.8361234468977088e+18,2024-09-17,NEG,not ironic,
22953240,10864,10864,1.8361234442720748e+18,2024-09-17,NEU,not ironic,
22953241,10865,10865,1.8361234430387407e+18,2024-09-17,POS,not ironic,
22953242,10866,10866,1.8361234404846185e+18,2024-09-17,NEG,not ironic,
22953243,10867,10867,1.836123439486374e+18,2024-09-17,POS,not ironic,
22953244,10868,10868,1.8361234361893768e+18,2024-09-17,NEG,ironic,
22953245,10869,10869,1.836123435467948e+18,2024-09-17,NEU,not ironic,
22953246,10870,10870,1.8361234336896084e+18,2024-09-17,NEG,ironic,
22953247,10871,10871,1.8361234324357489e+18,2024-09-17,NEG,ironic,
22953248,10872,10872,1.8361234320538752e+18,2024-09-17,NEU,not ironic,
22953249,10873,10873,1.8361234300114985e+18,2024-09-17,NEU,not ironic,
22953250,10874,10874,1.8361234290006136e+18,2024-09-17,NEG,ironic,
22953251,10875,10875,1.8361234285264e+18,2024-09-17,POS,ironic,
22953253,10877,10877,1.8361234266389875e+18,2024-09-17,POS,ironic,
22953254,10878,10878,1.8361234232960696e+18,2024-09-17,NEG,ironic,
22953255,10879,10879,1.836123422310748e+18,2024-09-17,NEG,ironic,
22953256,10880,10880,1.8361234222223365e+18,2024-09-17,NEU,ironic,
22953257,10881,10881,1.8361234183803407e+18,2024-09-17,POS,not ironic,
22953258,10882,10882,1.8361234180951736e+18,2024-09-17,NEG,ironic,
22953259,10883,10883,1.8361234168537167e+18,2024-09-17,NEU,not ironic,
22953260,10884,10884,1.836123416681984e+18,2024-09-17,NEU,not ironic,
22953261,10885,10885,1.8361234160737687e+18,2024-09-17,NEU,not ironic,
22953262,10886,10886,1.8361234158931272e+18,2024-09-17,NEG,not ironic,
22953263,10887,10887,1.836123415503344e+18,2024-09-17,NEG,ironic,
22953264,10888,10888,1.8361234150252216e+18,2024-09-17,NEG,ironic,
22953265,10889,10889,1.8361234139262856e+18,2024-09-17,POS,not ironic,
22953266,10890,10890,1.83612341369956e+18,2024-09-17,NEG,not ironic,
22953267,10891,10891,1.836123412986557e+18,2024-09-17,POS,ironic,
22953268,10892,10892,1.836123412919472e+18,2024-09-17,POS,not ironic,
22953269,10893,10893,1.8361234125755272e+18,2024-09-17,NEU,ironic,
22953270,10894,10894,1.836123412499928e+18,2024-09-17,NEG,not ironic,
22953271,10895,10895,1.8361234115227607e+18,2024-09-17,NEU,not ironic,
22953272,10896,10896,1.8361234099917908e+18,2024-09-17,POS,ironic,
22953273,10897,10897,1.8361234089392824e+18,2024-09-17,NEU,not ironic,
22953274,10898,10898,1.836123408481809e+18,2024-09-17,NEU,ironic,
22953275,10899,10899,1.8361234055670129e+18,2024-09-17,NEG,not ironic,
22953276,10900,10900,1.836123405244076e+18,2024-09-17,NEU,not ironic,
22953277,10901,10901,1.8361234050299249e+18,2024-09-17,NEG,not ironic,
22953278,10902,10902,1.836123404245873e+18,2024-09-17,NEU,ironic,
22953279,10903,10903,1.8361234026055803e+18,2024-09-17,NEG,not ironic,
22953280,10904,10904,1.8361234022535373e+18,2024-09-17,NEG,not ironic,
22953281,10905,10905,1.8361234014731023e+18,2024-09-17,NEU,ironic,
22953282,10906,10906,1.8361234012509184e+18,2024-09-17,NEU,not ironic,
22953283,10907,10907,1.836123400604918e+18,2024-09-17,NEG,not ironic,
22953284,10908,10908,1.8361233999299087e+18,2024-09-17,NEG,not ironic,
22953285,10909,10909,1.836123399518671e+18,2024-09-17,NEG,not ironic,
22953286,10910,10910,1.836123399112004e+18,2024-09-17,NEG,not ironic,
22953287,10911,10911,1.836123398927217e+18,2024-09-17,NEG,ironic,
22953288,10912,10912,1.836123397769528e+18,2024-09-17,NEU,not ironic,
22953289,10913,10913,1.8361233970481075e+18,2024-09-17,NEG,ironic,
22953290,10914,10914,1.8361233969222825e+18,2024-09-17,NEG,ironic,
22953291,10915,10915,1.8361233957814804e+18,2024-09-17,NEG,not ironic,
22953292,10916,10916,1.83612339456936e+18,2024-09-17,POS,ironic,
22953293,10917,10917,1.8361233917046743e+18,2024-09-17,NEG,not ironic,
22953294,10918,10918,1.8361233914155087e+18,2024-09-17,NEU,not ironic,
22953295,10919,10919,1.8361233889196485e+18,2024-09-17,NEG,not ironic,
22953296,10920,10920,1.836123388080968e+18,2024-09-17,NEG,ironic,
22953297,10921,10921,1.8361233879132367e+18,2024-09-17,NEU,not ironic,
22953298,10922,10922,1.8361233873050376e+18,2024-09-17,NEG,ironic,
22953299,10923,10923,1.836123385539044e+18,2024-09-17,POS,not ironic,
22953300,10924,10924,1.8361233833621548e+18,2024-09-17,NEU,not ironic,
22953301,10925,10925,1.836123380766184e+18,2024-09-17,NEG,not ironic,
22953302,10926,10926,1.8361233800111432e+18,2024-09-17,NEU,not ironic,
22953303,10927,10927,1.836123379713348e+18,2024-09-17,NEG,not ironic,
22953304,10928,10928,1.8361233795830784e+18,2024-09-17,NEG,not ironic,
22953305,10929,10929,1.836123379109368e+18,2024-09-17,NEG,not ironic,
22953306,10930,10930,1.836123378614481e+18,2024-09-17,NEG,not ironic,
22953307,10931,10931,1.8361233784298908e+18,2024-09-17,NEG,not ironic,
22953308,10932,10932,1.836123378094068e+18,2024-09-17,POS,not ironic,
22953309,10933,10933,1.8361233739672005e+18,2024-09-17,NEU,not ironic,
22953310,10934,10934,1.83612337170204e+18,2024-09-17,NEU,not ironic,
22953311,10935,10935,1.8361233707750607e+18,2024-09-17,NEU,not ironic,
22953312,10936,10936,1.8361233691056576e+18,2024-09-17,NEU,not ironic,
22953313,10937,10937,1.8361233689633467e+18,2024-09-17,NEU,ironic,
22953314,10938,10938,1.836123367906108e+18,2024-09-17,NEG,not ironic,
22953315,10939,10939,1.836123367075656e+18,2024-09-17,NEG,ironic,
22953316,10940,10940,1.8361233668158792e+18,2024-09-17,NEG,ironic,
22953317,10941,10941,1.836123364735472e+18,2024-09-17,NEU,not ironic,
22953318,10942,10942,1.8361233641188884e+18,2024-09-17,NEG,not ironic,
22953319,10943,10943,1.836123363946959e+18,2024-09-17,NEG,ironic,
22953320,10944,10944,1.836123363905016e+18,2024-09-17,NEG,not ironic,
22953321,10945,10945,1.836123362076316e+18,2024-09-17,NEU,not ironic,
22953322,10946,10946,1.836123361266824e+18,2024-09-17,NEU,not ironic,
22953324,10948,10948,1.8361233584398377e+18,2024-09-17,NEU,not ironic,
22953325,10949,10949,1.836123357605245e+18,2024-09-17,NEU,not ironic,
22953326,10950,10950,1.8361233573535127e+18,2024-09-17,NEG,ironic,
22953327,10951,10951,1.8361233572358185e+18,2024-09-17,NEG,ironic,
22953328,10952,10952,1.836123357030552e+18,2024-09-17,NEG,ironic,
22953329,10953,10953,1.836123356678013e+18,2024-09-17,NEG,not ironic,
22953330,10954,10954,1.836123355998556e+18,2024-09-17,NEU,ironic,
22953331,10955,10955,1.836123355977508e+18,2024-09-17,POS,not ironic,
22953332,10956,10956,1.8361233548534907e+18,2024-09-17,NEG,not ironic,
22953333,10957,10957,1.8361233543420849e+18,2024-09-17,NEG,ironic,
22953334,10958,10958,1.836123354111357e+18,2024-09-17,NEG,not ironic,
22953335,10959,10959,1.8361233540148475e+18,2024-09-17,NEU,ironic,
22953336,10960,10960,1.8361233515066527e+18,2024-09-17,NEG,not ironic,
22953337,10961,10961,1.836123349983847e+18,2024-09-17,NEU,not ironic,
22953338,10962,10962,1.836123347182129e+18,2024-09-17,NEG,ironic,
22953339,10963,10963,1.8361233465404088e+18,2024-09-17,NEG,not ironic,
22953340,10964,10964,1.836123345395282e+18,2024-09-17,NEU,ironic,
22953341,10965,10965,1.836123344447345e+18,2024-09-17,NEG,not ironic,
22953342,10966,10966,1.8361233429542287e+18,2024-09-17,NEG,ironic,
22953343,10967,10967,1.836123340546716e+18,2024-09-17,NEG,not ironic,
22953344,10968,10968,1.8361233384411343e+18,2024-09-17,NEU,ironic,
22953345,10969,10969,1.8361233368811604e+18,2024-09-17,NEU,not ironic,
22953346,10970,10970,1.8361233344987505e+18,2024-09-17,NEU,not ironic,
22953347,10971,10971,1.8361233316086705e+18,2024-09-17,NEG,not ironic,
22953348,10972,10972,1.836123331193344e+18,2024-09-17,NEG,ironic,
22953349,10973,10973,1.836123330581304e+18,2024-09-17,POS,ironic,
22953350,10974,10974,1.836123329943532e+18,2024-09-17,POS,not ironic,
22953351,10975,10975,1.8361233298598505e+18,2024-09-17,NEU,ironic,
22953352,10976,10976,1.8361233297843528e+18,2024-09-17,NEG,not ironic,
22953353,10977,10977,1.8361233294527204e+18,2024-09-17,POS,ironic,
22953354,10978,10978,1.836123328303764e+18,2024-09-17,NEG,ironic,
22953355,10979,10979,1.8361233278757192e+18,2024-09-17,NEG,not ironic,
22953356,10980,10980,1.8361233243695063e+18,2024-09-17,NEG,not ironic,
22953357,10981,10981,1.8361233230270712e+18,2024-09-17,NEG,not ironic,
22953358,10982,10982,1.836123321928176e+18,2024-09-17,NEG,not ironic,
22953359,10983,10983,1.836123321752036e+18,2024-09-17,NEG,not ironic,
22953360,10984,10984,1.8361233215087736e+18,2024-09-17,NEU,not ironic,
22953361,10985,10985,1.8361233211818355e+18,2024-09-17,NEG,ironic,
22953362,10986,10986,1.8361233195289928e+18,2024-09-17,NEU,ironic,
22953363,10987,10987,1.8361233195248724e+18,2024-09-17,NEU,not ironic,
22953364,10988,10988,1.8361233190427405e+18,2024-09-17,POS,ironic,
22953365,10989,10989,1.8361233170924137e+18,2024-09-17,NEG,not ironic,
22953366,10990,10990,1.8361233169495567e+18,2024-09-17,NEG,ironic,
22953367,10991,10991,1.836123316806972e+18,2024-09-17,NEG,ironic,
22953368,10992,10992,1.836123316488192e+18,2024-09-17,POS,ironic,
22953369,10993,10993,1.836123314772726e+18,2024-09-17,NEG,not ironic,
22953370,10994,10994,1.8361233143742216e+18,2024-09-17,NEU,ironic,
22953371,10995,10995,1.8361233127426376e+18,2024-09-17,NEU,not ironic,
22953372,10996,10996,1.8361233125373752e+18,2024-09-17,NEU,ironic,
22953373,10997,10997,1.836123312407352e+18,2024-09-17,POS,not ironic,
22953374,10998,10998,1.8361233123738053e+18,2024-09-17,NEG,not ironic,
22953375,10999,10999,1.836123311706702e+18,2024-09-17,NEU,not ironic,
22953376,11000,11000,1.836123311639794e+18,2024-09-17,NEU,ironic,
22953377,11001,11001,1.83612330662312e+18,2024-09-17,NEG,ironic,
22953378,11002,11002,1.8361233052391017e+18,2024-09-17,NEG,not ironic,
22953379,11003,11003,1.836123305226704e+18,2024-09-17,POS,ironic,
22953380,11004,11004,1.8361233049244303e+18,2024-09-17,NEG,ironic,
22953381,11005,11005,1.8361233047443333e+18,2024-09-17,NEU,not ironic,
22953382,11006,11006,1.8361233043414428e+18,2024-09-17,NEG,not ironic,
22953383,11007,11007,1.8361233034525128e+18,2024-09-17,NEU,not ironic,
22953384,11008,11008,1.836123301736752e+18,2024-09-17,NEG,ironic,
22953385,11009,11009,1.8361232965026e+18,2024-09-17,POS,not ironic,
22953386,11010,11010,1.836123295672058e+18,2024-09-17,NEU,not ironic,
22953387,11011,11011,1.836123295600776e+18,2024-09-17,POS,not ironic,
22953388,11012,11012,1.836123294451528e+18,2024-09-17,NEG,ironic,
22953389,11013,11013,1.836123294031868e+18,2024-09-17,NEU,not ironic,
22953390,11014,11014,1.8361232933145848e+18,2024-09-17,POS,not ironic,
22953391,11015,11015,1.836123292782203e+18,2024-09-17,NEU,ironic,
22953392,11016,11016,1.8361232927609403e+18,2024-09-17,NEU,not ironic,
22953393,11017,11017,1.836123292463436e+18,2024-09-17,NEG,not ironic,
22953394,11018,11018,1.8361232921654072e+18,2024-09-17,NEG,ironic,
22953395,11019,11019,1.836123288268866e+18,2024-09-17,NEG,not ironic,
22953396,11020,11020,1.836123288252416e+18,2024-09-17,POS,ironic,
22953397,11021,11021,1.83612328777001e+18,2024-09-17,NEU,not ironic,
22953398,11022,11022,1.836123287748739e+18,2024-09-17,NEU,not ironic,
22953399,11023,11023,1.8361232850350733e+18,2024-09-17,NEU,ironic,
22953400,11024,11024,1.8361232845401487e+18,2024-09-17,NEG,ironic,
22953401,11025,11025,1.8361232842130191e+18,2024-09-17,NEU,ironic,
22953402,11026,11026,1.8361232833114568e+18,2024-09-17,NEU,ironic,
22953403,11027,11027,1.8361232824975567e+18,2024-09-17,NEG,ironic,
22953404,11028,11028,1.8361232817131927e+18,2024-09-17,NEU,not ironic,
22953405,11029,11029,1.8361232813778903e+18,2024-09-17,NEU,ironic,
22953406,11030,11030,1.8361232800483607e+18,2024-09-17,NEG,not ironic,
22953407,11031,11031,1.836123279104292e+18,2024-09-17,NEG,ironic,
22953408,11032,11032,1.836123277602726e+18,2024-09-17,POS,not ironic,
22953409,11033,11033,1.8361232774098865e+18,2024-09-17,NEU,not ironic,
22953410,11034,11034,1.836123276956861e+18,2024-09-17,POS,not ironic,
22953411,11035,11035,1.836123276793488e+18,2024-09-17,NEU,not ironic,
22953412,11036,11036,1.8361232758372152e+18,2024-09-17,NEU,not ironic,
22953413,11037,11037,1.8361232757027103e+18,2024-09-17,NEG,not ironic,
22953414,11038,11038,1.8361232754804124e+18,2024-09-17,NEG,not ironic,
22953415,11039,11039,1.836123274788348e+18,2024-09-17,NEU,ironic,
22953416,11040,11040,1.836123274306109e+18,2024-09-17,NEG,ironic,
22953417,11041,11041,1.836123274167677e+18,2024-09-17,NEG,not ironic,
22953418,11042,11042,1.8361232740084984e+18,2024-09-17,NEG,not ironic,
22953419,11043,11043,1.8361232734716111e+18,2024-09-17,NEU,not ironic,
22953420,11044,11044,1.8361232723389727e+18,2024-09-17,NEU,not ironic,
22953421,11045,11045,1.836123272221516e+18,2024-09-17,NEU,not ironic,
22953422,11046,11046,1.8361232703256824e+18,2024-09-17,NEG,ironic,
22953423,11047,11047,1.836123269503816e+18,2024-09-17,NEU,ironic,
22953424,11048,11048,1.8361232635185444e+18,2024-09-17,POS,not ironic,
22953425,11049,11049,1.8361232631200847e+18,2024-09-17,NEG,ironic,
22953426,11050,11050,1.836123262901748e+18,2024-09-17,POS,not ironic,
22953427,11051,11051,1.8361232628390671e+18,2024-09-17,NEG,not ironic,
22953428,11052,11052,1.836123262574609e+18,2024-09-17,POS,not ironic,
22953429,11053,11053,1.836123261962216e+18,2024-09-17,NEG,not ironic,
22953430,11054,11054,1.8361232613917527e+18,2024-09-17,NEG,not ironic,
22953431,11055,11055,1.8361232612911148e+18,2024-09-17,NEG,not ironic,
22953432,11056,11056,1.8361232601250944e+18,2024-09-17,NEG,ironic,
22953433,11057,11057,1.836123259814973e+18,2024-09-17,NEU,ironic,
22953434,11058,11058,1.83612325955473e+18,2024-09-17,NEG,not ironic,
22953435,11059,11059,1.836123259097498e+18,2024-09-17,NEG,not ironic,
22953436,11060,11060,1.8361232590932872e+18,2024-09-17,NEG,ironic,
22953437,11061,11061,1.836123258950948e+18,2024-09-17,NEG,not ironic,
22953438,11062,11062,1.836123258837492e+18,2024-09-17,NEG,ironic,
22953439,11063,11063,1.8361232576379128e+18,2024-09-17,NEG,ironic,
22953440,11064,11064,1.8361232561407508e+18,2024-09-17,NEG,not ironic,
22953441,11065,11065,1.8361232558595648e+18,2024-09-17,POS,not ironic,
22953442,11066,11066,1.836123255381316e+18,2024-09-17,NEG,ironic,
22953443,11067,11067,1.836123253523517e+18,2024-09-17,POS,ironic,
22953444,11068,11068,1.8361232534352527e+18,2024-09-17,NEU,not ironic,
22953445,11069,11069,1.8361232534099804e+18,2024-09-17,NEU,ironic,
22953446,11070,11070,1.8361232520722885e+18,2024-09-17,NEG,not ironic,
22953447,11071,11071,1.8361232511999508e+18,2024-09-17,NEG,not ironic,
22953448,11072,11072,1.836123250666918e+18,2024-09-17,NEU,not ironic,
22953449,11073,11073,1.836123250646008e+18,2024-09-17,NEU,ironic,
22953450,11074,11074,1.8361232499958377e+18,2024-09-17,POS,ironic,
22953451,11075,11075,1.836123248481694e+18,2024-09-17,NEG,ironic,
22953452,11076,11076,1.8361232481461865e+18,2024-09-17,POS,not ironic,
22953453,11077,11077,1.8361232481087163e+18,2024-09-17,NEG,ironic,
22953454,11078,11078,1.836123246988768e+18,2024-09-17,NEU,not ironic,
22953455,11079,11079,1.836123246040904e+18,2024-09-17,NEG,not ironic,
22953456,11080,11080,1.836123245348541e+18,2024-09-17,NEG,not ironic,
22953457,11081,11081,1.8361232449168056e+18,2024-09-17,NEG,not ironic,
22953458,11082,11082,1.8361232428909568e+18,2024-09-17,POS,not ironic,
22953459,11083,11083,1.8361232425260529e+18,2024-09-17,NEG,ironic,
22953460,11084,11084,1.8361232411249544e+18,2024-09-17,NEU,not ironic,
22953461,11085,11085,1.836123240508412e+18,2024-09-17,NEG,not ironic,
22953462,11086,11086,1.8361232393675249e+18,2024-09-17,NEG,not ironic,
22953463,11087,11087,1.8361232389189512e+18,2024-09-17,NEG,not ironic,
22953464,11088,11088,1.836123238621156e+18,2024-09-17,NEG,not ironic,
22953465,11089,11089,1.836123237081846e+18,2024-09-17,NEG,not ironic,
22953467,11091,11091,1.8361232365656724e+18,2024-09-17,NEG,ironic,
22953468,11092,11092,1.8361232362052608e+18,2024-09-17,POS,not ironic,
22953469,11093,11093,1.8361232354376788e+18,2024-09-17,POS,not ironic,
22953470,11094,11094,1.8361232352234824e+18,2024-09-17,NEG,not ironic,
22953471,11095,11095,1.8361232351857385e+18,2024-09-17,NEG,not ironic,
22953472,11096,11096,1.8361232341542008e+18,2024-09-17,NEG,not ironic,
22953473,11097,11097,1.8361232340364864e+18,2024-09-17,NEG,ironic,
22953474,11098,11098,1.8361232310042995e+18,2024-09-17,NEG,not ironic,
22953475,11099,11099,1.8361232305135665e+18,2024-09-17,POS,ironic,
22953476,11100,11100,1.836123229770888e+18,2024-09-17,NEU,not ironic,
22953477,11101,11101,1.8361232292972173e+18,2024-09-17,NEU,not ironic,
22953478,11102,11102,1.836123228798096e+18,2024-09-17,POS,ironic,
22953479,11103,11103,1.836123228789494e+18,2024-09-17,NEG,ironic,
22953480,11104,11104,1.8361232286846364e+18,2024-09-17,NEG,ironic,
22953481,11105,11105,1.8361232265080463e+18,2024-09-17,NEG,not ironic,
22953482,11106,11106,1.8361232262815127e+18,2024-09-17,NEU,ironic,
22953483,11107,11107,1.836123223227781e+18,2024-09-17,NEU,not ironic,
22953484,11108,11108,1.8361232203462863e+18,2024-09-17,NEG,not ironic,
22953485,11109,11109,1.8361232181023373e+18,2024-09-17,NEU,not ironic,
22953486,11110,11110,1.8361232180019569e+18,2024-09-17,NEG,ironic,
22953487,11111,11111,1.8361232179304164e+18,2024-09-17,NEG,not ironic,
22953488,11112,11112,1.8361232170624328e+18,2024-09-17,NEG,not ironic,
22953489,11113,11113,1.8361232164666447e+18,2024-09-17,POS,not ironic,
22953490,11114,11114,1.836123216286454e+18,2024-09-17,NEG,ironic,
22953491,11115,11115,1.836123215875228e+18,2024-09-17,NEU,ironic,
22953492,11116,11116,1.836123215061496e+18,2024-09-17,NEU,ironic,
22953493,11117,11117,1.8361232144871304e+18,2024-09-17,NEU,ironic,
22953494,11118,11118,1.8361232141558413e+18,2024-09-17,POS,ironic,
22953495,11119,11119,1.8361232130985167e+18,2024-09-17,NEU,not ironic,
22953496,11120,11120,1.8361232126162616e+18,2024-09-17,NEG,not ironic,
22953497,11121,11121,1.8361232124988337e+18,2024-09-17,NEG,ironic,
22953498,11122,11122,1.836123212268156e+18,2024-09-17,NEU,not ironic,
22953499,11123,11123,1.8361232122387748e+18,2024-09-17,POS,not ironic,
22953500,11124,11124,1.8361232121633047e+18,2024-09-17,NEG,not ironic,
22953501,11125,11125,1.836123210762621e+18,2024-09-17,NEU,not ironic,
22953502,11126,11126,1.836123210351256e+18,2024-09-17,NEU,ironic,
22953503,11127,11127,1.8361232103219776e+18,2024-09-17,NEG,ironic,
22953504,11128,11128,1.8361232102424947e+18,2024-09-17,NEU,not ironic,
22953505,11129,11129,1.836123208375804e+18,2024-09-17,NEG,ironic,
22953506,11130,11130,1.8361232079186168e+18,2024-09-17,NEU,not ironic,
22953507,11131,11131,1.8361232074407e+18,2024-09-17,NEG,not ironic,
22953508,11132,11132,1.8361232071510308e+18,2024-09-17,NEG,not ironic,
22953509,11133,11133,1.8361232061446351e+18,2024-09-17,NEU,ironic,
22953510,11134,11134,1.836123205649732e+18,2024-09-17,NEU,not ironic,
22953511,11135,11135,1.8361232050246003e+18,2024-09-17,NEU,not ironic,
22953512,11136,11136,1.836123204433384e+18,2024-09-17,NEG,ironic,
22953513,11137,11137,1.8361232040599104e+18,2024-09-17,NEU,not ironic,
22953514,11138,11138,1.8361232031790287e+18,2024-09-17,NEG,not ironic,
22953515,11139,11139,1.8361232007463e+18,2024-09-17,POS,ironic,
22953516,11140,11140,1.8361231989010967e+18,2024-09-17,NEG,not ironic,
22953517,11141,11141,1.8361231986662031e+18,2024-09-17,NEU,not ironic,
22953518,11142,11142,1.8361231975040988e+18,2024-09-17,NEG,not ironic,
22953519,11143,11143,1.83612319685401e+18,2024-09-17,POS,not ironic,
22953520,11144,11144,1.8361231948533307e+18,2024-09-17,NEU,not ironic,
22953522,11146,11146,1.8361231935281928e+18,2024-09-17,NEG,not ironic,
22953523,11147,11147,1.8361231931632888e+18,2024-09-17,NEG,not ironic,
22953524,11148,11148,1.836123192475185e+18,2024-09-17,NEG,not ironic,
22953525,11149,11149,1.8361231912336264e+18,2024-09-17,NEU,not ironic,
22953526,11150,11150,1.83612319116662e+18,2024-09-17,NEG,ironic,
22953527,11151,11151,1.836123190265082e+18,2024-09-17,NEU,not ironic,
22953528,11152,11152,1.8361231891367567e+18,2024-09-17,NEG,ironic,
22953529,11153,11153,1.836123188490908e+18,2024-09-17,NEU,ironic,
22953530,11154,11154,1.8361231871151025e+18,2024-09-17,NEU,ironic,
22953531,11155,11155,1.8361231836212145e+18,2024-09-17,POS,ironic,
22953534,11158,11158,1.836123182413296e+18,2024-09-17,NEG,not ironic,
22953535,11159,11159,1.8361231814569864e+18,2024-09-17,NEU,not ironic,
22953536,11160,11160,1.836123181029168e+18,2024-09-17,NEU,not ironic,
22953537,11161,11161,1.8361231808611328e+18,2024-09-17,NEU,not ironic,
22953538,11162,11162,1.8361231801609464e+18,2024-09-17,NEG,not ironic,
22953539,11163,11163,1.8361231800644767e+18,2024-09-17,NEU,not ironic,
22953540,11164,11164,1.8361231793304745e+18,2024-09-17,NEG,not ironic,
22953541,11165,11165,1.8361231784035727e+18,2024-09-17,NEU,not ironic,
22953542,11166,11166,1.836123176322888e+18,2024-09-17,NEG,not ironic,
22953543,11167,11167,1.836123176088048e+18,2024-09-17,POS,ironic,
22953544,11168,11168,1.8361231760840827e+18,2024-09-17,NEG,ironic,
22953545,11169,11169,1.8361231756015004e+18,2024-09-17,NEU,not ironic,
22953546,11170,11170,1.836123175517852e+18,2024-09-17,NEG,not ironic,
22953547,11171,11171,1.8361231753078948e+18,2024-09-17,NEG,not ironic,
22953548,11172,11172,1.8361231749135729e+18,2024-09-17,NEG,ironic,
22953549,11173,11173,1.836123174901297e+18,2024-09-17,NEG,not ironic,
22953550,11174,11174,1.8361231741379256e+18,2024-09-17,NEU,not ironic,
22953551,11175,11175,1.836123171419824e+18,2024-09-17,NEU,ironic,
22953552,11176,11176,1.836123171323548e+18,2024-09-17,NEU,ironic,
22953553,11177,11177,1.8361231711177687e+18,2024-09-17,POS,not ironic,
22953554,11178,11178,1.8361231701362767e+18,2024-09-17,NEG,ironic,
22953555,11179,11179,1.836123169457066e+18,2024-09-17,NEU,not ironic,
22953556,11180,11180,1.8361231694358976e+18,2024-09-17,POS,not ironic,
22953557,11181,11181,1.836123169083568e+18,2024-09-17,NEU,not ironic,
22953558,11182,11182,1.8361231687521608e+18,2024-09-17,NEU,not ironic,
22953559,11183,11183,1.8361231677917025e+18,2024-09-17,NEG,not ironic,
22953560,11184,11184,1.8361231676325604e+18,2024-09-17,NEG,not ironic,
22953561,11185,11185,1.836123167128945e+18,2024-09-17,NEU,ironic,
22953562,11186,11186,1.8361231663447168e+18,2024-09-17,NEG,not ironic,
22953563,11187,11187,1.83612316374442e+18,2024-09-17,NEG,not ironic,
22953564,11188,11188,1.8361231630734336e+18,2024-09-17,NEU,ironic,
22953565,11189,11189,1.8361231628214843e+18,2024-09-17,NEU,not ironic,
22953566,11190,11190,1.836123162481956e+18,2024-09-17,NEU,not ironic,
22953567,11191,11191,1.8361231623769088e+18,2024-09-17,POS,not ironic,
22953568,11192,11192,1.8361231618986929e+18,2024-09-17,NEG,not ironic,
22953569,11193,11193,1.83612316061107e+18,2024-09-17,NEG,not ironic,
22953570,11194,11194,1.83612315895874e+18,2024-09-17,NEG,ironic,
22953571,11195,11195,1.836123158744892e+18,2024-09-17,POS,not ironic,
22953572,11196,11196,1.83612315662674e+18,2024-09-17,NEU,ironic,
22953573,11197,11197,1.8361231566015409e+18,2024-09-17,NEU,not ironic,
22953574,11198,11198,1.836123151807272e+18,2024-09-17,NEU,not ironic,
22953575,11199,11199,1.8361231499659512e+18,2024-09-17,NEG,not ironic,
22953576,11200,11200,1.836123148015784e+18,2024-09-17,NEG,ironic,
22953577,11201,11201,1.836123147159884e+18,2024-09-17,NEG,ironic,
22953578,11202,11202,1.8361231458683167e+18,2024-09-17,NEU,not ironic,
22953579,11203,11203,1.8361231450713992e+18,2024-09-17,NEG,ironic,
22953580,11204,11204,1.8361231421225825e+18,2024-09-17,NEG,ironic,
22953581,11205,11205,1.8361231387254167e+18,2024-09-17,NEG,ironic,
22953582,11206,11206,1.836123138511508e+18,2024-09-17,NEG,not ironic,
22953583,11207,11207,1.8361231376094743e+18,2024-09-17,NEU,not ironic,
22953585,11209,11209,1.8361231364017728e+18,2024-09-17,NEG,ironic,
22953586,11210,11210,1.8361231357933e+18,2024-09-17,NEU,not ironic,
22953587,11211,11211,1.8361231357348785e+18,2024-09-17,NEU,not ironic,
22953588,11212,11212,1.8361231348831644e+18,2024-09-17,NEG,ironic,
22953589,11213,11213,1.836123134090457e+18,2024-09-17,NEG,not ironic,
22953590,11214,11214,1.8361231339982e+18,2024-09-17,NEG,ironic,
22953591,11215,11215,1.8361231320355023e+18,2024-09-17,NEG,not ironic,
22953592,11216,11216,1.83612313003876e+18,2024-09-17,NEG,not ironic,
22953593,11217,11217,1.836123128843395e+18,2024-09-17,NEG,not ironic,
22953594,11218,11218,1.8361231288350188e+18,2024-09-17,NEU,ironic,
22953595,11219,11219,1.836123127673213e+18,2024-09-17,NEG,ironic,
22953596,11220,11220,1.836123127266628e+18,2024-09-17,NEG,ironic,
22953597,11221,11221,1.8361231219227807e+18,2024-09-17,NEG,not ironic,
22953598,11222,11222,1.8361231217633733e+18,2024-09-17,NEU,ironic,
22953599,11223,11223,1.836123120492548e+18,2024-09-17,NEU,ironic,
22953602,11226,11226,1.836123118085063e+18,2024-09-17,NEG,ironic,
22953603,11227,11227,1.836123116809917e+18,2024-09-17,NEG,not ironic,
22953605,11229,11229,1.83612311403332e+18,2024-09-17,NEU,not ironic,
22953606,11230,11230,1.836123113739768e+18,2024-09-17,POS,not ironic,
22953607,11231,11231,1.8361231133331008e+18,2024-09-17,NEU,ironic,
22953608,11232,11232,1.83612311275826e+18,2024-09-17,POS,not ironic,
22953609,11233,11233,1.836123112724652e+18,2024-09-17,NEG,ironic,
22953610,11234,11234,1.8361231123555533e+18,2024-09-17,POS,not ironic,
22953611,11235,11235,1.8361231121964444e+18,2024-09-17,NEG,ironic,
22953612,11236,11236,1.836123110761804e+18,2024-09-17,NEU,ironic,
22953613,11237,11237,1.8361231098811889e+18,2024-09-17,NEU,not ironic,
22953614,11238,11238,1.836123109029745e+18,2024-09-17,NEG,not ironic,
22953615,11239,11239,1.836123108886844e+18,2024-09-17,NEG,ironic,
22953616,11240,11240,1.836123108266144e+18,2024-09-17,NEU,not ironic,
22953617,11241,11241,1.8361231063284127e+18,2024-09-17,NEU,not ironic,
22953618,11242,11242,1.836123106227696e+18,2024-09-17,NEG,not ironic,
22953619,11243,11243,1.836123105372312e+18,2024-09-17,NEU,not ironic,
22953620,11244,11244,1.8361231029228096e+18,2024-09-17,NEG,not ironic,
22953621,11245,11245,1.8361231017945705e+18,2024-09-17,NEG,not ironic,
22953622,11246,11246,1.8361231012996465e+18,2024-09-17,NEG,ironic,
22953623,11247,11247,1.8361231011444488e+18,2024-09-17,NEG,not ironic,
22953624,11248,11248,1.836123100947096e+18,2024-09-17,NEG,not ironic,
22953625,11249,11249,1.8361230996764467e+18,2024-09-17,NEG,ironic,
22953626,11250,11250,1.8361230993954324e+18,2024-09-17,NEG,not ironic,
22953627,11251,11251,1.8361230991227983e+18,2024-09-17,NEU,not ironic,
22953628,11252,11252,1.8361230959096712e+18,2024-09-17,NEG,not ironic,
22953629,11253,11253,1.83612309408524e+18,2024-09-17,NEU,not ironic,
22953630,11254,11254,1.836123094068433e+18,2024-09-17,NEU,ironic,
22953631,11255,11255,1.8361230938506404e+18,2024-09-17,NEG,ironic,
22953632,11256,11256,1.836123092118348e+18,2024-09-17,POS,ironic,
22953633,11257,11257,1.836123091296228e+18,2024-09-17,NEU,not ironic,
22953634,11258,11258,1.8361230910655409e+18,2024-09-17,NEU,ironic,
22953635,11259,11259,1.8361230901805427e+18,2024-09-17,NEU,ironic,
22953636,11260,11260,1.8361230896856143e+18,2024-09-17,NEG,ironic,
22953637,11261,11261,1.8361230888381484e+18,2024-09-17,NEG,not ironic,
22953639,11263,11263,1.8361230868584248e+18,2024-09-17,NEG,ironic,
22953641,11265,11265,1.836123085117772e+18,2024-09-17,NEG,ironic,
22953642,11266,11266,1.8361230836204047e+18,2024-09-17,NEU,not ironic,
22953643,11267,11267,1.836123082899276e+18,2024-09-17,NEG,ironic,
22953644,11268,11268,1.836123081372504e+18,2024-09-17,NEU,ironic,
22953645,11269,11269,1.8361230806970125e+18,2024-09-17,NEU,ironic,
22953646,11270,11270,1.8361230804914304e+18,2024-09-17,NEU,not ironic,
22953647,11271,11271,1.8361230796148124e+18,2024-09-17,NEU,not ironic,
22953648,11272,11272,1.8361230789101773e+18,2024-09-17,POS,not ironic,
22953649,11273,11273,1.836123077626708e+18,2024-09-17,NEG,not ironic,
22953650,11274,11274,1.8361230773247104e+18,2024-09-17,NEG,ironic,
22953651,11275,11275,1.836123076737798e+18,2024-09-17,NEU,not ironic,
22953652,11276,11276,1.83612307638127e+18,2024-09-17,NEU,ironic,
22953653,11277,11277,1.836123075362054e+18,2024-09-17,NEG,ironic,
22953654,11278,11278,1.836123074804224e+18,2024-09-17,NEG,not ironic,
22953655,11279,11279,1.836123074590032e+18,2024-09-17,NEG,not ironic,
22953656,11280,11280,1.8361230744893888e+18,2024-09-17,NEG,not ironic,
22953657,11281,11281,1.836123074086781e+18,2024-09-17,NEG,not ironic,
22953658,11282,11282,1.8361230718890028e+18,2024-09-17,POS,not ironic,
22953659,11283,11283,1.8361230707525263e+18,2024-09-17,POS,not ironic,
22953660,11284,11284,1.83612306868054e+18,2024-09-17,NEG,not ironic,
22953661,11285,11285,1.836123068600648e+18,2024-09-17,NEG,not ironic,
22953662,11286,11286,1.836123068332192e+18,2024-09-17,NEU,not ironic,
22953663,11287,11287,1.8361230674513395e+18,2024-09-17,NEG,not ironic,
22953664,11288,11288,1.8361230660001344e+18,2024-09-17,NEG,not ironic,
22953665,11289,11289,1.8361230648131832e+18,2024-09-17,NEG,not ironic,
22953666,11290,11290,1.8361230636389868e+18,2024-09-17,NEG,ironic,
22953667,11291,11291,1.8361230635842724e+18,2024-09-17,NEG,not ironic,
22953668,11292,11292,1.8361230610301297e+18,2024-09-17,NEU,not ironic,
22953669,11293,11293,1.836123059746472e+18,2024-09-17,NEG,ironic,
22953670,11294,11294,1.8361230592265792e+18,2024-09-17,NEU,ironic,
22953671,11295,11295,1.8361230532329188e+18,2024-09-17,NEG,ironic,
22953672,11296,11296,1.8361230503259835e+18,2024-09-17,NEU,not ironic,
22953673,11297,11297,1.8361230494577912e+18,2024-09-17,NEG,not ironic,
22953674,11298,11298,1.8361230493699643e+18,2024-09-17,NEG,not ironic,
22953675,11299,11299,1.8361230486021448e+18,2024-09-17,NEU,ironic,
22953676,11300,11300,1.8361230484301947e+18,2024-09-17,NEU,not ironic,
22953677,11301,11301,1.836123047839044e+18,2024-09-17,NEG,ironic,
22953678,11302,11302,1.836123047335727e+18,2024-09-17,NEU,not ironic,
22953679,11303,11303,1.836123047171912e+18,2024-09-17,NEU,not ironic,
22953680,11304,11304,1.8361230471218176e+18,2024-09-17,NEU,not ironic,
22953681,11305,11305,1.8361230444500173e+18,2024-09-17,NEG,ironic,
22953682,11306,11306,1.836123041052672e+18,2024-09-17,NEU,not ironic,
22953683,11307,11307,1.8361230400040965e+18,2024-09-17,NEG,ironic,
22953684,11308,11308,1.8361230380538148e+18,2024-09-17,NEG,not ironic,
22953685,11309,11309,1.8361230373910323e+18,2024-09-17,NEG,ironic,
22953686,11310,11310,1.83612303688328e+18,2024-09-17,NEU,not ironic,
22953687,11311,11311,1.836123036447314e+18,2024-09-17,NEG,ironic,
22953688,11312,11312,1.836123035763696e+18,2024-09-17,NEG,not ironic,
22953689,11313,11313,1.8361230355956244e+18,2024-09-17,NEG,not ironic,
22953690,11314,11314,1.8361230355788063e+18,2024-09-17,NEU,not ironic,
22953691,11315,11315,1.8361230354279017e+18,2024-09-17,NEG,ironic,
22953692,11316,11316,1.836123034090116e+18,2024-09-17,NEU,ironic,
22953693,11317,11317,1.836123032861184e+18,2024-09-17,POS,not ironic,
22953694,11318,11318,1.8361230324415657e+18,2024-09-17,NEU,not ironic,
22953695,11319,11319,1.8361230321481528e+18,2024-09-17,NEG,not ironic,
22953696,11320,11320,1.8361230321145984e+18,2024-09-17,NEG,ironic,
22953697,11321,11321,1.8361230320222984e+18,2024-09-17,NEU,not ironic,
22953698,11322,11322,1.8361230320179487e+18,2024-09-17,NEU,not ironic,
22953699,11323,11323,1.8361230318378112e+18,2024-09-17,NEU,not ironic,
22953700,11324,11324,1.8361230304663183e+18,2024-09-17,NEU,ironic,
22953701,11325,11325,1.8361230301095365e+18,2024-09-17,NEG,not ironic,
22953702,11326,11326,1.8361230282639688e+18,2024-09-17,NEG,not ironic,
22953703,11327,11327,1.836123028079424e+18,2024-09-17,NEG,ironic,
22953704,11328,11328,1.8361230279580431e+18,2024-09-17,NEG,not ironic,
22953705,11329,11329,1.8361230271107927e+18,2024-09-17,NEG,ironic,
22953706,11330,11330,1.83612302491714e+18,2024-09-17,NEG,ironic,
22953707,11331,11331,1.836123023587304e+18,2024-09-17,NEU,not ironic,
22953708,11332,11332,1.836123023075897e+18,2024-09-17,NEG,not ironic,
22953709,11333,11333,1.8361230216163123e+18,2024-09-17,NEG,ironic,
22953710,11334,11334,1.8361230205968097e+18,2024-09-17,NEU,ironic,
22953711,11335,11335,1.83612301962786e+18,2024-09-17,NEG,not ironic,
22953712,11336,11336,1.836123019296805e+18,2024-09-17,NEG,not ironic,
22953713,11337,11337,1.8361230179797937e+18,2024-09-17,NEG,not ironic,
22953714,11338,11338,1.8361230171954588e+18,2024-09-17,NEG,ironic,
22953715,11339,11339,1.8361230153706496e+18,2024-09-17,POS,not ironic,
22953716,11340,11340,1.8361230153623188e+18,2024-09-17,NEG,ironic,
22953717,11341,11341,1.8361230127366764e+18,2024-09-17,NEG,not ironic,
22953718,11342,11342,1.8361230126278607e+18,2024-09-17,NEU,not ironic,
22953719,11343,11343,1.8361230124430177e+18,2024-09-17,NEU,not ironic,
22953720,11344,11344,1.8361230122461432e+18,2024-09-17,NEG,not ironic,
22953721,11345,11345,1.836123010018804e+18,2024-09-17,NEG,ironic,
22953722,11346,11346,1.836123009578332e+18,2024-09-17,NEU,not ironic,
22953723,11347,11347,1.8361230088946488e+18,2024-09-17,POS,not ironic,
22953724,11348,11348,1.836123008156492e+18,2024-09-17,POS,not ironic,
22953725,11349,11349,1.836123007799948e+18,2024-09-17,NEG,ironic,
22953726,11350,11350,1.8361230066258903e+18,2024-09-17,NEG,ironic,
22953727,11351,11351,1.836123006139044e+18,2024-09-17,NEG,not ironic,
22953729,11353,11353,1.8361230051536205e+18,2024-09-17,NEG,ironic,
22953730,11354,11354,1.836123004591346e+18,2024-09-17,NEG,ironic,
22953731,11355,11355,1.8361230042850964e+18,2024-09-17,NEU,not ironic,
22953732,11356,11356,1.8361230034253745e+18,2024-09-17,NEU,ironic,
22953733,11357,11357,1.8361230031529288e+18,2024-09-17,NEU,not ironic,
22953734,11358,11358,1.836123002993312e+18,2024-09-17,NEG,ironic,
22953736,11360,11360,1.8361230022217933e+18,2024-09-17,NEG,not ironic,
22953737,11361,11361,1.8361230016720689e+18,2024-09-17,NEG,not ironic,
22953738,11362,11362,1.836123000099537e+18,2024-09-17,NEG,not ironic,
22953739,11363,11363,1.836122999642264e+18,2024-09-17,NEG,not ironic,
22953740,11364,11364,1.8361229996213248e+18,2024-09-17,NEG,not ironic,
22953741,11365,11365,1.8361229994619085e+18,2024-09-17,NEG,ironic,
22953742,11366,11366,1.8361229992187333e+18,2024-09-17,NEG,not ironic,
22953743,11367,11367,1.8361229990173125e+18,2024-09-17,NEG,ironic,
22953744,11368,11368,1.8361229976206413e+18,2024-09-17,NEU,ironic,
22953745,11369,11369,1.8361229970208563e+18,2024-09-17,NEU,not ironic,
22953746,11370,11370,1.8361229962742705e+18,2024-09-17,NEU,ironic,
22953747,11371,11371,1.836122995078894e+18,2024-09-17,NEG,ironic,
22953748,11372,11372,1.836122994382639e+18,2024-09-17,NEG,not ironic,
22953749,11373,11373,1.8361229940723343e+18,2024-09-17,NEG,ironic,
22953750,11374,11374,1.836122993472476e+18,2024-09-17,NEU,not ironic,
22953751,11375,11375,1.836122992431997e+18,2024-09-17,NEU,not ironic,
22953752,11376,11376,1.8361229903980503e+18,2024-09-17,NEG,not ironic,
22953753,11377,11377,1.8361229901209728e+18,2024-09-17,NEG,not ironic,
22953754,11378,11378,1.836122989558928e+18,2024-09-17,NEU,ironic,
22953755,11379,11379,1.8361229892823368e+18,2024-09-17,NEG,not ironic,
22953756,11380,11380,1.8361229892446167e+18,2024-09-17,NEG,ironic,
22953757,11381,11381,1.836122988900684e+18,2024-09-17,POS,ironic,
22953758,11382,11382,1.8361229874243505e+18,2024-09-17,NEU,not ironic,
22953759,11383,11383,1.8361229872313715e+18,2024-09-17,POS,not ironic,
22953760,11384,11384,1.83612298663576e+18,2024-09-17,NEG,not ironic,
22953762,11386,11386,1.836122985993814e+18,2024-09-17,NEU,not ironic,
22953763,11387,11387,1.836122985289372e+18,2024-09-17,NEU,not ironic,
22953764,11388,11388,1.8361229844334592e+18,2024-09-17,NEG,not ironic,
22953765,11389,11389,1.8361229831293588e+18,2024-09-17,NEG,ironic,
22953766,11390,11390,1.836122981262856e+18,2024-09-17,NEG,ironic,
22953767,11391,11391,1.836122979710756e+18,2024-09-17,POS,ironic,
22953768,11392,11392,1.8361229793961697e+18,2024-09-17,NEU,not ironic,
22953769,11393,11393,1.836122979387716e+18,2024-09-17,POS,not ironic,
22953770,11394,11394,1.8361229773621527e+18,2024-09-17,NEU,not ironic,
22953771,11395,11395,1.836122977106375e+18,2024-09-17,NEG,ironic,
22953772,11396,11396,1.8361229760449457e+18,2024-09-17,NEG,not ironic,
22953773,11397,11397,1.8361229742457856e+18,2024-09-17,NEU,not ironic,
22953774,11398,11398,1.836122973943796e+18,2024-09-17,NEG,not ironic,
22953775,11399,11399,1.836122973717304e+18,2024-09-17,POS,not ironic,
22953776,11400,11400,1.8361229721945907e+18,2024-09-17,NEG,not ironic,
22953777,11401,11401,1.8361229716957064e+18,2024-09-17,POS,ironic,
22953778,11402,11402,1.8361229710579305e+18,2024-09-17,NEG,not ironic,
22953779,11403,11403,1.8361229706680443e+18,2024-09-17,NEG,ironic,
22953780,11404,11404,1.8361229700890127e+18,2024-09-17,NEG,not ironic,
22953781,11405,11405,1.836122967660454e+18,2024-09-17,NEG,ironic,
22953782,11406,11406,1.8361229676353536e+18,2024-09-17,NEU,ironic,
22953783,11407,11407,1.8361229671532173e+18,2024-09-17,NEG,not ironic,
22953784,11408,11408,1.8361229671070684e+18,2024-09-17,NEG,ironic,
22953785,11409,11409,1.836122966993556e+18,2024-09-17,NEU,not ironic,
22953786,11410,11410,1.836122966121169e+18,2024-09-17,NEG,not ironic,
22953787,11411,11411,1.8361229657898025e+18,2024-09-17,POS,not ironic,
22953788,11412,11412,1.836122964988744e+18,2024-09-17,NEG,not ironic,
22953789,11413,11413,1.8361229649050708e+18,2024-09-17,NEG,ironic,
22953790,11414,11414,1.83612296470356e+18,2024-09-17,NEG,ironic,
22953791,11415,11415,1.8361229632061967e+18,2024-09-17,NEU,ironic,
22953792,11416,11416,1.8361229629211648e+18,2024-09-17,NEG,not ironic,
22953794,11418,11418,1.83612296135642e+18,2024-09-17,NEU,not ironic,
22953795,11419,11419,1.836122958969873e+18,2024-09-17,NEG,ironic,
22953796,11420,11420,1.836122957690684e+18,2024-09-17,NEG,ironic,
22953797,11421,11421,1.836122957279826e+18,2024-09-17,NEG,ironic,
22953798,11422,11422,1.83612295712018e+18,2024-09-17,NEU,not ironic,
22953799,11423,11423,1.836122956231045e+18,2024-09-17,NEG,not ironic,
22953800,11424,11424,1.836122955526607e+18,2024-09-17,NEU,ironic,
22953801,11425,11425,1.836122953723056e+18,2024-09-17,NEG,not ironic,
22953802,11426,11426,1.8361229535343127e+18,2024-09-17,NEU,not ironic,
22953803,11427,11427,1.8361229535046784e+18,2024-09-17,NEU,not ironic,
22953804,11428,11428,1.8361229533872407e+18,2024-09-17,NEU,not ironic,
22953805,11429,11429,1.8361229533413747e+18,2024-09-17,NEG,not ironic,
22953806,11430,11430,1.8361229533327e+18,2024-09-17,NEU,not ironic,
22953807,11431,11431,1.8361229525358515e+18,2024-09-17,NEU,not ironic,
22953808,11432,11432,1.8361229519695752e+18,2024-09-17,NEG,not ironic,
22953809,11433,11433,1.8361229512106683e+18,2024-09-17,POS,not ironic,
22953811,11435,11435,1.8361229493817467e+18,2024-09-17,NEU,not ironic,
22953812,11436,11436,1.8361229482369065e+18,2024-09-17,NEG,not ironic,
22953813,11437,11437,1.8361229482159352e+18,2024-09-17,NEG,not ironic,
22953814,11438,11438,1.836122948064682e+18,2024-09-17,POS,ironic,
22953815,11439,11439,1.8361229447472456e+18,2024-09-17,POS,not ironic,
22953816,11440,11440,1.836122942901752e+18,2024-09-17,NEG,ironic,
22953817,11441,11441,1.83612293975584e+18,2024-09-17,POS,ironic,
22953818,11442,11442,1.8361229369036104e+18,2024-09-17,NEU,not ironic,
22953819,11443,11443,1.8361229366016248e+18,2024-09-17,NEG,not ironic,
22953820,11444,11444,1.8361229365932485e+18,2024-09-17,POS,ironic,
22953821,11445,11445,1.8361229352552863e+18,2024-09-17,NEG,not ironic,
22953822,11446,11446,1.836122934403834e+18,2024-09-17,NEU,not ironic,
22953823,11447,11447,1.8361229343660936e+18,2024-09-17,POS,not ironic,
22953824,11448,11448,1.83612293412726e+18,2024-09-17,NEU,not ironic,
22953825,11449,11449,1.8361229340643533e+18,2024-09-17,NEG,not ironic,
22953827,11451,11451,1.836122933799908e+18,2024-09-17,NEG,ironic,
22953828,11452,11452,1.836122933304943e+18,2024-09-17,NEU,not ironic,
22953829,11453,11453,1.8361229328393708e+18,2024-09-17,NEU,ironic,
22953830,11454,11454,1.836122932021465e+18,2024-09-17,NEG,ironic,
22953831,11455,11455,1.8361229319294528e+18,2024-09-17,NEG,ironic,
22953832,11456,11456,1.8361229300123607e+18,2024-09-17,NEU,not ironic,
22953833,11457,11457,1.836122929379124e+18,2024-09-17,POS,not ironic,
22953834,11458,11458,1.8361229285363185e+18,2024-09-17,NEU,ironic,
22953835,11459,11459,1.8361229285195448e+18,2024-09-17,NEG,not ironic,
22953836,11460,11460,1.836122928481788e+18,2024-09-17,NEG,ironic,
22953837,11461,11461,1.836122928460764e+18,2024-09-17,NEG,not ironic,
22953838,11462,11462,1.836122924799148e+18,2024-09-17,NEG,ironic,
22953839,11463,11463,1.836122924626883e+18,2024-09-17,NEG,not ironic,
22953840,11464,11464,1.83612292341921e+18,2024-09-17,NEG,ironic,
22953841,11465,11465,1.836122921003008e+18,2024-09-17,POS,not ironic,
22953842,11466,11466,1.8361229196608435e+18,2024-09-17,NEG,not ironic,
22953843,11467,11467,1.836122919329764e+18,2024-09-17,NEG,not ironic,
22953844,11468,11468,1.8361229185538545e+18,2024-09-17,NEG,not ironic,
22953845,11469,11469,1.83612291522746e+18,2024-09-17,NEG,not ironic,
22953846,11470,11470,1.8361229131431608e+18,2024-09-17,NEU,not ironic,
22953847,11471,11471,1.8361229127279288e+18,2024-09-17,NEG,ironic,
22953848,11472,11472,1.8361229118090767e+18,2024-09-17,NEG,not ironic,
22953849,11473,11473,1.8361229115742536e+18,2024-09-17,POS,not ironic,
22953850,11474,11474,1.836122910131409e+18,2024-09-17,NEG,not ironic,
22953851,11475,11475,1.8361229090369416e+18,2024-09-17,NEG,ironic,
22953852,11476,11476,1.836122907002704e+18,2024-09-17,NEU,not ironic,
22953853,11477,11477,1.836122906621088e+18,2024-09-17,NEU,not ironic,
22953854,11478,11478,1.8361229060589847e+18,2024-09-17,NEU,ironic,
22953855,11479,11479,1.836122906008654e+18,2024-09-17,NEG,ironic,
22953856,11480,11480,1.8361229053877084e+18,2024-09-17,NEU,not ironic,
22953857,11481,11481,1.836122904724952e+18,2024-09-17,NEG,not ironic,
22953858,11482,11482,1.83612290300552e+18,2024-09-17,NEG,not ironic,
22953859,11483,11483,1.83612290291302e+18,2024-09-17,NEG,ironic,
22953860,11484,11484,1.836122902451884e+18,2024-09-17,NEG,not ironic,
22953861,11485,11485,1.8361229023386376e+18,2024-09-17,NEU,ironic,
22953862,11486,11486,1.836122902296712e+18,2024-09-17,NEU,ironic,
22953863,11487,11487,1.8361229008161047e+18,2024-09-17,NEG,ironic,
22953864,11488,11488,1.8361229007910093e+18,2024-09-17,NEG,ironic,
22953865,11489,11489,1.8361229004384256e+18,2024-09-17,NEU,not ironic,
22953866,11490,11490,1.8361229004006523e+18,2024-09-17,NEU,not ironic,
22953867,11491,11491,1.836122899905696e+18,2024-09-17,NEU,ironic,
22953868,11492,11492,1.836122897678525e+18,2024-09-17,NEG,not ironic,
22953869,11493,11493,1.836122897330631e+18,2024-09-17,NEU,ironic,
22953870,11494,11494,1.8361228966299807e+18,2024-09-17,NEU,ironic,
22953871,11495,11495,1.8361228956778447e+18,2024-09-17,POS,ironic,
22953872,11496,11496,1.8361228945957563e+18,2024-09-17,NEG,ironic,
22953873,11497,11497,1.836122892817568e+18,2024-09-17,NEU,not ironic,
22953874,11498,11498,1.836122892750176e+18,2024-09-17,NEG,not ironic,
22953875,11499,11499,1.8361228908211284e+18,2024-09-17,NEG,ironic,
22953876,11500,11500,1.8361228897177887e+18,2024-09-17,NEG,not ironic,
22953877,11501,11501,1.836122886890779e+18,2024-09-17,NEU,ironic,
22953878,11502,11502,1.836122886333256e+18,2024-09-17,NEU,not ironic,
22953879,11503,11503,1.836122885452452e+18,2024-09-17,NEG,ironic,
22953880,11504,11504,1.8361228841225628e+18,2024-09-17,POS,ironic,
22953881,11505,11505,1.8361228836362368e+18,2024-09-17,NEG,ironic,
22953882,11506,11506,1.8361228827383887e+18,2024-09-17,NEG,ironic,
22953883,11507,11507,1.8361228819834675e+18,2024-09-17,NEG,not ironic,
22953884,11508,11508,1.836122880628716e+18,2024-09-17,NEG,ironic,
22953885,11509,11509,1.8361228803225275e+18,2024-09-17,POS,not ironic,
22953886,11510,11510,1.8361228793452465e+18,2024-09-17,NEG,ironic,
22953887,11511,11511,1.836122879139971e+18,2024-09-17,NEU,ironic,
22953888,11512,11512,1.836122878930212e+18,2024-09-17,NEU,ironic,
22953889,11513,11513,1.8361228783469937e+18,2024-09-17,NEU,not ironic,
22953890,11514,11514,1.8361228760026035e+18,2024-09-17,NEG,not ironic,
22953891,11515,11515,1.8361228751385764e+18,2024-09-17,POS,not ironic,
22953892,11516,11516,1.836122874005893e+18,2024-09-17,POS,ironic,
22953893,11517,11517,1.8361228739684068e+18,2024-09-17,NEG,not ironic,
22953894,11518,11518,1.836122872382936e+18,2024-09-17,NEG,not ironic,
22953895,11519,11519,1.8361228721770988e+18,2024-09-17,NEG,ironic,
22953896,11520,11520,1.83612287065906e+18,2024-09-17,NEG,not ironic,
22953897,11521,11521,1.8361228703780247e+18,2024-09-17,NEU,not ironic,
22953898,11522,11522,1.836122869664728e+18,2024-09-17,NEG,not ironic,
22953899,11523,11523,1.836122869643825e+18,2024-09-17,NEU,not ironic,
22953900,11524,11524,1.8361228683857472e+18,2024-09-17,POS,not ironic,
22953901,11525,11525,1.8361228681464177e+18,2024-09-17,NEU,not ironic,
22953902,11526,11526,1.8361228648370752e+18,2024-09-17,NEU,not ironic,
22953903,11527,11527,1.8361228644431345e+18,2024-09-17,NEG,ironic,
22953904,11528,11528,1.8361228637843287e+18,2024-09-17,NEG,ironic,
22953905,11529,11529,1.8361228623708529e+18,2024-09-17,NEU,not ironic,
22953906,11530,11530,1.836122860420559e+18,2024-09-17,NEG,ironic,
22953907,11531,11531,1.8361228582185577e+18,2024-09-17,NEG,not ironic,
22953908,11532,11532,1.836122857912284e+18,2024-09-17,NEU,not ironic,
22953909,11533,11533,1.836122856952144e+18,2024-09-17,NEG,ironic,
22953910,11534,11534,1.8361228566037345e+18,2024-09-17,NEU,not ironic,
22953911,11535,11535,1.8361228552909327e+18,2024-09-17,NEU,ironic,
22953912,11536,11536,1.8361228548631104e+18,2024-09-17,NEG,ironic,
22953913,11537,11537,1.8361228547917253e+18,2024-09-17,NEU,ironic,
22953914,11538,11538,1.8361228545194191e+18,2024-09-17,NEU,not ironic,
22953915,11539,11539,1.8361228541880284e+18,2024-09-17,POS,not ironic,
22953916,11540,11540,1.836122853911204e+18,2024-09-17,NEG,ironic,
22953917,11541,11541,1.8361228506100083e+18,2024-09-17,NEU,not ironic,
22953918,11542,11542,1.836122849469436e+18,2024-09-17,NEG,not ironic,
22953919,11543,11543,1.8361228494526584e+18,2024-09-17,POS,not ironic,
22953920,11544,11544,1.8361228492890808e+18,2024-09-17,NEU,not ironic,
22953921,11545,11545,1.8361228481940687e+18,2024-09-17,NEG,ironic,
22953922,11546,11546,1.8361228476110769e+18,2024-09-17,NEG,not ironic,
22953923,11547,11547,1.8361228473049047e+18,2024-09-17,NEU,ironic,
22953924,11548,11548,1.836122847049319e+18,2024-09-17,NEU,not ironic,
22953925,11549,11549,1.836122846340207e+18,2024-09-17,NEG,ironic,
22953926,11550,11550,1.836122845669188e+18,2024-09-17,POS,not ironic,
22953927,11551,11551,1.8361228450486968e+18,2024-09-17,NEG,ironic,
22953928,11552,11552,1.8361228446963177e+18,2024-09-17,NEG,ironic,
22953929,11553,11553,1.8361228437942769e+18,2024-09-17,POS,not ironic,
22953930,11554,11554,1.8361228433038088e+18,2024-09-17,NEU,not ironic,
22953932,11556,11556,1.8361228428422392e+18,2024-09-17,POS,ironic,
22953933,11557,11557,1.8361228423095795e+18,2024-09-17,POS,ironic,
22953934,11558,11558,1.8361228419027028e+18,2024-09-17,NEG,ironic,
22953935,11559,11559,1.8361228414119887e+18,2024-09-17,NEG,not ironic,
22953936,11560,11560,1.8361228403046031e+18,2024-09-17,NEU,not ironic,
22953937,11561,11561,1.8361228401493937e+18,2024-09-17,NEG,not ironic,
22953938,11562,11562,1.8361228391638508e+18,2024-09-17,NEU,ironic,
22953939,11563,11563,1.836122838127776e+18,2024-09-17,NEG,not ironic,
22953940,11564,11564,1.8361228378763428e+18,2024-09-17,NEG,ironic,
22953941,11565,11565,1.8361228355275776e+18,2024-09-17,NEU,not ironic,
22953942,11566,11566,1.8361228351540104e+18,2024-09-17,NEU,not ironic,
22953943,11567,11567,1.8361228339211515e+18,2024-09-17,NEG,not ironic,
22953944,11568,11568,1.8361228333966584e+18,2024-09-17,NEG,not ironic,
22953945,11569,11569,1.836122833333756e+18,2024-09-17,NEG,ironic,
22953946,11570,11570,1.836122832763523e+18,2024-09-17,POS,ironic,
22953947,11571,11571,1.8361228315385976e+18,2024-09-17,NEG,not ironic,
22953948,11572,11572,1.836122831287128e+18,2024-09-17,NEG,ironic,
22953949,11573,11573,1.8361228310061105e+18,2024-09-17,POS,ironic,
22953950,11574,11574,1.8361228301628744e+18,2024-09-17,NEU,not ironic,
22953951,11575,11575,1.836122829135172e+18,2024-09-17,POS,ironic,
22953952,11576,11576,1.836122829017744e+18,2024-09-17,POS,not ironic,
22953953,11577,11577,1.8361228281456115e+18,2024-09-17,NEG,not ironic,
22953954,11578,11578,1.8361228259226504e+18,2024-09-17,NEU,ironic,
22953955,11579,11579,1.8361228258009784e+18,2024-09-17,NEU,not ironic,
22953957,11581,11581,1.8361228245426875e+18,2024-09-17,POS,ironic,
22953958,11582,11582,1.836122824484049e+18,2024-09-17,NEG,not ironic,
22953959,11583,11583,1.836122824215512e+18,2024-09-17,NEG,not ironic,
22953960,11584,11584,1.8361228235276987e+18,2024-09-17,NEG,ironic,
22953961,11585,11585,1.8361228226843768e+18,2024-09-17,NEG,not ironic,
22953962,11586,11586,1.8361228210068887e+18,2024-09-17,NEG,not ironic,
22953963,11587,11587,1.8361228199202985e+18,2024-09-17,NEU,not ironic,
22953964,11588,11588,1.836122819643478e+18,2024-09-17,NEU,ironic,
22953965,11589,11589,1.8361228194757304e+18,2024-09-17,NEG,not ironic,
22953966,11590,11590,1.8361228177980296e+18,2024-09-17,POS,ironic,
22953967,11591,11591,1.8361228170306888e+18,2024-09-17,NEG,not ironic,
22953968,11592,11592,1.8361228170223084e+18,2024-09-17,NEU,ironic,
22953969,11593,11593,1.8361228169551588e+18,2024-09-17,NEU,not ironic,
22953970,11594,11594,1.8361228164684145e+18,2024-09-17,NEG,not ironic,
22953971,11595,11595,1.8361228160783488e+18,2024-09-17,POS,not ironic,
22953972,11596,11596,1.8361228137002028e+18,2024-09-17,NEG,not ironic,
22953973,11597,11597,1.8361228130922373e+18,2024-09-17,NEU,not ironic,
22953974,11598,11598,1.836122812861608e+18,2024-09-17,NEG,ironic,
22953975,11599,11599,1.836122810814808e+18,2024-09-17,NEG,not ironic,
22953976,11600,11600,1.836122810647032e+18,2024-09-17,NEU,not ironic,
22953977,11601,11601,1.836122808021324e+18,2024-09-17,NEG,not ironic,
22953978,11602,11602,1.8361228076439145e+18,2024-09-17,NEU,not ironic,
22953979,11603,11603,1.836122804418216e+18,2024-09-17,NEG,ironic,
22953980,11604,11604,1.83612280400708e+18,2024-09-17,NEU,not ironic,
22953981,11605,11605,1.8361228039025167e+18,2024-09-17,NEU,not ironic,
22953982,11606,11606,1.8361228019476808e+18,2024-09-17,NEG,ironic,
22953983,11607,11607,1.836122801704424e+18,2024-09-17,NEG,ironic,
22953984,11608,11608,1.836122800794604e+18,2024-09-17,NEG,not ironic,
22953985,11609,11609,1.8361228006307023e+18,2024-09-17,NEG,not ironic,
22953986,11610,11610,1.8361228002996104e+18,2024-09-17,NEG,not ironic,
22953987,11611,11611,1.836122799775355e+18,2024-09-17,NEG,not ironic,
22953988,11612,11612,1.8361227996746345e+18,2024-09-17,NEG,ironic,
22953989,11613,11613,1.836122798361572e+18,2024-09-17,NEU,not ironic,
22953990,11614,11614,1.8361227959627e+18,2024-09-17,NEG,not ironic,
22953991,11615,11615,1.836122795157393e+18,2024-09-17,NEU,not ironic,
22953992,11616,11616,1.8361227941675377e+18,2024-09-17,POS,not ironic,
22953993,11617,11617,1.836122793701684e+18,2024-09-17,NEG,not ironic,
22953994,11618,11618,1.836122792674181e+18,2024-09-17,NEG,ironic,
22953995,11619,11619,1.8361227926028288e+18,2024-09-17,NEU,not ironic,
22953996,11620,11620,1.8361227912651164e+18,2024-09-17,NEG,not ironic,
22953997,11621,11621,1.8361227897844905e+18,2024-09-17,POS,ironic,
22953998,11622,11622,1.836122789344133e+18,2024-09-17,NEG,not ironic,
22953999,11623,11623,1.8361227890461125e+18,2024-09-17,NEU,not ironic,
22954000,11624,11624,1.8361227870202143e+18,2024-09-17,NEG,not ironic,
22954001,11625,11625,1.8361227869866724e+18,2024-09-17,NEU,not ironic,
22954002,11626,11626,1.8361227859422825e+18,2024-09-17,NEU,not ironic,
22954003,11627,11627,1.836122785434776e+18,2024-09-17,NEU,not ironic,
22954004,11628,11628,1.8361227843610376e+18,2024-09-17,NEU,not ironic,
22954005,11629,11629,1.8361227837111373e+18,2024-09-17,NEU,ironic,
22954006,11630,11630,1.8361227834886228e+18,2024-09-17,NEG,not ironic,
22954007,11631,11631,1.8361227830943373e+18,2024-09-17,NEG,not ironic,
22954008,11632,11632,1.836122781915976e+18,2024-09-17,NEG,ironic,
22954009,11633,11633,1.836122781119124e+18,2024-09-17,NEG,not ironic,
22954010,11634,11634,1.83612278102229e+18,2024-09-17,NEG,not ironic,
22954011,11635,11635,1.8361227804099336e+18,2024-09-17,NEG,not ironic,
22954012,11636,11636,1.8361227758720084e+18,2024-09-17,NEG,ironic,
22954013,11637,11637,1.8361227758384287e+18,2024-09-17,POS,ironic,
22954014,11638,11638,1.8361227754564936e+18,2024-09-17,NEG,ironic,
22954015,11639,11639,1.83612277309116e+18,2024-09-17,NEG,not ironic,
22954016,11640,11640,1.8361227729904968e+18,2024-09-17,NEG,not ironic,
22954017,11641,11641,1.8361227728520727e+18,2024-09-17,NEG,ironic,
22954018,11642,11642,1.8361227697147085e+18,2024-09-17,NEG,not ironic,
22954019,11643,11643,1.8361227692992435e+18,2024-09-17,NEG,not ironic,
22954020,11644,11644,1.836122768066388e+18,2024-09-17,NEG,not ironic,
22954021,11645,11645,1.83612276778956e+18,2024-09-17,NEG,ironic,
22954022,11646,11646,1.836122767478915e+18,2024-09-17,NEG,ironic,
22954023,11647,11647,1.836122766665544e+18,2024-09-17,NEU,ironic,
22954024,11648,11648,1.8361227666570977e+18,2024-09-17,NEG,not ironic,
22954026,11650,11650,1.8361227661410017e+18,2024-09-17,NEU,not ironic,
22954027,11651,11651,1.8361227660615068e+18,2024-09-17,NEG,ironic,
22954028,11652,11652,1.8361227626848625e+18,2024-09-17,NEU,not ironic,
22954029,11653,11653,1.8361227611790505e+18,2024-09-17,POS,not ironic,
22954030,11654,11654,1.8361227610618844e+18,2024-09-17,NEG,not ironic,
22954031,11655,11655,1.8361227591996623e+18,2024-09-17,NEU,ironic,
22954032,11656,11656,1.8361227591741809e+18,2024-09-17,NEU,not ironic,
22954033,11657,11657,1.8361227584195008e+18,2024-09-17,NEU,not ironic,
22954034,11658,11658,1.836122756632453e+18,2024-09-17,NEU,ironic,
22954035,11659,11659,1.8361227559361784e+18,2024-09-17,NEG,not ironic,
22954036,11660,11660,1.8361227556258447e+18,2024-09-17,NEU,not ironic,
22954037,11661,11661,1.8361227553489551e+18,2024-09-17,POS,ironic,
22954038,11662,11662,1.836122754929824e+18,2024-09-17,NEG,not ironic,
22954039,11663,11663,1.8361227538348524e+18,2024-09-17,NEG,not ironic,
22954040,11664,11664,1.8361227524632783e+18,2024-09-17,NEU,not ironic,
22954041,11665,11665,1.8361227503997668e+18,2024-09-17,NEG,not ironic,
22954042,11666,11666,1.83612274998474e+18,2024-09-17,NEU,not ironic,
22954043,11667,11667,1.8361227473465388e+18,2024-09-17,NEG,ironic,
22954044,11668,11668,1.836122747166168e+18,2024-09-17,NEG,ironic,
22954045,11669,11669,1.8361227471619604e+18,2024-09-17,NEU,not ironic,
22954046,11670,11670,1.8361227469606464e+18,2024-09-17,NEG,not ironic,
22954047,11671,11671,1.8361227469184328e+18,2024-09-17,NEU,not ironic,
22954048,11672,11672,1.8361227466710144e+18,2024-09-17,NEG,not ironic,
22954049,11673,11673,1.8361227462392264e+18,2024-09-17,NEG,not ironic,
22954050,11674,11674,1.8361227456727409e+18,2024-09-17,NEU,ironic,
22954051,11675,11675,1.8361227452116216e+18,2024-09-17,NEU,not ironic,
22954052,11676,11676,1.836122742049108e+18,2024-09-17,NEU,not ironic,
22954053,11677,11677,1.8361227418604173e+18,2024-09-17,NEG,ironic,
22954054,11678,11678,1.836122740023268e+18,2024-09-17,NEU,ironic,
22954055,11679,11679,1.8361227388737457e+18,2024-09-17,NEG,not ironic,
22954056,11680,11680,1.836122737959416e+18,2024-09-17,NEU,ironic,
22954057,11681,11681,1.8361227378212367e+18,2024-09-17,POS,not ironic,
22954058,11682,11682,1.8361227361601088e+18,2024-09-17,NEG,not ironic,
22954059,11683,11683,1.8361227352205809e+18,2024-09-17,NEU,not ironic,
22954060,11684,11684,1.8361227351327788e+18,2024-09-17,NEG,not ironic,
22954061,11685,11685,1.8361227332282488e+18,2024-09-17,POS,ironic,
22954062,11686,11686,1.8361227329684485e+18,2024-09-17,NEU,not ironic,
22954063,11687,11687,1.8361227324609377e+18,2024-09-17,POS,not ironic,
22954064,11688,11688,1.8361227314708933e+18,2024-09-17,NEU,not ironic,
22954065,11689,11689,1.836122731286308e+18,2024-09-17,NEG,not ironic,
22954066,11690,11690,1.8361227304350884e+18,2024-09-17,NEG,not ironic,
22954067,11691,11691,1.8361227293739167e+18,2024-09-17,NEU,not ironic,
22954068,11692,11692,1.8361227288580303e+18,2024-09-17,NEG,not ironic,
22954069,11693,11693,1.8361227287025544e+18,2024-09-17,NEG,not ironic,
22954070,11694,11694,1.8361227286187584e+18,2024-09-17,NEG,not ironic,
22954071,11695,11695,1.836122727226257e+18,2024-09-17,NEG,ironic,
22954072,11696,11696,1.836122726936793e+18,2024-09-17,NEG,not ironic,
22954073,11697,11697,1.836122726798328e+18,2024-09-17,NEG,not ironic,
22954074,11698,11698,1.836122724713853e+18,2024-09-17,POS,not ironic,
22954075,11699,11699,1.8361227240891067e+18,2024-09-17,POS,not ironic,
22954076,11700,11700,1.8361227239171405e+18,2024-09-17,NEU,not ironic,
22954077,11701,11701,1.836122722964792e+18,2024-09-17,NEG,not ironic,
22954078,11702,11702,1.8361227219203727e+18,2024-09-17,NEG,not ironic,
22954079,11703,11703,1.83612272096016e+18,2024-09-17,NEG,not ironic,
22954080,11704,11704,1.8361227206162227e+18,2024-09-17,NEG,not ironic,
22954081,11705,11705,1.836122719898698e+18,2024-09-17,NEG,not ironic,
22954082,11706,11706,1.8361227193621345e+18,2024-09-17,NEG,not ironic,
22954083,11707,11707,1.836122717814141e+18,2024-09-17,NEG,not ironic,
22954084,11708,11708,1.836122717789262e+18,2024-09-17,NEG,ironic,
22954086,11710,11710,1.8361227157547464e+18,2024-09-17,NEG,not ironic,
22954087,11711,11711,1.8361227156163177e+18,2024-09-17,NEG,ironic,
22954089,11713,11713,1.836122714450596e+18,2024-09-17,NEG,not ironic,
22954090,11714,11714,1.8361227144251315e+18,2024-09-17,NEU,not ironic,
22954091,11715,11715,1.8361227140183288e+18,2024-09-17,NEG,not ironic,
22954092,11716,11716,1.8361227131836623e+18,2024-09-17,NEG,not ironic,
22954093,11717,11717,1.836122711602479e+18,2024-09-17,NEG,ironic,
22954094,11718,11718,1.836122711212593e+18,2024-09-17,NEG,not ironic,
22954095,11719,11719,1.8361227104408417e+18,2024-09-17,NEG,ironic,
22954096,11720,11720,1.8361227079240783e+18,2024-09-17,NEG,ironic,
22954097,11721,11721,1.8361227062210724e+18,2024-09-17,NEU,not ironic,
22954098,11722,11722,1.8361227050131128e+18,2024-09-17,NEG,not ironic,
22954099,11723,11723,1.8361227038726108e+18,2024-09-17,NEU,ironic,
22954100,11724,11724,1.83612270336476e+18,2024-09-17,NEG,not ironic,
22954102,11726,11726,1.8361227010120463e+18,2024-09-17,NEU,not ironic,
22954103,11727,11727,1.836122700869169e+18,2024-09-17,NEG,not ironic,
22954104,11728,11728,1.8361226990111465e+18,2024-09-17,NEG,ironic,
22954105,11729,11729,1.836122698491269e+18,2024-09-17,NEG,not ironic,
22954106,11730,11730,1.8361226979038784e+18,2024-09-17,NEG,ironic,
22954107,11731,11731,1.8361226933448376e+18,2024-09-17,POS,not ironic,
22954108,11732,11732,1.8361226923464087e+18,2024-09-17,NEU,not ironic,
22954109,11733,11733,1.8361226912477064e+18,2024-09-17,NEG,ironic,
22954110,11734,11734,1.836122690626728e+18,2024-09-17,NEU,not ironic,
22954111,11735,11735,1.83612269038368e+18,2024-09-17,POS,not ironic,
22954112,11736,11736,1.836122689498756e+18,2024-09-17,NEG,ironic,
22954113,11737,11737,1.8361226887350728e+18,2024-09-17,NEU,not ironic,
22954114,11738,11738,1.836122688617689e+18,2024-09-17,NEU,not ironic,
22954115,11739,11739,1.836122686050964e+18,2024-09-17,NEU,ironic,
22954116,11740,11740,1.836122684414936e+18,2024-09-17,NEU,ironic,
22954117,11741,11741,1.8361226838067896e+18,2024-09-17,NEG,not ironic,
22954118,11742,11742,1.836122681688908e+18,2024-09-17,NEU,not ironic,
22954119,11743,11743,1.8361226813111373e+18,2024-09-17,NEG,not ironic,
22954120,11744,11744,1.836122680254436e+18,2024-09-17,NEG,ironic,
22954121,11745,11745,1.8361226792352847e+18,2024-09-17,POS,not ironic,
22954122,11746,11746,1.8361226789458125e+18,2024-09-17,NEU,ironic,
22954123,11747,11747,1.8361226783877204e+18,2024-09-17,POS,not ironic,
22954124,11748,11748,1.8361226753638769e+18,2024-09-17,NEG,not ironic,
22954125,11749,11749,1.8361226752504056e+18,2024-09-17,NEG,ironic,
22954126,11750,11750,1.8361226733923328e+18,2024-09-17,NEU,not ironic,
22954127,11751,11751,1.836122673220588e+18,2024-09-17,NEG,not ironic,
22954128,11752,11752,1.8361226731112607e+18,2024-09-17,NEU,not ironic,
22954129,11753,11753,1.836122670271992e+18,2024-09-17,NEG,not ironic,
22954130,11754,11754,1.8361226701878769e+18,2024-09-17,POS,not ironic,
22954131,11755,11755,1.8361226697264376e+18,2024-09-17,NEU,not ironic,
22954132,11756,11756,1.8361226692192333e+18,2024-09-17,NEG,not ironic,
22954133,11757,11757,1.8361226687284884e+18,2024-09-17,NEU,ironic,
22954134,11758,11758,1.8361226675328653e+18,2024-09-17,NEU,ironic,
22954135,11759,11759,1.836122667327591e+18,2024-09-17,NEU,not ironic,
22954136,11760,11760,1.8361226670381588e+18,2024-09-17,NEU,not ironic,
22954137,11761,11761,1.836122666505508e+18,2024-09-17,NEU,ironic,
22954138,11762,11762,1.8361226661235343e+18,2024-09-17,NEG,ironic,
22954139,11763,11763,1.8361226653434184e+18,2024-09-17,NEU,not ironic,
22954140,11764,11764,1.8361226637624325e+18,2024-09-17,NEG,ironic,
22954141,11765,11765,1.836122663275709e+18,2024-09-17,NEG,ironic,
22954142,11766,11766,1.8361226616443087e+18,2024-09-17,NEU,not ironic,
22954143,11767,11767,1.836122661430141e+18,2024-09-17,NEG,ironic,
22954144,11768,11768,1.8361226606164337e+18,2024-09-17,NEG,ironic,
22954145,11769,11769,1.836122660612497e+18,2024-09-17,NEU,ironic,
22954146,11770,11770,1.8361226580160143e+18,2024-09-17,NEU,not ironic,
22954147,11771,11771,1.836122656426308e+18,2024-09-17,NEU,not ironic,
22954148,11772,11772,1.836122655248003e+18,2024-09-17,POS,ironic,
22954149,11773,11773,1.836122655034085e+18,2024-09-17,NEG,ironic,
22954150,11774,11774,1.8361226534528407e+18,2024-09-17,NEG,ironic,
22954151,11775,11775,1.8361226530250007e+18,2024-09-17,NEG,not ironic,
22954152,11776,11776,1.8361226511835013e+18,2024-09-17,NEG,not ironic,
22954153,11777,11777,1.836122650155824e+18,2024-09-17,NEG,not ironic,
22954154,11778,11778,1.8361226495102484e+18,2024-09-17,NEG,not ironic,
22954155,11779,11779,1.8361226477234127e+18,2024-09-17,NEU,not ironic,
22954156,11780,11780,1.8361226464145203e+18,2024-09-17,NEG,not ironic,
22954157,11781,11781,1.83612264639382e+18,2024-09-17,NEG,not ironic,
22954158,11782,11782,1.8361226461041623e+18,2024-09-17,NEU,ironic,
22954159,11783,11783,1.836122645890208e+18,2024-09-17,NEG,ironic,
22954160,11784,11784,1.836122644573492e+18,2024-09-17,NEU,not ironic,
22954161,11785,11785,1.8361226439527345e+18,2024-09-17,NEG,not ironic,
22954162,11786,11786,1.836122643365348e+18,2024-09-17,POS,ironic,
22954163,11787,11787,1.8361226427193265e+18,2024-09-17,POS,ironic,
22954164,11788,11788,1.8361226424550848e+18,2024-09-17,NEU,ironic,
22954165,11789,11789,1.8361226417924344e+18,2024-09-17,NEG,not ironic,
22954166,11790,11790,1.836122641632985e+18,2024-09-17,NEG,not ironic,
22954167,11791,11791,1.836122638919348e+18,2024-09-17,NEG,ironic,
22954168,11792,11792,1.8361226385295e+18,2024-09-17,NEG,not ironic,
22954169,11793,11793,1.836122638088868e+18,2024-09-17,NEG,not ironic,
22954170,11794,11794,1.8361226378623552e+18,2024-09-17,POS,not ironic,
22954171,11795,11795,1.8361226364152755e+18,2024-09-17,NEU,not ironic,
22954172,11796,11796,1.8361226361385247e+18,2024-09-17,NEG,ironic,
22954173,11797,11797,1.836122633181512e+18,2024-09-17,POS,ironic,
22954174,11798,11798,1.836122632422396e+18,2024-09-17,NEG,ironic,
22954175,11799,11799,1.8361226322381005e+18,2024-09-17,NEU,not ironic,
22954176,11800,11800,1.8361226314243484e+18,2024-09-17,NEU,not ironic,
22954177,11801,11801,1.836122630446888e+18,2024-09-17,NEG,not ironic,
22954178,11802,11802,1.8361226301113388e+18,2024-09-17,NEU,not ironic,
22954179,11803,11803,1.836122628928472e+18,2024-09-17,NEG,ironic,
22954181,11805,11805,1.8361226253003776e+18,2024-09-17,NEU,not ironic,
22954182,11806,11806,1.836122624759624e+18,2024-09-17,POS,not ironic,
22954183,11807,11807,1.8361226224944287e+18,2024-09-17,NEU,not ironic,
22954184,11808,11808,1.836122622024987e+18,2024-09-17,POS,not ironic,
22954185,11809,11809,1.8361226220036595e+18,2024-09-17,NEU,not ironic,
22954186,11810,11810,1.836122621185872e+18,2024-09-17,NEG,ironic,
22954187,11811,11811,1.8361226196045704e+18,2024-09-17,NEG,not ironic,
22954188,11812,11812,1.8361226188288527e+18,2024-09-17,NEU,ironic,
22954189,11813,11813,1.8361226183674511e+18,2024-09-17,POS,ironic,
22954190,11814,11814,1.8361226182626227e+18,2024-09-17,POS,ironic,
22954191,11815,11815,1.8361226173899863e+18,2024-09-17,NEG,ironic,
22954192,11816,11816,1.836122617335452e+18,2024-09-17,NEU,not ironic,
22954193,11817,11817,1.8361226172559887e+18,2024-09-17,NEU,not ironic,
22954194,11818,11818,1.8361226162661327e+18,2024-09-17,NEU,ironic,
22954195,11819,11819,1.836122615104111e+18,2024-09-17,NEG,not ironic,
22954196,11820,11820,1.836122615037276e+18,2024-09-17,NEG,not ironic,
22954197,11821,11821,1.8361226149700936e+18,2024-09-17,NEG,ironic,
22954199,11823,11823,1.836122613569008e+18,2024-09-17,NEG,not ironic,
22954200,11824,11824,1.8361226133888207e+18,2024-09-17,NEU,not ironic,
22954201,11825,11825,1.8361226132168625e+18,2024-09-17,NEU,ironic,
22954203,11827,11827,1.836122611677565e+18,2024-09-17,NEG,not ironic,
22954204,11828,11828,1.8361226110146808e+18,2024-09-17,NEU,not ironic,
22954205,11829,11829,1.8361226100837297e+18,2024-09-17,NEG,not ironic,
22954206,11830,11830,1.8361226100459807e+18,2024-09-17,NEG,ironic,
22954207,11831,11831,1.836122607416148e+18,2024-09-17,NEU,not ironic,
22954208,11832,11832,1.836122604698244e+18,2024-09-17,NEG,ironic,
22954209,11833,11833,1.8361226044423905e+18,2024-09-17,NEU,not ironic,
22954210,11834,11834,1.8361226042156603e+18,2024-09-17,NEG,not ironic,
22954211,11835,11835,1.8361226041443249e+18,2024-09-17,POS,not ironic,
22954212,11836,11836,1.8361226040855885e+18,2024-09-17,NEU,not ironic,
22954213,11837,11837,1.8361226038717e+18,2024-09-17,NEG,ironic,
22954214,11838,11838,1.8361226034270784e+18,2024-09-17,NEU,ironic,
22954215,11839,11839,1.836122603372548e+18,2024-09-17,NEU,not ironic,
22954216,11840,11840,1.8361226028485555e+18,2024-09-17,NEU,ironic,
22954217,11841,11841,1.8361226028024177e+18,2024-09-17,POS,ironic,
22954218,11842,11842,1.836122602664006e+18,2024-09-17,NEU,not ironic,
22954219,11843,11843,1.8361226010532083e+18,2024-09-17,NEU,ironic,
22954220,11844,11844,1.836122600382353e+18,2024-09-17,POS,not ironic,
22954221,11845,11845,1.8361226001723064e+18,2024-09-17,NEU,ironic,
22954222,11846,11846,1.8361225992454188e+18,2024-09-17,NEU,ironic,
22954223,11847,11847,1.836122598373012e+18,2024-09-17,NEG,not ironic,
22954224,11848,11848,1.8361225977731727e+18,2024-09-17,NEG,not ironic,
22954225,11849,11849,1.836122596938486e+18,2024-09-17,NEU,not ironic,
22954226,11850,11850,1.8361225950890929e+18,2024-09-17,NEU,not ironic,
22954227,11851,11851,1.836122594786804e+18,2024-09-17,NEU,ironic,
22954228,11852,11852,1.836122594484884e+18,2024-09-17,NEG,ironic,
22954229,11853,11853,1.8361225944639e+18,2024-09-17,NEU,ironic,
22954230,11854,11854,1.836122592631284e+18,2024-09-17,NEU,ironic,
22954231,11855,11855,1.8361225913394217e+18,2024-09-17,NEG,not ironic,
22954232,11856,11856,1.8361225904209065e+18,2024-09-17,NEG,ironic,
22954233,11857,11857,1.8361225873168013e+18,2024-09-17,NEU,not ironic,
22954234,11858,11858,1.8361225870444173e+18,2024-09-17,NEG,ironic,
22954235,11859,11859,1.8361225868931927e+18,2024-09-17,NEG,not ironic,
22954236,11860,11860,1.8361225854922383e+18,2024-09-17,NEG,ironic,
22954237,11861,11861,1.836122584485684e+18,2024-09-17,NEU,not ironic,
22954238,11862,11862,1.836122584204612e+18,2024-09-17,NEG,not ironic,
22954239,11863,11863,1.8361225796748247e+18,2024-09-17,NEG,ironic,
22954240,11864,11864,1.836122577565061e+18,2024-09-17,NEG,ironic,
22954241,11865,11865,1.8361225772211607e+18,2024-09-17,NEU,ironic,
22954242,11866,11866,1.8361225757492147e+18,2024-09-17,NEG,not ironic,
22954243,11867,11867,1.836122575073628e+18,2024-09-17,POS,not ironic,
22954244,11868,11868,1.836122572166968e+18,2024-09-17,NEG,not ironic,
22954245,11869,11869,1.836122570384613e+18,2024-09-17,NEU,not ironic,
22954246,11870,11870,1.836122570137178e+18,2024-09-17,NEG,not ironic,
22954247,11871,11871,1.8361225699062287e+18,2024-09-17,NEG,not ironic,
22954248,11872,11872,1.8361225696507208e+18,2024-09-17,NEG,not ironic,
22954249,11873,11873,1.836122569549976e+18,2024-09-17,NEU,not ironic,
22954250,11874,11874,1.836122569206043e+18,2024-09-17,NEG,not ironic,
22954251,11875,11875,1.8361225688660744e+18,2024-09-17,NEU,not ironic,
22954252,11876,11876,1.836122568753058e+18,2024-09-17,NEG,not ironic,
22954253,11877,11877,1.8361225687024763e+18,2024-09-17,NEG,not ironic,
22954254,11878,11878,1.8361225685934607e+18,2024-09-17,NEG,ironic,
22954255,11879,11879,1.8361225685056264e+18,2024-09-17,NEU,not ironic,
22954256,11880,11880,1.8361225681362248e+18,2024-09-17,NEG,ironic,
22954257,11881,11881,1.8361225680442537e+18,2024-09-17,NEU,not ironic,
22954258,11882,11882,1.8361225667230152e+18,2024-09-17,NEG,not ironic,
22954259,11883,11883,1.836122566223688e+18,2024-09-17,NEG,not ironic,
22954260,11884,11884,1.8361225647600804e+18,2024-09-17,NEG,not ironic,
22954261,11885,11885,1.836122564248146e+18,2024-09-17,NEU,not ironic,
22954262,11886,11886,1.83612256265042e+18,2024-09-17,NEG,ironic,
22954263,11887,11887,1.8361225620376945e+18,2024-09-17,NEG,not ironic,
22954264,11888,11888,1.836122561715008e+18,2024-09-17,NEU,not ironic,
22954265,11889,11889,1.836122557373912e+18,2024-09-17,NEU,not ironic,
22954266,11890,11890,1.836122557285585e+18,2024-09-17,NEU,not ironic,
22954267,11891,11891,1.8361225571139087e+18,2024-09-17,NEU,not ironic,
22954268,11892,11892,1.836122554823492e+18,2024-09-17,POS,not ironic,
22954269,11893,11893,1.836122554542576e+18,2024-09-17,NEU,ironic,
22954270,11894,11894,1.836122554215601e+18,2024-09-17,NEU,ironic,
22954271,11895,11895,1.8361225541401032e+18,2024-09-17,NEG,not ironic,
22954273,11897,11897,1.836122553762616e+18,2024-09-17,NEG,ironic,
22954274,11898,11898,1.8361225537120748e+18,2024-09-17,NEG,ironic,
22954275,11899,11899,1.8361225536826647e+18,2024-09-17,NEG,not ironic,
22954276,11900,11900,1.83612255335558e+18,2024-09-17,NEG,ironic,
22954277,11901,11901,1.8361225533471872e+18,2024-09-17,NEG,ironic,
22954278,11902,11902,1.8361225523782167e+18,2024-09-17,POS,not ironic,
22954279,11903,11903,1.8361225520387569e+18,2024-09-17,NEG,ironic,
22954280,11904,11904,1.836122547743524e+18,2024-09-17,NEG,not ironic,
22954281,11905,11905,1.836122547207e+18,2024-09-17,NEU,not ironic,
22954282,11906,11906,1.836122546514928e+18,2024-09-17,NEU,not ironic,
22954283,11907,11907,1.8361225456002624e+18,2024-09-17,NEG,ironic,
22954284,11908,11908,1.8361225453360704e+18,2024-09-17,POS,not ironic,
22954285,11909,11909,1.836122544447107e+18,2024-09-17,NEU,not ironic,
22954286,11910,11910,1.836122544035804e+18,2024-09-17,POS,ironic,
22954287,11911,11911,1.8361225427732444e+18,2024-09-17,NEG,ironic,
22954288,11912,11912,1.8361225427145728e+18,2024-09-17,NEG,not ironic,
22954289,11913,11913,1.8361225420351324e+18,2024-09-17,NEU,ironic,
22954290,11914,11914,1.8361225415656617e+18,2024-09-17,NEG,not ironic,
22954291,11915,11915,1.8361225407096425e+18,2024-09-17,NEG,ironic,
22954292,11916,11916,1.8361225403909204e+18,2024-09-17,NEG,ironic,
22954293,11917,11917,1.836122538407084e+18,2024-09-17,NEU,not ironic,
22954294,11918,11918,1.836122536259556e+18,2024-09-17,NEG,ironic,
22954295,11919,11919,1.8361225360039409e+18,2024-09-17,NEG,not ironic,
22954296,11920,11920,1.8361225356094264e+18,2024-09-17,NEG,not ironic,
22954297,11921,11921,1.8361225343217915e+18,2024-09-17,POS,ironic,
22954298,11922,11922,1.836122533046744e+18,2024-09-17,NEG,ironic,
22954299,11923,11923,1.83612253240522e+18,2024-09-17,POS,not ironic,
22954300,11924,11924,1.836122531603928e+18,2024-09-17,NEG,ironic,
22954301,11925,11925,1.8361225313147533e+18,2024-09-17,NEG,ironic,
22954302,11926,11926,1.8361225307737088e+18,2024-09-17,POS,not ironic,
22954303,11927,11927,1.836122530475909e+18,2024-09-17,NEG,not ironic,
22954304,11928,11928,1.836122530324624e+18,2024-09-17,NEG,ironic,
22954305,11929,11929,1.8361225281183665e+18,2024-09-17,POS,ironic,
22954306,11930,11930,1.836122527904732e+18,2024-09-17,NEG,ironic,
22954307,11931,11931,1.836122524117041e+18,2024-09-17,NEU,not ironic,
22954308,11932,11932,1.8361225236978445e+18,2024-09-17,NEG,ironic,
22954309,11933,11933,1.8361225235342505e+18,2024-09-17,NEU,ironic,
22954310,11934,11934,1.8361225230894449e+18,2024-09-17,NEG,ironic,
22954311,11935,11935,1.836122522661668e+18,2024-09-17,NEU,not ironic,
22954312,11936,11936,1.836122522586108e+18,2024-09-17,NEU,not ironic,
22954313,11937,11937,1.8361225222212283e+18,2024-09-17,NEU,not ironic,
22954314,11938,11938,1.8361225216845783e+18,2024-09-17,NEU,ironic,
22954315,11939,11939,1.8361225214495127e+18,2024-09-17,POS,not ironic,
22954316,11940,11940,1.836122521411732e+18,2024-09-17,POS,ironic,
22954317,11941,11941,1.8361225210722097e+18,2024-09-17,NEG,ironic,
22954318,11942,11942,1.836122520107225e+18,2024-09-17,NEG,not ironic,
22954319,11943,11943,1.8361225182702267e+18,2024-09-17,NEG,ironic,
22954320,11944,11944,1.8361225181988288e+18,2024-09-17,NEU,ironic,
22954321,11945,11945,1.8361225158419868e+18,2024-09-17,NEU,ironic,
22954322,11946,11946,1.8361225153174285e+18,2024-09-17,NEG,ironic,
22954323,11947,11947,1.836122513073652e+18,2024-09-17,NEG,ironic,
22954324,11948,11948,1.8361225122723315e+18,2024-09-17,NEG,ironic,
22954325,11949,11949,1.83612251048584e+18,2024-09-17,NEU,not ironic,
22954326,11950,11950,1.8361225100957164e+18,2024-09-17,NEG,not ironic,
22954327,11951,11951,1.8361225096844168e+18,2024-09-17,NEG,not ironic,
22954328,11952,11952,1.836122509059724e+18,2024-09-17,NEG,not ironic,
22954329,11953,11953,1.8361225090555287e+18,2024-09-17,NEU,not ironic,
22954330,11954,11954,1.836122508866556e+18,2024-09-17,NEG,not ironic,
22954331,11955,11955,1.8361225087113708e+18,2024-09-17,NEG,ironic,
22954332,11956,11956,1.8361225070923983e+18,2024-09-17,NEG,not ironic,
22954333,11957,11957,1.8361225048528364e+18,2024-09-17,NEG,not ironic,
22954334,11958,11958,1.8361225045716247e+18,2024-09-17,NEG,not ironic,
22954335,11959,11959,1.836122502101373e+18,2024-09-17,NEG,not ironic,
22954336,11960,11960,1.8361224999203348e+18,2024-09-17,NEG,not ironic,
22954337,11961,11961,1.8361224984688435e+18,2024-09-17,NEU,ironic,
22954338,11962,11962,1.83612249750868e+18,2024-09-17,NEU,ironic,
22954339,11963,11963,1.836122496661361e+18,2024-09-17,NEG,not ironic,
22954340,11964,11964,1.8361224963465748e+18,2024-09-17,NEG,not ironic,
22954341,11965,11965,1.8361224957008653e+18,2024-09-17,NEG,not ironic,
22954342,11966,11966,1.8361224953359608e+18,2024-09-17,NEG,not ironic,
22954343,11967,11967,1.8361224943794304e+18,2024-09-17,NEG,ironic,
22954344,11968,11968,1.836122492441892e+18,2024-09-17,NEG,ironic,
22954345,11969,11969,1.8361224922279816e+18,2024-09-17,NEG,not ironic,
22954346,11970,11970,1.8361224916743327e+18,2024-09-17,NEG,ironic,
22954347,11971,11971,1.8361224913762468e+18,2024-09-17,NEU,not ironic,
22954348,11972,11972,1.8361224907809587e+18,2024-09-17,NEG,not ironic,
22954349,11973,11973,1.83612248916614e+18,2024-09-17,NEU,not ironic,
22954350,11974,11974,1.836122489040048e+18,2024-09-17,POS,ironic,
22954351,11975,11975,1.8361224876433083e+18,2024-09-17,NEU,ironic,
22954352,11976,11976,1.8361224875971912e+18,2024-09-17,NEU,not ironic,
22954353,11977,11977,1.836122484820636e+18,2024-09-17,NEG,ironic,
22954354,11978,11978,1.8361224847411487e+18,2024-09-17,NEU,not ironic,
22954355,11979,11979,1.836122484724138e+18,2024-09-17,NEU,not ironic,
22954356,11980,11980,1.8361224828747407e+18,2024-09-17,NEG,ironic,
22954357,11981,11981,1.8361224823378127e+18,2024-09-17,NEU,not ironic,
22954359,11983,11983,1.836122481884623e+18,2024-09-17,NEG,not ironic,
22954360,11984,11984,1.8361224816415585e+18,2024-09-17,NEU,not ironic,
22954361,11985,11985,1.8361224812766536e+18,2024-09-17,NEG,not ironic,
22954362,11986,11986,1.8361224794647145e+18,2024-09-17,NEU,ironic,
22954363,11987,11987,1.8361224767090936e+18,2024-09-17,NEG,not ironic,
22954364,11988,11988,1.836122473848251e+18,2024-09-17,NEU,not ironic,
22954365,11989,11989,1.8361224730390405e+18,2024-09-17,NEG,not ironic,
22954366,11990,11990,1.836122471637918e+18,2024-09-17,NEU,ironic,
22954367,11991,11991,1.8361224713274647e+18,2024-09-17,POS,ironic,
22954368,11992,11992,1.8361224703586552e+18,2024-09-17,NEG,not ironic,
22954369,11993,11993,1.836122469947814e+18,2024-09-17,NEG,ironic,
22954370,11994,11994,1.8361224680266225e+18,2024-09-17,NEG,not ironic,
22954371,11995,11995,1.836122467284456e+18,2024-09-17,NEG,ironic,
22954372,11996,11996,1.8361224662355804e+18,2024-09-17,NEG,not ironic,
22954373,11997,11997,1.8361224649354245e+18,2024-09-17,POS,not ironic,
22954374,11998,11998,1.836122463840904e+18,2024-09-17,NEU,not ironic,
22954375,11999,11999,1.8361224625488776e+18,2024-09-17,POS,not ironic,
22954376,12000,12000,1.83612246204156e+18,2024-09-17,NEG,not ironic,
22954377,12001,12001,1.836122461592785e+18,2024-09-17,NEU,ironic,
22954378,12002,12002,1.836122458971345e+18,2024-09-17,NEG,not ironic,
22954379,12003,12003,1.8361224574194524e+18,2024-09-17,NEG,not ironic,
22954380,12004,12004,1.8361224560311373e+18,2024-09-17,NEU,not ironic,
22954381,12005,12005,1.8361224553264952e+18,2024-09-17,POS,not ironic,
22954382,12006,12006,1.836122454949008e+18,2024-09-17,NEG,not ironic,
22954383,12007,12007,1.836122454902854e+18,2024-09-17,POS,not ironic,
22954384,12008,12008,1.83612245467612e+18,2024-09-17,POS,ironic,
22954385,12009,12009,1.836122454445499e+18,2024-09-17,POS,ironic,
22954386,12010,12010,1.8361224517569288e+18,2024-09-17,NEG,not ironic,
22954387,12011,12011,1.83612245108186e+18,2024-09-17,NEG,not ironic,
22954388,12012,12012,1.8361224508341128e+18,2024-09-17,NEG,ironic,
22954389,12013,12013,1.8361224503562568e+18,2024-09-17,NEG,ironic,
22954390,12014,12014,1.836122449886286e+18,2024-09-17,NEG,not ironic,
22954391,12015,12015,1.83612244926992e+18,2024-09-17,NEG,not ironic,
22954392,12016,12016,1.8361224488964467e+18,2024-09-17,NEU,ironic,
22954393,12017,12017,1.836122448510513e+18,2024-09-17,NEU,not ironic,
22954394,12018,12018,1.8361224484643515e+18,2024-09-17,NEU,not ironic,
22954395,12019,12019,1.8361224475167537e+18,2024-09-17,NEU,ironic,
22954396,12020,12020,1.836122447495729e+18,2024-09-17,NEG,ironic,
22954397,12021,12021,1.8361224472734927e+18,2024-09-17,NEG,not ironic,
22954398,12022,12022,1.836122447042512e+18,2024-09-17,NEG,not ironic,
22954399,12023,12023,1.836122446958572e+18,2024-09-17,NEU,ironic,
22954400,12024,12024,1.8361224465897395e+18,2024-09-17,NEU,not ironic,
22954401,12025,12025,1.8361224461953065e+18,2024-09-17,NEG,not ironic,
22954402,12026,12026,1.8361224438341007e+18,2024-09-17,NEU,not ironic,
22954403,12027,12027,1.8361224419928435e+18,2024-09-17,NEG,not ironic,
22954404,12028,12028,1.8361224411705016e+18,2024-09-17,NEU,not ironic,
22954405,12029,12029,1.8361224405793224e+18,2024-09-17,NEG,not ironic,
22954406,12030,12030,1.8361224399080407e+18,2024-09-17,NEG,ironic,
22954407,12031,12031,1.836122439270769e+18,2024-09-17,POS,not ironic,
22954408,12032,12032,1.8361224385492787e+18,2024-09-17,NEU,not ironic,
22954409,12033,12033,1.83612243822606e+18,2024-09-17,NEG,ironic,
22954410,12034,12034,1.8361224375803948e+18,2024-09-17,POS,ironic,
22954411,12035,12035,1.8361224334529705e+18,2024-09-17,NEU,ironic,
22954412,12036,12036,1.8361224324088177e+18,2024-09-17,NEU,not ironic,
22954413,12037,12037,1.8361224316580705e+18,2024-09-17,NEG,not ironic,
22954414,12038,12038,1.836122431636881e+18,2024-09-17,NEG,not ironic,
22954415,12039,12039,1.836122431573922e+18,2024-09-17,NEG,not ironic,
22954416,12040,12040,1.836122429833556e+18,2024-09-17,POS,not ironic,
22954417,12041,12041,1.8361224291495567e+18,2024-09-17,NEU,ironic,
22954418,12042,12042,1.8361224286674985e+18,2024-09-17,NEG,not ironic,
22954419,12043,12043,1.8361224259286185e+18,2024-09-17,NEU,not ironic,
22954420,12044,12044,1.8361224252071977e+18,2024-09-17,POS,not ironic,
22954421,12045,12045,1.8361224251988337e+18,2024-09-17,NEU,ironic,
22954422,12046,12046,1.8361224251357025e+18,2024-09-17,NEG,not ironic,
22954423,12047,12047,1.8361224235672497e+18,2024-09-17,NEU,not ironic,
22954425,12049,12049,1.8361224228958536e+18,2024-09-17,NEU,not ironic,
22954426,12050,12050,1.836122421797233e+18,2024-09-17,POS,ironic,
22954427,12051,12051,1.8361224212939123e+18,2024-09-17,NEG,ironic,
22954428,12052,12052,1.8361224203206085e+18,2024-09-17,NEU,not ironic,
22954429,12053,12053,1.8361224172084388e+18,2024-09-17,NEU,not ironic,
22954430,12054,12054,1.836122413538644e+18,2024-09-17,POS,ironic,
22954431,12055,12055,1.836122413509329e+18,2024-09-17,NEU,ironic,
22954432,12056,12056,1.8361224127289595e+18,2024-09-17,POS,not ironic,
22954433,12057,12057,1.836122412594684e+18,2024-09-17,NEG,not ironic,
22954434,12058,12058,1.8361224114079373e+18,2024-09-17,NEU,not ironic,
22954435,12059,12059,1.8361224113993403e+18,2024-09-17,NEG,ironic,
22954436,12060,12060,1.8361224112275827e+18,2024-09-17,NEU,ironic,
22954437,12061,12061,1.8361224097425656e+18,2024-09-17,NEU,not ironic,
22954438,12062,12062,1.8361224095202145e+18,2024-09-17,NEU,not ironic,
22954439,12063,12063,1.8361224093611167e+18,2024-09-17,NEG,not ironic,
22954440,12064,12064,1.83612240840036e+18,2024-09-17,NEU,not ironic,
22954441,12065,12065,1.836122405175202e+18,2024-09-17,NEU,ironic,
22954442,12066,12066,1.836122404537668e+18,2024-09-17,NEU,not ironic,
22954443,12067,12067,1.836122404504113e+18,2024-09-17,NEG,not ironic,
22954444,12068,12068,1.836122404185416e+18,2024-09-17,NEU,not ironic,
22954445,12069,12069,1.8361224031281075e+18,2024-09-17,NEU,not ironic,
22954446,12070,12070,1.836122402063028e+18,2024-09-17,NEG,ironic,
22954447,12071,12071,1.8361223988876687e+18,2024-09-17,NEG,ironic,
22954448,12072,12072,1.8361223985691727e+18,2024-09-17,NEG,not ironic,
22954449,12073,12073,1.8361223974238456e+18,2024-09-17,NEU,not ironic,
22954450,12074,12074,1.836122395993657e+18,2024-09-17,NEU,not ironic,
22954451,12075,12075,1.8361223945971635e+18,2024-09-17,NEG,not ironic,
22954452,12076,12076,1.8361223945342528e+18,2024-09-17,NEG,not ironic,
22954453,12077,12077,1.836122394253214e+18,2024-09-17,NEG,ironic,
22954454,12078,12078,1.8361223934728724e+18,2024-09-17,NEU,not ironic,
22954455,12079,12079,1.836122393405768e+18,2024-09-17,NEG,not ironic,
22954456,12080,12080,1.8361223920174e+18,2024-09-17,NEU,ironic,
22954457,12081,12081,1.836122391820345e+18,2024-09-17,NEG,not ironic,
22954458,12082,12082,1.836122391766012e+18,2024-09-17,NEU,not ironic,
22954459,12083,12083,1.8361223901428165e+18,2024-09-17,NEG,not ironic,
22954460,12084,12084,1.836122389437883e+18,2024-09-17,POS,not ironic,
22954461,12085,12085,1.8361223873869087e+18,2024-09-17,NEU,not ironic,
22954462,12086,12086,1.836122387064197e+18,2024-09-17,NEG,ironic,
22954463,12087,12087,1.8361223868080745e+18,2024-09-17,NEG,ironic,
22954464,12088,12088,1.836122386132828e+18,2024-09-17,POS,ironic,
22954465,12089,12089,1.836122386036613e+18,2024-09-17,POS,not ironic,
22954466,12090,12090,1.836122385696854e+18,2024-09-17,NEG,not ironic,
22954467,12091,12091,1.8361223854323387e+18,2024-09-17,NEU,not ironic,
22954468,12092,12092,1.836122385348744e+18,2024-09-17,NEG,not ironic,
22954469,12093,12093,1.8361223842456497e+18,2024-09-17,NEU,not ironic,
22954470,12094,12094,1.8361223840273203e+18,2024-09-17,NEG,ironic,
22954471,12095,12095,1.8361223829789448e+18,2024-09-17,NEU,ironic,
22954472,12096,12096,1.836122382727288e+18,2024-09-17,NEU,not ironic,
22954473,12097,12097,1.8361223821568824e+18,2024-09-17,NEG,ironic,
22954474,12098,12098,1.8361223814564664e+18,2024-09-17,NEG,not ironic,
22954475,12099,12099,1.836122380906939e+18,2024-09-17,NEG,ironic,
22954476,12100,12100,1.8361223808985705e+18,2024-09-17,NEU,ironic,
22954477,12101,12101,1.8361223789270264e+18,2024-09-17,NEG,not ironic,
22954478,12102,12102,1.8361223788810936e+18,2024-09-17,NEG,ironic,
22954479,12103,12103,1.8361223781133112e+18,2024-09-17,NEG,ironic,
22954480,12104,12104,1.8361223779206144e+18,2024-09-17,NEU,ironic,
22954481,12105,12105,1.8361223767965248e+18,2024-09-17,NEG,not ironic,
22954482,12106,12106,1.8361223766036032e+18,2024-09-17,NEG,not ironic,
22954483,12107,12107,1.836122374254556e+18,2024-09-17,NEU,not ironic,
22954484,12108,12108,1.8361223733739684e+18,2024-09-17,NEG,ironic,
22954485,12109,12109,1.8361223725351404e+18,2024-09-17,NEU,not ironic,
22954486,12110,12110,1.8361223718973527e+18,2024-09-17,NEU,not ironic,
22954487,12111,12111,1.836122371226256e+18,2024-09-17,NEU,not ironic,
22954488,12112,12112,1.8361223709370985e+18,2024-09-17,NEG,ironic,
22954489,12113,12113,1.836122369548784e+18,2024-09-17,NEG,not ironic,
22954490,12114,12114,1.8361223683156585e+18,2024-09-17,NEU,not ironic,
22954491,12115,12115,1.8361223664491927e+18,2024-09-17,NEU,ironic,
22954492,12116,12116,1.8361223659207232e+18,2024-09-17,NEG,not ironic,
22954493,12117,12117,1.836122365128004e+18,2024-09-17,NEU,not ironic,
22954494,12118,12118,1.836122364540785e+18,2024-09-17,NEG,not ironic,
22954495,12119,12119,1.8361223634919468e+18,2024-09-17,NEU,not ironic,
22954496,12120,12120,1.8361223625733985e+18,2024-09-17,NEU,ironic,
22954497,12121,12121,1.836122362565268e+18,2024-09-17,NEG,not ironic,
22954498,12122,12122,1.8361223612440617e+18,2024-09-17,NEG,ironic,
22954499,12123,12123,1.8361223609001457e+18,2024-09-17,NEG,not ironic,
22954500,12124,12124,1.8361223589915323e+18,2024-09-17,NEG,not ironic,
22954501,12125,12125,1.8361223576828027e+18,2024-09-17,NEU,not ironic,
22954502,12126,12126,1.8361223566974364e+18,2024-09-17,NEG,ironic,
22954503,12127,12127,1.836122354948416e+18,2024-09-17,NEU,not ironic,
22954504,12128,12128,1.8361223547344973e+18,2024-09-17,NEG,ironic,
22954505,12129,12129,1.836122354499441e+18,2024-09-17,NEG,not ironic,
22954506,12130,12130,1.836122353908224e+18,2024-09-17,NEU,not ironic,
22954507,12131,12131,1.8361223527839624e+18,2024-09-17,NEG,ironic,
22954508,12132,12132,1.8361223527797435e+18,2024-09-17,NEU,not ironic,
22954509,12133,12133,1.8361223522304904e+18,2024-09-17,NEG,not ironic,
22954510,12134,12134,1.8361223515216653e+18,2024-09-17,NEG,ironic,
22954511,12135,12135,1.8361223503766408e+18,2024-09-17,NEG,not ironic,
22954512,12136,12136,1.836122349466432e+18,2024-09-17,NEU,not ironic,
22954513,12137,12137,1.8361223481156887e+18,2024-09-17,NEG,not ironic,
22954514,12138,12138,1.836122344533955e+18,2024-09-17,POS,not ironic,
22954515,12139,12139,1.836122342180684e+18,2024-09-17,POS,ironic,
22954516,12140,12140,1.836122341262205e+18,2024-09-17,NEU,ironic,
22954517,12141,12141,1.836122341212029e+18,2024-09-17,NEG,not ironic,
22954518,12142,12142,1.836122341106992e+18,2024-09-17,NEU,not ironic,
22954520,12144,12144,1.83612233872461e+18,2024-09-17,NEU,not ironic,
22954521,12145,12145,1.8361223386703708e+18,2024-09-17,NEG,ironic,
22954522,12146,12146,1.8361223382048115e+18,2024-09-17,NEU,not ironic,
22954523,12147,12147,1.8361223381374323e+18,2024-09-17,POS,not ironic,
22954524,12148,12148,1.8361223357259697e+18,2024-09-17,NEU,not ironic,
22954525,12149,12149,1.836122335457194e+18,2024-09-17,POS,not ironic,
22954526,12150,12150,1.8361223339557115e+18,2024-09-17,POS,ironic,
22954527,12151,12151,1.8361223333768768e+18,2024-09-17,NEU,not ironic,
22954528,12152,12152,1.8361223329031496e+18,2024-09-17,NEU,not ironic,
22954529,12153,12153,1.83612233202242e+18,2024-09-17,NEG,ironic,
22954530,12154,12154,1.836122331078628e+18,2024-09-17,NEG,not ironic,
22954531,12155,12155,1.8361223310618668e+18,2024-09-17,NEG,not ironic,
22954532,12156,12156,1.8361223306885527e+18,2024-09-17,NEU,not ironic,
22954533,12157,12157,1.836122329811948e+18,2024-09-17,POS,not ironic,
22954534,12158,12158,1.836122329266393e+18,2024-09-17,NEG,not ironic,
22954535,12159,12159,1.8361223277732705e+18,2024-09-17,NEU,not ironic,
22954536,12160,12160,1.8361223264732984e+18,2024-09-17,NEG,ironic,
22954537,12161,12161,1.8361223250721224e+18,2024-09-17,POS,not ironic,
22954538,12162,12162,1.836122325009469e+18,2024-09-17,NEG,ironic,
22954539,12163,12163,1.836122324220744e+18,2024-09-17,NEG,ironic,
22954540,12164,12164,1.836122323105051e+18,2024-09-17,NEU,not ironic,
22954541,12165,12165,1.83612232151142e+18,2024-09-17,NEG,ironic,
22954542,12166,12166,1.8361223212975104e+18,2024-09-17,NEG,not ironic,
22954543,12167,12167,1.836122321079202e+18,2024-09-17,NEU,not ironic,
22954544,12168,12168,1.8361223197915343e+18,2024-09-17,NEG,not ironic,
22954545,12169,12169,1.8361223190578007e+18,2024-09-17,NEG,not ironic,
22954546,12170,12170,1.83612231886042e+18,2024-09-17,NEG,not ironic,
22954547,12171,12171,1.8361223181264325e+18,2024-09-17,NEG,not ironic,
22954548,12172,12172,1.8361223168093965e+18,2024-09-17,POS,ironic,
22954549,12173,12173,1.836122316348232e+18,2024-09-17,POS,ironic,
22954550,12174,12174,1.8361223149261007e+18,2024-09-17,NEU,not ironic,
22954551,12175,12175,1.8361223144859607e+18,2024-09-17,NEG,not ironic,
22954552,12176,12176,1.836122313453896e+18,2024-09-17,NEG,ironic,
22954553,12177,12177,1.836122313340916e+18,2024-09-17,NEG,ironic,
22954554,12178,12178,1.836122313248416e+18,2024-09-17,POS,not ironic,
22954555,12179,12179,1.8361223125646707e+18,2024-09-17,NEU,not ironic,
22954556,12180,12180,1.836122312489472e+18,2024-09-17,NEG,ironic,
22954558,12182,12182,1.8361223114071488e+18,2024-09-17,POS,not ironic,
22954559,12183,12183,1.836122311297999e+18,2024-09-17,NEG,not ironic,
22954560,12184,12184,1.8361223103210865e+18,2024-09-17,NEU,not ironic,
22954561,12185,12185,1.836122306416104e+18,2024-09-17,NEG,ironic,
22954562,12186,12186,1.8361223057531497e+18,2024-09-17,NEG,ironic,
22954563,12187,12187,1.836122305338184e+18,2024-09-17,POS,not ironic,
22954565,12189,12189,1.8361223047717235e+18,2024-09-17,POS,ironic,
22954566,12190,12190,1.836122304679408e+18,2024-09-17,NEU,ironic,
22954567,12191,12191,1.83612230394991e+18,2024-09-17,NEG,not ironic,
22954568,12192,12192,1.8361223017017224e+18,2024-09-17,NEG,not ironic,
22954569,12193,12193,1.8361223009719703e+18,2024-09-17,NEU,ironic,
22954570,12194,12194,1.8361223008710167e+18,2024-09-17,NEU,not ironic,
22954572,12196,12196,1.836122300371948e+18,2024-09-17,POS,not ironic,
22954573,12197,12197,1.836122300296442e+18,2024-09-17,NEG,ironic,
22954574,12198,12198,1.836122299680076e+18,2024-09-17,NEG,not ironic,
22954575,12199,12199,1.83612229851802e+18,2024-09-17,NEG,not ironic,
22954576,12200,12200,1.8361222963117632e+18,2024-09-17,NEU,not ironic,
22954577,12201,12201,1.8361222954648456e+18,2024-09-17,NEG,ironic,
22954578,12202,12202,1.836122293719712e+18,2024-09-17,NEG,ironic,
22954579,12203,12203,1.8361222933296824e+18,2024-09-17,POS,ironic,
22954580,12204,12204,1.8361222917274376e+18,2024-09-17,NEU,not ironic,
22954581,12205,12205,1.836122290733617e+18,2024-09-17,NEG,ironic,
22954582,12206,12206,1.836122290603316e+18,2024-09-17,NEG,ironic,
22954583,12207,12207,1.8361222890936443e+18,2024-09-17,NEU,not ironic,
22954584,12208,12208,1.8361222882505887e+18,2024-09-17,NEG,ironic,
22954585,12209,12209,1.8361222835027195e+18,2024-09-17,NEG,ironic,
22954586,12210,12210,1.836122282713916e+18,2024-09-17,POS,ironic,
22954587,12211,12211,1.8361222825628303e+18,2024-09-17,NEU,not ironic,
22954588,12212,12212,1.8361222819088013e+18,2024-09-17,POS,ironic,
22954589,12213,12213,1.8361222809019023e+18,2024-09-17,NEG,not ironic,
22954590,12214,12214,1.8361222802772173e+18,2024-09-17,NEU,not ironic,
22954591,12215,12215,1.836122279555601e+18,2024-09-17,NEG,ironic,
22954592,12216,12216,1.8361222786034609e+18,2024-09-17,NEG,not ironic,
22954593,12217,12217,1.8361222781462733e+18,2024-09-17,NEU,not ironic,
22954594,12218,12218,1.836122278058488e+18,2024-09-17,NEU,not ironic,
22954595,12219,12219,1.8361222769257472e+18,2024-09-17,NEG,ironic,
22954596,12220,12220,1.836122276334572e+18,2024-09-17,NEU,not ironic,
22954597,12221,12221,1.8361222757513216e+18,2024-09-17,NEU,not ironic,
22954598,12222,12222,1.8361222753405207e+18,2024-09-17,NEU,ironic,
22954599,12223,12223,1.8361222752521464e+18,2024-09-17,NEU,not ironic,
22954600,12224,12224,1.8361222717583647e+18,2024-09-17,NEG,ironic,
22954601,12225,12225,1.836122271598908e+18,2024-09-17,NEG,ironic,
22954602,12226,12226,1.8361222714859564e+18,2024-09-17,NEU,not ironic,
22954603,12227,12227,1.8361222697201623e+18,2024-09-17,NEU,not ironic,
22954604,12228,12228,1.8361222683400028e+18,2024-09-17,NEG,not ironic,
22954605,12229,12229,1.8361222681011528e+18,2024-09-17,NEG,ironic,
22954606,12230,12230,1.8361222677275807e+18,2024-09-17,NEG,ironic,
22954607,12231,12231,1.836122267325272e+18,2024-09-17,NEG,ironic,
22954608,12232,12232,1.8361222657815063e+18,2024-09-17,NEU,not ironic,
22954609,12233,12233,1.836122265483907e+18,2024-09-17,NEU,not ironic,
22954610,12234,12234,1.8361222639023844e+18,2024-09-17,NEG,ironic,
22954611,12235,12235,1.836122263894086e+18,2024-09-17,NEG,not ironic,
22954612,12236,12236,1.8361222630425764e+18,2024-09-17,NEG,ironic,
22954613,12237,12237,1.8361222608992832e+18,2024-09-17,NEU,ironic,
22954614,12238,12238,1.83612226081142e+18,2024-09-17,NEU,not ironic,
22954615,12239,12239,1.8361222606225044e+18,2024-09-17,POS,not ironic,
22954616,12240,12240,1.8361222601989e+18,2024-09-17,POS,not ironic,
22954617,12241,12241,1.8361222593225444e+18,2024-09-17,NEG,not ironic,
22954618,12242,12242,1.836122258688856e+18,2024-09-17,NEU,not ironic,
22954619,12243,12243,1.836122257292497e+18,2024-09-17,NEG,ironic,
22954620,12244,12244,1.836122257237676e+18,2024-09-17,NEG,ironic,
22954621,12245,12245,1.8361222552791657e+18,2024-09-17,NEG,not ironic,
22954622,12246,12246,1.8361222541718408e+18,2024-09-17,NEU,not ironic,
22954624,12248,12248,1.836122252129244e+18,2024-09-17,POS,not ironic,
22954625,12249,12249,1.8361222519950008e+18,2024-09-17,NEU,not ironic,
22954626,12250,12250,1.8361222519905567e+18,2024-09-17,NEG,ironic,
22954627,12251,12251,1.836122251533415e+18,2024-09-17,NEG,not ironic,
22954628,12252,12252,1.8361222504764457e+18,2024-09-17,NEG,ironic,
22954629,12253,12253,1.8361222496039936e+18,2024-09-17,NEU,not ironic,
22954630,12254,12254,1.8361222436942031e+18,2024-09-17,NEU,not ironic,
22954631,12255,12255,1.8361222428385933e+18,2024-09-17,NEU,ironic,
22954632,12256,12256,1.8361222427046423e+18,2024-09-17,NEG,not ironic,
22954633,12257,12257,1.836122241790264e+18,2024-09-17,NEG,not ironic,
22954634,12258,12258,1.8361222399613176e+18,2024-09-17,NEG,ironic,
22954635,12259,12259,1.836122238510388e+18,2024-09-17,NEU,not ironic,
22954636,12260,12260,1.8361222379986496e+18,2024-09-17,NEG,not ironic,
22954637,12261,12261,1.836122236354503e+18,2024-09-17,NEG,not ironic,
22954638,12262,12262,1.8361222349449464e+18,2024-09-17,NEG,not ironic,
22954639,12263,12263,1.8361222330577265e+18,2024-09-17,NEG,ironic,
22954640,12264,12264,1.836122232155697e+18,2024-09-17,NEU,not ironic,
22954641,12265,12265,1.8361222314261425e+18,2024-09-17,NEU,not ironic,
22954642,12266,12266,1.8361222306625457e+18,2024-09-17,POS,ironic,
22954643,12267,12267,1.8361222306040755e+18,2024-09-17,NEG,ironic,
22954644,12268,12268,1.83612223024756e+18,2024-09-17,NEU,ironic,
22954645,12269,12269,1.8361222292115333e+18,2024-09-17,NEG,not ironic,
22954646,12270,12270,1.836122229186212e+18,2024-09-17,NEU,not ironic,
22954647,12271,12271,1.8361222267998413e+18,2024-09-17,NEG,not ironic,
22954648,12272,12272,1.8361222267576973e+18,2024-09-17,NEG,not ironic,
22954649,12273,12273,1.836122226128753e+18,2024-09-17,NEU,not ironic,
22954650,12274,12274,1.836122225889469e+18,2024-09-17,NEG,ironic,
22954651,12275,12275,1.8361222232221005e+18,2024-09-17,POS,ironic,
22954654,12278,12278,1.8361222218002312e+18,2024-09-17,NEU,not ironic,
22954655,12279,12279,1.836122221498004e+18,2024-09-17,NEU,ironic,
22954656,12280,12280,1.8361222213596447e+18,2024-09-17,NEG,not ironic,
22954657,12281,12281,1.8361222206549484e+18,2024-09-17,NEU,not ironic,
22954658,12282,12282,1.8361222203909448e+18,2024-09-17,NEG,ironic,
22954659,12283,12283,1.83612221982446e+18,2024-09-17,NEG,not ironic,
22954660,12284,12284,1.8361222195728013e+18,2024-09-17,NEG,ironic,
22954661,12285,12285,1.8361222186164964e+18,2024-09-17,NEG,ironic,
22954662,12286,12286,1.8361222173247124e+18,2024-09-17,NEU,not ironic,
22954663,12287,12287,1.8361222172829448e+18,2024-09-17,NEG,ironic,
22954664,12288,12288,1.8361222172033395e+18,2024-09-17,NEG,not ironic,
22954665,12289,12289,1.8361222137762693e+18,2024-09-17,NEU,not ironic,
22954666,12290,12290,1.8361222134323328e+18,2024-09-17,NEG,ironic,
22954667,12291,12291,1.8361222125727624e+18,2024-09-17,NEG,not ironic,
22954668,12292,12292,1.836122212153144e+18,2024-09-17,NEU,not ironic,
22954669,12293,12293,1.8361222121447552e+18,2024-09-17,NEG,not ironic,
22954670,12294,12294,1.8361222104501903e+18,2024-09-17,POS,not ironic,
22954671,12295,12295,1.8361222094479767e+18,2024-09-17,NEU,not ironic,
22954672,12296,12296,1.836122208776704e+18,2024-09-17,NEU,not ironic,
22954673,12297,12297,1.8361222085798584e+18,2024-09-17,NEG,not ironic,
22954674,12298,12298,1.836122204536276e+18,2024-09-17,NEG,not ironic,
22954675,12299,12299,1.836122203772904e+18,2024-09-17,NEU,ironic,
22954676,12300,12300,1.8361222015793075e+18,2024-09-17,NEG,not ironic,
22954677,12301,12301,1.836122201415988e+18,2024-09-17,NEG,ironic,
22954678,12302,12302,1.836122201021649e+18,2024-09-17,NEG,ironic,
22954679,12303,12303,1.8361222003796424e+18,2024-09-17,NEU,ironic,
22954680,12304,12304,1.8361222001238508e+18,2024-09-17,NEU,not ironic,
22954681,12305,12305,1.8361221988909056e+18,2024-09-17,NEU,not ironic,
22954682,12306,12306,1.836122198215414e+18,2024-09-17,NEU,not ironic,
22954683,12307,12307,1.836122198047888e+18,2024-09-17,NEU,ironic,
22954684,12308,12308,1.8361221972172232e+18,2024-09-17,NEU,not ironic,
22954685,12309,12309,1.8361221940630607e+18,2024-09-17,POS,not ironic,
22954686,12310,12310,1.836122192821863e+18,2024-09-17,NEG,not ironic,
22954687,12311,12311,1.8361221923394035e+18,2024-09-17,POS,ironic,
22954688,12312,12312,1.8361221923310515e+18,2024-09-17,NEU,not ironic,
22954689,12313,12313,1.8361221921381128e+18,2024-09-17,POS,not ironic,
22954690,12314,12314,1.836122190141694e+18,2024-09-17,NEG,ironic,
22954691,12315,12315,1.8361221875367404e+18,2024-09-17,NEG,ironic,
22954692,12316,12316,1.836122186051924e+18,2024-09-17,NEU,not ironic,
22954693,12317,12317,1.8361221850623224e+18,2024-09-17,POS,not ironic,
22954694,12318,12318,1.8361221843071432e+18,2024-09-17,NEG,not ironic,
22954695,12319,12319,1.8361221841938885e+18,2024-09-17,NEU,not ironic,
22954696,12320,12320,1.8361221823360527e+18,2024-09-17,NEG,ironic,
22954697,12321,12321,1.8361221817570104e+18,2024-09-17,NEG,ironic,
22954698,12322,12322,1.836122180679078e+18,2024-09-17,NEG,not ironic,
22954699,12323,12323,1.8361221785356905e+18,2024-09-17,POS,ironic,
22954701,12325,12325,1.8361221754322004e+18,2024-09-17,NEG,ironic,
22954702,12326,12326,1.8361221747272788e+18,2024-09-17,POS,not ironic,
22954703,12327,12327,1.8361221747063967e+18,2024-09-17,NEU,not ironic,
22954704,12328,12328,1.8361221745176617e+18,2024-09-17,NEU,not ironic,
22954706,12330,12330,1.8361221730037312e+18,2024-09-17,POS,not ironic,
22954707,12331,12331,1.836122172563076e+18,2024-09-17,NEG,not ironic,
22954708,12332,12332,1.836122168289072e+18,2024-09-17,NEG,not ironic,
22954709,12333,12333,1.836122167911813e+18,2024-09-17,NEU,ironic,
22954710,12334,12334,1.83612216687582e+18,2024-09-17,NEU,not ironic,
22954711,12335,12335,1.83612216671624e+18,2024-09-17,NEU,ironic,
22954713,12337,12337,1.8361221636669967e+18,2024-09-17,NEU,not ironic,
22954714,12338,12338,1.8361221632393585e+18,2024-09-17,NEG,ironic,
22954715,12339,12339,1.836122162991944e+18,2024-09-17,NEU,ironic,
22954716,12340,12340,1.8361221628700047e+18,2024-09-17,NEU,not ironic,
22954717,12341,12341,1.8361221621191844e+18,2024-09-17,NEG,ironic,
22954718,12342,12342,1.836122161683272e+18,2024-09-17,NEG,ironic,
22954719,12343,12343,1.8361221599718031e+18,2024-09-17,NEG,ironic,
22954720,12344,12344,1.8361221581387983e+18,2024-09-17,NEG,not ironic,
22954721,12345,12345,1.8361221575687416e+18,2024-09-17,POS,ironic,
22954722,12346,12346,1.8361221571198449e+18,2024-09-17,NEU,not ironic,
22954723,12347,12347,1.8361221569392768e+18,2024-09-17,NEG,ironic,
22954724,12348,12348,1.8361221568469647e+18,2024-09-17,NEG,not ironic,
22954725,12349,12349,1.8361221564949176e+18,2024-09-17,NEG,ironic,
22954726,12350,12350,1.8361221546365583e+18,2024-09-17,NEG,not ironic,
22954727,12351,12351,1.8361221545653043e+18,2024-09-17,NEU,not ironic,
22954728,12352,12352,1.8361221533365944e+18,2024-09-17,NEG,not ironic,
22954729,12353,12353,1.836122153009209e+18,2024-09-17,NEU,not ironic,
22954730,12354,12354,1.8361221526107835e+18,2024-09-17,NEG,ironic,
22954731,12355,12355,1.836122151285592e+18,2024-09-17,POS,not ironic,
22954732,12356,12356,1.8361221509876127e+18,2024-09-17,NEG,ironic,
22954733,12357,12357,1.8361221503670395e+18,2024-09-17,NEG,not ironic,
22954734,12358,12358,1.836122149700145e+18,2024-09-17,NEG,ironic,
22954735,12359,12359,1.8361221495153912e+18,2024-09-17,NEG,ironic,
22954736,12360,12360,1.836122149452764e+18,2024-09-17,NEU,ironic,
22954737,12361,12361,1.836122148999488e+18,2024-09-17,NEG,ironic,
22954738,12362,12362,1.83612214846702e+18,2024-09-17,NEG,ironic,
22954739,12363,12363,1.836122146046722e+18,2024-09-17,NEG,not ironic,
22954740,12364,12364,1.836122144905802e+18,2024-09-17,NEG,not ironic,
22954741,12365,12365,1.836122143949755e+18,2024-09-17,NEG,not ironic,
22954742,12366,12366,1.8361221435804595e+18,2024-09-17,NEG,not ironic,
22954743,12367,12367,1.836122142209184e+18,2024-09-17,POS,ironic,
22954744,12368,12368,1.836122141823288e+18,2024-09-17,NEG,not ironic,
22954745,12369,12369,1.8361221418064937e+18,2024-09-17,NEG,not ironic,
22954746,12370,12370,1.83612213891634e+18,2024-09-17,NEG,ironic,
22954747,12371,12371,1.8361221380103905e+18,2024-09-17,NEG,ironic,
22954748,12372,12372,1.8361221359552264e+18,2024-09-17,POS,ironic,
22954750,12374,12374,1.8361221356827817e+18,2024-09-17,NEU,not ironic,
22954751,12375,12375,1.8361221345965304e+18,2024-09-17,NEG,ironic,
22954752,12376,12376,1.836122133635707e+18,2024-09-17,NEG,not ironic,
22954753,12377,12377,1.836122132729992e+18,2024-09-17,NEG,ironic,
22954754,12378,12378,1.836122131656008e+18,2024-09-17,NEU,not ironic,
22954755,12379,12379,1.836122131563758e+18,2024-09-17,NEG,not ironic,
22954756,12380,12380,1.8361221305783127e+18,2024-09-17,NEG,ironic,
22954757,12381,12381,1.8361221301627784e+18,2024-09-17,NEG,not ironic,
22954758,12382,12382,1.8361221298104973e+18,2024-09-17,NEG,not ironic,
22954759,12383,12383,1.8361221295465144e+18,2024-09-17,NEG,ironic,
22954760,12384,12384,1.8361221294711e+18,2024-09-17,NEG,not ironic,
22954761,12385,12385,1.836122127990428e+18,2024-09-17,NEG,ironic,
22954762,12386,12386,1.8361221272605865e+18,2024-09-17,NEG,not ironic,
22954763,12387,12387,1.836122127117796e+18,2024-09-17,NEG,ironic,
22954764,12388,12388,1.8361221260190725e+18,2024-09-17,NEG,not ironic,
22954765,12389,12389,1.8361221257212849e+18,2024-09-17,NEG,not ironic,
22954766,12390,12390,1.836122125347816e+18,2024-09-17,NEU,not ironic,
22954767,12391,12391,1.8361221249789176e+18,2024-09-17,NEG,not ironic,
22954768,12392,12392,1.8361221235106816e+18,2024-09-17,NEG,not ironic,
22954769,12393,12393,1.8361221227851164e+18,2024-09-17,NEU,not ironic,
22954770,12394,12394,1.8361221226972408e+18,2024-09-17,NEG,ironic,
22954771,12395,12395,1.836122122026144e+18,2024-09-17,NEG,ironic,
22954772,12396,12396,1.836122119274672e+18,2024-09-17,NEU,not ironic,
22954773,12397,12397,1.836122118330929e+18,2024-09-17,NEU,ironic,
22954774,12398,12398,1.8361221182177e+18,2024-09-17,POS,not ironic,
22954775,12399,12399,1.836122118205117e+18,2024-09-17,NEG,not ironic,
22954776,12400,12400,1.8361221178231729e+18,2024-09-17,NEG,not ironic,
22954777,12401,12401,1.8361221172236493e+18,2024-09-17,NEU,not ironic,
22954778,12402,12402,1.8361221152352827e+18,2024-09-17,NEU,ironic,
22954779,12403,12403,1.836122115218518e+18,2024-09-17,NEG,ironic,
22954780,12404,12404,1.8361221140777329e+18,2024-09-17,NEG,not ironic,
22954781,12405,12405,1.8361221129159063e+18,2024-09-17,NEU,ironic,
22954782,12406,12406,1.836122112790008e+18,2024-09-17,POS,not ironic,
22954783,12407,12407,1.8361221123915607e+18,2024-09-17,POS,not ironic,
22954784,12408,12408,1.8361221106509537e+18,2024-09-17,NEU,not ironic,
22954785,12409,12409,1.836122110483444e+18,2024-09-17,POS,ironic,
22954786,12410,12410,1.836122110244328e+18,2024-09-17,NEG,ironic,
22954787,12411,12411,1.836122110193996e+18,2024-09-17,NEG,ironic,
22954788,12412,12412,1.8361221085454216e+18,2024-09-17,NEG,not ironic,
22954789,12413,12413,1.83612210654052e+18,2024-09-17,NEU,not ironic,
22954790,12414,12414,1.8361221062217608e+18,2024-09-17,NEG,not ironic,
22954791,12415,12415,1.8361221060875635e+18,2024-09-17,NEU,not ironic,
22954792,12416,12416,1.836122104527516e+18,2024-09-17,NEG,not ironic,
22954793,12417,12417,1.8361221040532608e+18,2024-09-17,NEG,not ironic,
22954794,12418,12418,1.8361221039738427e+18,2024-09-17,NEG,ironic,
22954795,12419,12419,1.8361221037009964e+18,2024-09-17,NEU,ironic,
22954796,12420,12420,1.8361221011888663e+18,2024-09-17,NEG,not ironic,
22954797,12421,12421,1.8361220984708795e+18,2024-09-17,NEG,not ironic,
22954798,12422,12422,1.8361220980763727e+18,2024-09-17,NEU,not ironic,
22954800,12424,12424,1.8361220971830725e+18,2024-09-17,NEG,not ironic,
22954801,12425,12425,1.8361220958705293e+18,2024-09-17,NEU,ironic,
22954802,12426,12426,1.836122095509721e+18,2024-09-17,NEG,not ironic,
22954803,12427,12427,1.8361220955052808e+18,2024-09-17,NEU,not ironic,
22954804,12428,12428,1.8361220950861087e+18,2024-09-17,NEG,not ironic,
22954805,12429,12429,1.8361220949599928e+18,2024-09-17,NEU,ironic,
22954806,12430,12430,1.836122094100452e+18,2024-09-17,NEU,ironic,
22954807,12431,12431,1.8361220935885576e+18,2024-09-17,NEG,ironic,
22954808,12432,12432,1.836122092745692e+18,2024-09-17,POS,not ironic,
22954809,12433,12433,1.8361220926324083e+18,2024-09-17,NEG,ironic,
22954810,12434,12434,1.8361220918690816e+18,2024-09-17,NEU,ironic,
22954811,12435,12435,1.8361220917894108e+18,2024-09-17,NEG,not ironic,
22954812,12436,12436,1.8361220914328576e+18,2024-09-17,NEU,not ironic,
22954813,12437,12437,1.8361220900442609e+18,2024-09-17,NEU,not ironic,
22954814,12438,12438,1.836122088760808e+18,2024-09-17,POS,ironic,
22954815,12439,12439,1.836122088182289e+18,2024-09-17,NEG,ironic,
22954816,12440,12440,1.8361220869239967e+18,2024-09-17,NEG,ironic,
22954817,12441,12441,1.8361220866469112e+18,2024-09-17,NEG,not ironic,
22954818,12442,12442,1.836122086604956e+18,2024-09-17,NEU,not ironic,
22954819,12443,12443,1.8361220862401047e+18,2024-09-17,NEG,not ironic,
22954820,12444,12444,1.836122085233476e+18,2024-09-17,NEU,not ironic,
22954821,12445,12445,1.8361220849820344e+18,2024-09-17,NEU,not ironic,
22954822,12446,12446,1.8361220844451272e+18,2024-09-17,NEG,not ironic,
22954823,12447,12447,1.8361220812740567e+18,2024-09-17,POS,ironic,
22954824,12448,12448,1.8361220795755848e+18,2024-09-17,NEG,not ironic,
22954825,12449,12449,1.8361220764046835e+18,2024-09-17,NEG,ironic,
22954826,12450,12450,1.83612207594752e+18,2024-09-17,NEG,ironic,
22954827,12451,12451,1.836122075318092e+18,2024-09-17,NEU,not ironic,
22954828,12452,12452,1.8361220751042235e+18,2024-09-17,NEG,not ironic,
22954829,12453,12453,1.8361220748064443e+18,2024-09-17,POS,not ironic,
22954830,12454,12454,1.83612207411438e+18,2024-09-17,NEG,ironic,
22954831,12455,12455,1.8361220713419407e+18,2024-09-17,NEG,not ironic,
22954832,12456,12456,1.8361220708512404e+18,2024-09-17,NEU,not ironic,
22954833,12457,12457,1.8361220706289093e+18,2024-09-17,NEG,ironic,
22954835,12459,12459,1.8361220692492045e+18,2024-09-17,NEU,not ironic,
22954836,12460,12460,1.8361220688758907e+18,2024-09-17,NEG,not ironic,
22954837,12461,12461,1.83612206882114e+18,2024-09-17,NEG,not ironic,
22954838,12462,12462,1.8361220683474248e+18,2024-09-17,POS,not ironic,
22954839,12463,12463,1.836122066300605e+18,2024-09-17,NEG,not ironic,
22954840,12464,12464,1.83612206506748e+18,2024-09-17,NEU,not ironic,
22954841,12465,12465,1.836122065012945e+18,2024-09-17,NEU,not ironic,
22954842,12466,12466,1.836122064970712e+18,2024-09-17,NEU,not ironic,
22954843,12467,12467,1.8361220645093745e+18,2024-09-17,POS,not ironic,
22954844,12468,12468,1.8361220643499584e+18,2024-09-17,NEG,not ironic,
22954845,12469,12469,1.8361220638592653e+18,2024-09-17,NEU,not ironic,
22954846,12470,12470,1.836122063075185e+18,2024-09-17,NEG,not ironic,
22954847,12471,12471,1.8361220616365384e+18,2024-09-17,NEG,not ironic,
22954848,12472,12472,1.83612206144338e+18,2024-09-17,NEU,not ironic,
22954849,12473,12473,1.8361220610451407e+18,2024-09-17,NEG,ironic,
22954850,12474,12474,1.836122060910924e+18,2024-09-17,POS,ironic,
22954851,12475,12475,1.8361220607807e+18,2024-09-17,NEG,not ironic,
22954852,12476,12476,1.8361220569931653e+18,2024-09-17,NEG,not ironic,
22954853,12477,12477,1.836122056372687e+18,2024-09-17,NEG,ironic,
22954854,12478,12478,1.836122055164728e+18,2024-09-17,NEG,ironic,
22954855,12479,12479,1.8361220530338324e+18,2024-09-17,NEU,ironic,
22954856,12480,12480,1.83612205236274e+18,2024-09-17,NEU,not ironic,
22954857,12481,12481,1.836122051528061e+18,2024-09-17,NEU,not ironic,
22954858,12482,12482,1.8361220464991112e+18,2024-09-17,NEG,not ironic,
22954859,12483,12483,1.836122046369272e+18,2024-09-17,NEG,not ironic,
22954860,12484,12484,1.8361220451232768e+18,2024-09-17,NEG,ironic,
22954861,12485,12485,1.8361220440663409e+18,2024-09-17,POS,not ironic,
22954862,12486,12486,1.836122043739197e+18,2024-09-17,NEG,not ironic,
22954863,12487,12487,1.836122039985541e+18,2024-09-17,NEG,not ironic,
22954864,12488,12488,1.836122039540646e+18,2024-09-17,NEG,ironic,
22954865,12489,12489,1.836122038723056e+18,2024-09-17,NEG,not ironic,
22954866,12490,12490,1.836122038458786e+18,2024-09-17,NEG,not ironic,
22954867,12491,12491,1.8361220373851464e+18,2024-09-17,NEG,ironic,
22954868,12492,12492,1.8361220368898867e+18,2024-09-17,NEG,not ironic,
22954869,12493,12493,1.8361220368311872e+18,2024-09-17,POS,not ironic,
22954870,12494,12494,1.8361220367346767e+18,2024-09-17,NEG,ironic,
22954872,12496,12496,1.8361220336687268e+18,2024-09-17,NEU,not ironic,
22954873,12497,12497,1.83612203345508e+18,2024-09-17,NEG,ironic,
22954874,12498,12498,1.8361220331821755e+18,2024-09-17,POS,not ironic,
22954875,12499,12499,1.8361220299653489e+18,2024-09-17,NEG,not ironic,
22954876,12500,12500,1.8361220288244616e+18,2024-09-17,NEG,not ironic,
22954877,12501,12501,1.8361220282119416e+18,2024-09-17,NEG,not ironic,
22954878,12502,12502,1.8361220281617984e+18,2024-09-17,NEG,ironic,
22954879,12503,12503,1.8361220277885545e+18,2024-09-17,NEU,ironic,
22954880,12504,12504,1.836122027171943e+18,2024-09-17,NEU,not ironic,
22954881,12505,12505,1.8361220266476344e+18,2024-09-17,NEG,ironic,
22954882,12506,12506,1.836122026441876e+18,2024-09-17,NEG,not ironic,
22954883,12507,12507,1.8361220253639967e+18,2024-09-17,NEG,not ironic,
22954884,12508,12508,1.8361220240933235e+18,2024-09-17,NEU,not ironic,
22954885,12509,12509,1.8361220240262351e+18,2024-09-17,NEU,not ironic,
22954886,12510,12510,1.836122023363244e+18,2024-09-17,NEG,ironic,
22954887,12511,12511,1.836122020586885e+18,2024-09-17,NEG,not ironic,
22954888,12512,12512,1.8361220205488456e+18,2024-09-17,POS,ironic,
22954889,12513,12513,1.8361220197857933e+18,2024-09-17,NEG,ironic,
22954891,12515,12515,1.8361220186404367e+18,2024-09-17,NEG,not ironic,
22954892,12516,12516,1.8361220169252577e+18,2024-09-17,NEG,ironic,
22954893,12517,12517,1.836122016472273e+18,2024-09-17,NEU,not ironic,
22954894,12518,12518,1.8361220163758044e+18,2024-09-17,NEG,not ironic,
22954895,12519,12519,1.8361220137877007e+18,2024-09-17,NEG,ironic,
22954896,12520,12520,1.8361220134270075e+18,2024-09-17,NEG,not ironic,
22954897,12521,12521,1.836122013255238e+18,2024-09-17,NEG,not ironic,
22954898,12522,12522,1.83612201272676e+18,2024-09-17,NEG,not ironic,
22954899,12523,12523,1.8361220126719347e+18,2024-09-17,NEU,not ironic,
22954900,12524,12524,1.836122012202472e+18,2024-09-17,NEG,ironic,
22954901,12525,12525,1.836122010813883e+18,2024-09-17,NEU,not ironic,
22954902,12526,12526,1.836122010763547e+18,2024-09-17,NEU,ironic,
22954903,12527,12527,1.8361220101892047e+18,2024-09-17,NEG,not ironic,
22954904,12528,12528,1.836122009324945e+18,2024-09-17,NEG,not ironic,
22954905,12529,12529,1.8361220090984369e+18,2024-09-17,NEU,not ironic,
22954906,12530,12530,1.8361220083980247e+18,2024-09-17,NEU,not ironic,
22954907,12531,12531,1.836122007219344e+18,2024-09-17,NEG,ironic,
22954908,12532,12532,1.8361220054245327e+18,2024-09-17,NEG,not ironic,
22954909,12533,12533,1.8361220037632776e+18,2024-09-17,NEU,not ironic,
22954910,12534,12534,1.836122003490947e+18,2024-09-17,NEU,not ironic,
22954911,12535,12535,1.83612200293306e+18,2024-09-17,NEU,not ironic,
22954912,12536,12536,1.836122002765276e+18,2024-09-17,NEU,not ironic,
22954913,12537,12537,1.8361220015821952e+18,2024-09-17,NEG,ironic,
22954915,12539,12539,1.8361219971069087e+18,2024-09-17,NEG,ironic,
22954916,12540,12540,1.8361219954082737e+18,2024-09-17,NEU,not ironic,
22954917,12541,12541,1.83612199521532e+18,2024-09-17,POS,not ironic,
22954918,12542,12542,1.8361219939821773e+18,2024-09-17,NEU,ironic,
22954919,12543,12543,1.8361219934788529e+18,2024-09-17,NEU,not ironic,
22954920,12544,12544,1.836121992514126e+18,2024-09-17,NEU,not ironic,
22954921,12545,12545,1.8361219908576584e+18,2024-09-17,POS,not ironic,
22954922,12546,12546,1.8361219903918164e+18,2024-09-17,POS,not ironic,
22954923,12547,12547,1.8361219883578527e+18,2024-09-17,POS,not ironic,
22954924,12548,12548,1.836121987539964e+18,2024-09-17,NEG,ironic,
22954925,12549,12549,1.8361219872421688e+18,2024-09-17,NEG,not ironic,
22954926,12550,12550,1.8361219868853947e+18,2024-09-17,NEU,not ironic,
22954927,12551,12551,1.83612198440682e+18,2024-09-17,NEU,ironic,
22954928,12552,12552,1.836121982934344e+18,2024-09-17,POS,not ironic,
22954929,12553,12553,1.836121982774936e+18,2024-09-17,NEU,not ironic,
22954930,12554,12554,1.836121981726671e+18,2024-09-17,NEG,not ironic,
22954931,12555,12555,1.836121980723921e+18,2024-09-17,NEG,ironic,
22954932,12556,12556,1.8361219805562675e+18,2024-09-17,NEG,ironic,
22954934,12558,12558,1.8361219779179763e+18,2024-09-17,NEU,not ironic,
22954935,12559,12559,1.8361219768654605e+18,2024-09-17,NEU,ironic,
22954936,12560,12560,1.8361219757288653e+18,2024-09-17,NEU,not ironic,
22954937,12561,12561,1.8361219757036385e+18,2024-09-17,NEG,ironic,
22954938,12562,12562,1.836121975283929e+18,2024-09-17,NEG,not ironic,
22954939,12563,12563,1.8361219734972047e+18,2024-09-17,NEG,not ironic,
22954940,12564,12564,1.8361219718533327e+18,2024-09-17,NEG,not ironic,
22954941,12565,12565,1.8361219712031173e+18,2024-09-17,NEU,not ironic,
22954943,12567,12567,1.8361219684013555e+18,2024-09-17,NEG,not ironic,
22954944,12568,12568,1.8361219676967887e+18,2024-09-17,NEU,not ironic,
22954945,12569,12569,1.836121967318991e+18,2024-09-17,NEG,ironic,
22954946,12570,12570,1.836121965683188e+18,2024-09-17,NEG,ironic,
22954947,12571,12571,1.836121964819133e+18,2024-09-17,NEU,not ironic,
22954948,12572,12572,1.8361219646933896e+18,2024-09-17,NEU,ironic,
22954949,12573,12573,1.8361219645045847e+18,2024-09-17,NEU,not ironic,
22954950,12574,12574,1.836121963514692e+18,2024-09-17,NEG,not ironic,
22954951,12575,12575,1.836121963120788e+18,2024-09-17,NEG,ironic,
22954952,12576,12576,1.8361219630492183e+18,2024-09-17,NEU,not ironic,
22954953,12577,12577,1.836121962487087e+18,2024-09-17,NEG,not ironic,
22954954,12578,12578,1.8361219620677263e+18,2024-09-17,NEU,not ironic,
22954955,12579,12579,1.8361219615518351e+18,2024-09-17,NEG,ironic,
22954956,12580,12580,1.8361219598657664e+18,2024-09-17,NEU,not ironic,
22954957,12581,12581,1.8361219587083185e+18,2024-09-17,NEG,not ironic,
22954958,12582,12582,1.836121958649312e+18,2024-09-17,POS,not ironic,
22954959,12583,12583,1.8361219581630587e+18,2024-09-17,POS,ironic,
22954960,12584,12584,1.836121957978252e+18,2024-09-17,POS,not ironic,
22954961,12585,12585,1.8361219576136049e+18,2024-09-17,NEG,ironic,
22954962,12586,12586,1.8361219574581903e+18,2024-09-17,NEG,not ironic,
22954963,12587,12587,1.8361219559062853e+18,2024-09-17,NEU,not ironic,
22954964,12588,12588,1.8361219553528755e+18,2024-09-17,NEG,ironic,
22954965,12589,12589,1.8361219549877407e+18,2024-09-17,NEG,not ironic,
22954966,12590,12590,1.8361219541491087e+18,2024-09-17,NEU,not ironic,
22954967,12591,12591,1.836121953540752e+18,2024-09-17,NEG,not ironic,
22954968,12592,12592,1.8361219527230177e+18,2024-09-17,NEG,not ironic,
22954969,12593,12593,1.836121948914598e+18,2024-09-17,NEG,not ironic,
22954970,12594,12594,1.8361219487549727e+18,2024-09-17,NEU,not ironic,
22954971,12595,12595,1.8361219482013576e+18,2024-09-17,NEG,ironic,
22954972,12596,12596,1.836121946062492e+18,2024-09-17,NEU,not ironic,
22954973,12597,12597,1.8361219445229647e+18,2024-09-17,NEG,not ironic,
22954974,12598,12598,1.836121940752273e+18,2024-09-17,NEG,not ironic,
22954975,12599,12599,1.8361219397456568e+18,2024-09-17,NEG,not ironic,
22954976,12600,12600,1.8361219395694515e+18,2024-09-17,NEG,ironic,
22954977,12601,12601,1.8361219390493773e+18,2024-09-17,NEG,not ironic,
22954978,12602,12602,1.8361219387431488e+18,2024-09-17,NEG,not ironic,
22954979,12603,12603,1.8361219380511173e+18,2024-09-17,POS,ironic,
22954980,12604,12604,1.836121937782936e+18,2024-09-17,NEU,ironic,
22954981,12605,12605,1.8361219374264773e+18,2024-09-17,NEU,ironic,
22954982,12606,12606,1.8361219368266345e+18,2024-09-17,NEG,not ironic,
22954983,12607,12607,1.8361219354757985e+18,2024-09-17,NEU,not ironic,
22954984,12608,12608,1.8361219341255808e+18,2024-09-17,NEG,not ironic,
22954985,12609,12609,1.8361219334793009e+18,2024-09-17,NEG,not ironic,
22954986,12610,12610,1.836121929788334e+18,2024-09-17,NEG,not ironic,
22954987,12611,12611,1.8361219286307064e+18,2024-09-17,NEG,not ironic,
22954988,12612,12612,1.8361219286055404e+18,2024-09-17,NEG,ironic,
22954989,12613,12613,1.8361219265673664e+18,2024-09-17,NEU,not ironic,
22954990,12614,12614,1.836121924633564e+18,2024-09-17,NEG,ironic,
22954991,12615,12615,1.836121923853693e+18,2024-09-17,NEG,ironic,
22954992,12616,12616,1.8361219235976115e+18,2024-09-17,POS,not ironic,
22954993,12617,12617,1.8361219231781888e+18,2024-09-17,NEG,ironic,
22954994,12618,12618,1.8361219228344648e+18,2024-09-17,NEG,not ironic,
22954995,12619,12619,1.836121921941049e+18,2024-09-17,POS,ironic,
22954996,12620,12620,1.8361219206448005e+18,2024-09-17,NEG,ironic,
22954997,12621,12621,1.83612191978494e+18,2024-09-17,NEU,ironic,
22954998,12622,12622,1.8361219193783173e+18,2024-09-17,NEU,not ironic,
22954999,12623,12623,1.83612191731873e+18,2024-09-17,NEG,not ironic,
22955000,12624,12624,1.8361219169663388e+18,2024-09-17,NEG,ironic,
22955001,12625,12625,1.8361219148440904e+18,2024-09-17,NEG,ironic,
22955002,12626,12626,1.836121914361733e+18,2024-09-17,POS,ironic,
22955003,12627,12627,1.836121914063946e+18,2024-09-17,NEG,not ironic,
22955004,12628,12628,1.8361219133257687e+18,2024-09-17,NEU,not ironic,
22955005,12629,12629,1.8361219122438843e+18,2024-09-17,NEU,not ironic,
22955006,12630,12630,1.836121911048442e+18,2024-09-17,NEG,ironic,
22955007,12631,12631,1.836121910402511e+18,2024-09-17,NEG,not ironic,
22955008,12632,12632,1.8361219103354104e+18,2024-09-17,NEU,ironic,
22955009,12633,12633,1.8361219080663245e+18,2024-09-17,NEU,not ironic,
22955010,12634,12634,1.836121905579069e+18,2024-09-17,NEG,not ironic,
22955011,12635,12635,1.8361219055413207e+18,2024-09-17,NEG,not ironic,
22955012,12636,12636,1.8361219045724204e+18,2024-09-17,NEG,ironic,
22955013,12637,12637,1.8361219023952983e+18,2024-09-17,NEG,ironic,
22955014,12638,12638,1.836121902391416e+18,2024-09-17,NEG,not ironic,
22955015,12639,12639,1.8361219009524657e+18,2024-09-17,NEG,ironic,
22955016,12640,12640,1.8361219008227287e+18,2024-09-17,NEG,not ironic,
22955017,12641,12641,1.8361219003234225e+18,2024-09-17,NEG,ironic,
22955018,12642,12642,1.8361218998075151e+18,2024-09-17,NEG,ironic,
22955019,12643,12643,1.8361218970310943e+18,2024-09-17,NEG,ironic,
22955020,12644,12644,1.8361218961541816e+18,2024-09-17,NEU,not ironic,
22955021,12645,12645,1.8361218950343355e+18,2024-09-17,NEG,ironic,
22955022,12646,12646,1.836121894690476e+18,2024-09-17,NEG,ironic,
22955023,12647,12647,1.8361218943758216e+18,2024-09-17,NEU,ironic,
22955024,12648,12648,1.8361218943171543e+18,2024-09-17,NEG,ironic,
22955025,12649,12649,1.836121893587272e+18,2024-09-17,NEG,not ironic,
22955026,12650,12650,1.83612189345731e+18,2024-09-17,NEG,not ironic,
22955027,12651,12651,1.8361218934195244e+18,2024-09-17,NEU,not ironic,
22955028,12652,12652,1.836121892287108e+18,2024-09-17,NEG,not ironic,
22955029,12653,12653,1.8361218907519304e+18,2024-09-17,NEU,not ironic,
22955030,12654,12654,1.8361218905299108e+18,2024-09-17,POS,ironic,
22955031,12655,12655,1.8361218903705231e+18,2024-09-17,NEG,ironic,
22955032,12656,12656,1.8361218893091064e+18,2024-09-17,NEU,not ironic,
22955033,12657,12657,1.836121888327897e+18,2024-09-17,NEG,not ironic,
22955034,12658,12658,1.8361218882230395e+18,2024-09-17,NEU,not ironic,
22955035,12659,12659,1.836121887812039e+18,2024-09-17,NEU,ironic,
22955036,12660,12660,1.8361218868889887e+18,2024-09-17,NEU,not ironic,
22955037,12661,12661,1.836121886599832e+18,2024-09-17,NEU,not ironic,
22955038,12662,12662,1.8361218857691464e+18,2024-09-17,NEU,ironic,
22955039,12663,12663,1.8361218854503795e+18,2024-09-17,NEG,not ironic,
22955040,12664,12664,1.836121885332984e+18,2024-09-17,NEG,ironic,
22955041,12665,12665,1.8361218849470344e+18,2024-09-17,NEG,not ironic,
22955042,12666,12666,1.8361218844355835e+18,2024-09-17,NEG,ironic,
22955043,12667,12667,1.836121884171088e+18,2024-09-17,NEG,not ironic,
22955044,12668,12668,1.8361218841123884e+18,2024-09-17,NEG,not ironic,
22955045,12669,12669,1.8361218840581368e+18,2024-09-17,NEG,ironic,
22955046,12670,12670,1.836121883055694e+18,2024-09-17,NEG,ironic,
22955047,12671,12671,1.8361218821368264e+18,2024-09-17,NEG,not ironic,
22955048,12672,12672,1.8361218817383547e+18,2024-09-17,POS,not ironic,
22955049,12673,12673,1.836121880618808e+18,2024-09-17,NEG,not ironic,
22955050,12674,12674,1.8361218803165143e+18,2024-09-17,NEG,ironic,
22955051,12675,12675,1.8361218787229368e+18,2024-09-17,NEG,not ironic,
22955052,12676,12676,1.836121876449362e+18,2024-09-17,NEG,ironic,
22955053,12677,12677,1.836121876172804e+18,2024-09-17,NEG,ironic,
22955054,12678,12678,1.836121874998416e+18,2024-09-17,POS,not ironic,
22955055,12679,12679,1.8361218748974408e+18,2024-09-17,NEG,not ironic,
22955056,12680,12680,1.836121874385797e+18,2024-09-17,NEG,ironic,
22955057,12681,12681,1.8361218725025047e+18,2024-09-17,NEU,not ironic,
22955058,12682,12682,1.8361218714162127e+18,2024-09-17,NEG,not ironic,
22955059,12683,12683,1.8361218705817969e+18,2024-09-17,NEG,ironic,
22955060,12684,12684,1.836121869646467e+18,2024-09-17,NEG,ironic,
22955061,12685,12685,1.8361218689877568e+18,2024-09-17,NEG,not ironic,
22955062,12686,12686,1.8361218688744407e+18,2024-09-17,NEU,not ironic,
22955063,12687,12687,1.8361218688243635e+18,2024-09-17,NEU,not ironic,
22955064,12688,12688,1.836121867456815e+18,2024-09-17,NEG,ironic,
22955065,12689,12689,1.836121867255714e+18,2024-09-17,NEU,ironic,
22955066,12690,12690,1.8361218653554857e+18,2024-09-17,POS,not ironic,
22955067,12691,12691,1.836121864801764e+18,2024-09-17,NEU,not ironic,
22955068,12692,12692,1.8361218641181696e+18,2024-09-17,POS,ironic,
22955069,12693,12693,1.8361218629146668e+18,2024-09-17,NEG,not ironic,
22955070,12694,12694,1.8361218624364588e+18,2024-09-17,NEG,not ironic,
22955071,12695,12695,1.8361218616141952e+18,2024-09-17,NEG,not ironic,
22955072,12696,12696,1.8361218607167936e+18,2024-09-17,POS,ironic,
22955073,12697,12697,1.8361218599953736e+18,2024-09-17,NEU,not ironic,
22955074,12698,12698,1.836121859231744e+18,2024-09-17,NEG,not ironic,
22955075,12699,12699,1.8361218587158776e+18,2024-09-17,POS,not ironic,
22955076,12700,12700,1.8361218567112333e+18,2024-09-17,NEG,ironic,
22955077,12701,12701,1.8361218558850253e+18,2024-09-17,POS,not ironic,
22955078,12702,12702,1.836121855411e+18,2024-09-17,NEU,not ironic,
22955079,12703,12703,1.8361218524999025e+18,2024-09-17,NEU,not ironic,
22955080,12704,12704,1.836121851501724e+18,2024-09-17,NEG,ironic,
22955081,12705,12705,1.836121851254232e+18,2024-09-17,NEG,not ironic,
22955082,12706,12706,1.8361218499875392e+18,2024-09-17,NEG,not ironic,
22955083,12707,12707,1.8361218499497736e+18,2024-09-17,NEG,ironic,
22955084,12708,12708,1.8361218493922388e+18,2024-09-17,POS,not ironic,
22955085,12709,12709,1.836121849148904e+18,2024-09-17,NEG,ironic,
22955086,12710,12710,1.836121847882224e+18,2024-09-17,NEU,not ironic,
22955087,12711,12711,1.836121844644e+18,2024-09-17,NEG,ironic,
22955088,12712,12712,1.8361218446103964e+18,2024-09-17,NEG,not ironic,
22955089,12713,12713,1.836121844019004e+18,2024-09-17,NEU,not ironic,
22955090,12714,12714,1.8361218433731008e+18,2024-09-17,NEU,ironic,
22955091,12715,12715,1.836121840365732e+18,2024-09-17,NEG,not ironic,
22955092,12716,12716,1.836121839967335e+18,2024-09-17,NEG,not ironic,
22955093,12717,12717,1.8361218396988828e+18,2024-09-17,NEU,not ironic,
22955094,12718,12718,1.8361218393593856e+18,2024-09-17,NEG,not ironic,
22955095,12719,12719,1.8361218377317133e+18,2024-09-17,POS,ironic,
22955096,12720,12720,1.8361218361172585e+18,2024-09-17,NEG,not ironic,
22955097,12721,12721,1.83612183533287e+18,2024-09-17,NEU,not ironic,
22955098,12722,12722,1.8361218349553708e+18,2024-09-17,NEG,ironic,
22955099,12723,12723,1.836121834657649e+18,2024-09-17,NEG,ironic,
22955100,12724,12724,1.8361218342298424e+18,2024-09-17,POS,ironic,
22955101,12725,12725,1.83612183327325e+18,2024-09-17,NEU,not ironic,
22955102,12726,12726,1.8361218321239245e+18,2024-09-17,NEG,ironic,
22955103,12727,12727,1.83612183159156e+18,2024-09-17,NEG,not ironic,
22955104,12728,12728,1.8361218307023544e+18,2024-09-17,NEG,not ironic,
22955105,12729,12729,1.836121828835889e+18,2024-09-17,NEU,not ironic,
22955106,12730,12730,1.8361218273088968e+18,2024-09-17,NEG,not ironic,
22955107,12731,12731,1.8361218272501724e+18,2024-09-17,NEG,ironic,
22955108,12732,12732,1.8361218266546217e+18,2024-09-17,NEU,ironic,
22955109,12733,12733,1.8361218264449272e+18,2024-09-17,NEU,not ironic,
22955110,12734,12734,1.8361218251153165e+18,2024-09-17,NEG,ironic,
22955111,12735,12735,1.8361218239703045e+18,2024-09-17,NEG,not ironic,
22955112,12736,12736,1.8361218229009487e+18,2024-09-17,NEG,not ironic,
22955113,12737,12737,1.836121821281936e+18,2024-09-17,NEG,not ironic,
22955114,12738,12738,1.8361218209629924e+18,2024-09-17,POS,not ironic,
22955115,12739,12739,1.8361218184463447e+18,2024-09-17,NEG,not ironic,
22955116,12740,12740,1.8361218179808504e+18,2024-09-17,NEG,not ironic,
22955117,12741,12741,1.83612181759488e+18,2024-09-17,NEG,not ironic,
22955118,12742,12742,1.836121815992992e+18,2024-09-17,POS,not ironic,
22955119,12743,12743,1.836121815451628e+18,2024-09-17,POS,not ironic,
22955120,12744,12744,1.8361218150953487e+18,2024-09-17,NEG,ironic,
22955121,12745,12745,1.836121815032214e+18,2024-09-17,NEG,ironic,
22955122,12746,12746,1.836121811395793e+18,2024-09-17,NEU,ironic,
22955123,12747,12747,1.836121811328636e+18,2024-09-17,NEG,not ironic,
22955124,12748,12748,1.8361218112533345e+18,2024-09-17,NEG,ironic,
22955125,12749,12749,1.8361218101964024e+18,2024-09-17,NEG,not ironic,
22955126,12750,12750,1.8361218083467144e+18,2024-09-17,NEG,ironic,
22955127,12751,12751,1.83612180686588e+18,2024-09-17,NEU,not ironic,
22955128,12752,12752,1.8361218066144663e+18,2024-09-17,NEU,not ironic,
22955129,12753,12753,1.836121804760584e+18,2024-09-17,NEU,ironic,
22955130,12754,12754,1.836121804664197e+18,2024-09-17,NEG,not ironic,
22955131,12755,12755,1.8361218041606024e+18,2024-09-17,NEG,ironic,
22955132,12756,12756,1.8361218036195085e+18,2024-09-17,NEG,ironic,
22955133,12757,12757,1.836121801958536e+18,2024-09-17,NEG,not ironic,
22955134,12758,12758,1.8361218013506028e+18,2024-09-17,NEG,ironic,
22955135,12759,12759,1.836121800570188e+18,2024-09-17,NEG,ironic,
22955136,12760,12760,1.836121800348164e+18,2024-09-17,NEU,not ironic,
22955137,12761,12761,1.8361217997901453e+18,2024-09-17,NEG,not ironic,
22955138,12762,12762,1.8361217992828928e+18,2024-09-17,NEU,not ironic,
22955139,12763,12763,1.8361217992073303e+18,2024-09-17,NEU,not ironic,
22955140,12764,12764,1.8361217991192947e+18,2024-09-17,NEG,not ironic,
22955141,12765,12765,1.8361217990479424e+18,2024-09-17,NEG,not ironic,
22955142,12766,12766,1.8361217968540344e+18,2024-09-17,NEG,ironic,
22955143,12767,12767,1.8361217949498616e+18,2024-09-17,NEU,ironic,
22955144,12768,12768,1.836121792886584e+18,2024-09-17,NEG,not ironic,
22955145,12769,12769,1.8361217927604844e+18,2024-09-17,NEG,not ironic,
22955146,12770,12770,1.8361217909023168e+18,2024-09-17,NEG,ironic,
22955147,12771,12771,1.836121790600315e+18,2024-09-17,NEG,not ironic,
22955148,12772,12772,1.8361217893464965e+18,2024-09-17,NEU,not ironic,
22955149,12773,12773,1.836121788943836e+18,2024-09-17,NEG,ironic,
22955150,12774,12774,1.8361217885787013e+18,2024-09-17,POS,ironic,
22955151,12775,12775,1.8361217858107187e+18,2024-09-17,NEG,not ironic,
22955152,12776,12776,1.836121785240293e+18,2024-09-17,NEU,not ironic,
22955153,12777,12777,1.8361217847453647e+18,2024-09-17,NEU,not ironic,
22955154,12778,12778,1.836121784472736e+18,2024-09-17,NEU,not ironic,
22955155,12779,12779,1.8361217843133524e+18,2024-09-17,NEU,ironic,
22955156,12780,12780,1.8361217814108936e+18,2024-09-17,NEU,not ironic,
22955157,12781,12781,1.8361217812092685e+18,2024-09-17,NEU,ironic,
22955159,12783,12783,1.8361217781896684e+18,2024-09-17,POS,not ironic,
22955160,12784,12784,1.8361217778876785e+18,2024-09-17,NEG,ironic,
22955161,12785,12785,1.836121776205472e+18,2024-09-17,NEU,ironic,
22955162,12786,12786,1.8361217760967112e+18,2024-09-17,NEG,ironic,
22955163,12787,12787,1.8361217756896832e+18,2024-09-17,NEU,not ironic,
22955164,12788,12788,1.8361217755092544e+18,2024-09-17,NEG,not ironic,
22955165,12789,12789,1.8361217753163328e+18,2024-09-17,NEG,not ironic,
22955166,12790,12790,1.8361217740580088e+18,2024-09-17,NEG,ironic,
22955167,12791,12791,1.836121773760292e+18,2024-09-17,NEG,not ironic,
22955168,12792,12792,1.836121773697328e+18,2024-09-17,POS,not ironic,
22955169,12793,12793,1.8361217724977969e+18,2024-09-17,NEG,ironic,
22955170,12794,12794,1.836121771407229e+18,2024-09-17,NEG,not ironic,
22955171,12795,12795,1.836121770396721e+18,2024-09-17,NEG,ironic,
22955172,12796,12796,1.836121769393922e+18,2024-09-17,NEU,not ironic,
22955173,12797,12797,1.8361217692891057e+18,2024-09-17,NEG,not ironic,
22955174,12798,12798,1.8361217690165207e+18,2024-09-17,NEU,ironic,
22955175,12799,12799,1.8361217684630776e+18,2024-09-17,NEG,not ironic,
22955176,12800,12800,1.836121767829816e+18,2024-09-17,NEG,not ironic,
22955177,12801,12801,1.83612176730128e+18,2024-09-17,NEU,not ironic,
22955178,12802,12802,1.836121763996144e+18,2024-09-17,NEU,ironic,
22955179,12803,12803,1.8361217639329587e+18,2024-09-17,NEU,not ironic,
22955181,12805,12805,1.8361217630398305e+18,2024-09-17,NEG,not ironic,
22955182,12806,12806,1.8361217628382456e+18,2024-09-17,NEG,ironic,
22955183,12807,12807,1.8361217627586068e+18,2024-09-17,NEG,ironic,
22955184,12808,12808,1.836121762372948e+18,2024-09-17,NEG,not ironic,
22955186,12810,12810,1.836121761999688e+18,2024-09-17,NEU,not ironic,
22955187,12811,12811,1.836121760909136e+18,2024-09-17,NEU,ironic,
22955188,12812,12812,1.8361217607284905e+18,2024-09-17,NEG,not ironic,
22955189,12813,12813,1.836121759969612e+18,2024-09-17,NEG,not ironic,
22955190,12814,12814,1.836121759386604e+18,2024-09-17,NEG,not ironic,
22955191,12815,12815,1.836121758820442e+18,2024-09-17,NEU,not ironic,
22955192,12816,12816,1.8361217562325484e+18,2024-09-17,NEG,not ironic,
22955193,12817,12817,1.836121755875672e+18,2024-09-17,NEU,not ironic,
22955194,12818,12818,1.8361217553517325e+18,2024-09-17,POS,ironic,
22955195,12819,12819,1.8361217550703785e+18,2024-09-17,NEU,not ironic,
22955197,12821,12821,1.836121753250084e+18,2024-09-17,NEU,ironic,
22955198,12822,12822,1.8361217525582769e+18,2024-09-17,NEU,not ironic,
22955199,12823,12823,1.836121750796669e+18,2024-09-17,NEU,not ironic,
22955200,12824,12824,1.8361217499829745e+18,2024-09-17,NEG,not ironic,
22955201,12825,12825,1.836121749789753e+18,2024-09-17,POS,not ironic,
22955202,12826,12826,1.836121749550961e+18,2024-09-17,NEU,not ironic,
22955203,12827,12827,1.8361217489299087e+18,2024-09-17,NEG,ironic,
22955204,12828,12828,1.836121747856441e+18,2024-09-17,POS,not ironic,
22955205,12829,12829,1.8361217471853727e+18,2024-09-17,NEG,not ironic,
22955206,12830,12830,1.8361217471599823e+18,2024-09-17,NEG,ironic,
22955207,12831,12831,1.836121745985848e+18,2024-09-17,NEG,not ironic,
22955208,12832,12832,1.836121745897448e+18,2024-09-17,NEG,ironic,
22955209,12833,12833,1.836121745788732e+18,2024-09-17,NEU,not ironic,
22955210,12834,12834,1.8361217447484823e+18,2024-09-17,NEG,not ironic,
22955211,12835,12835,1.8361217427223475e+18,2024-09-17,NEU,not ironic,
22955212,12836,12836,1.8361217416612828e+18,2024-09-17,NEG,ironic,
22955213,12837,12837,1.8361217414349908e+18,2024-09-17,NEU,not ironic,
22955214,12838,12838,1.8361217412630807e+18,2024-09-17,NEG,not ironic,
22955215,12839,12839,1.8361217408352256e+18,2024-09-17,NEU,not ironic,
22955217,12841,12841,1.8361217395979515e+18,2024-09-17,NEG,ironic,
22955218,12842,12842,1.8361217351519155e+18,2024-09-17,NEG,not ironic,
22955219,12843,12843,1.8361217351055688e+18,2024-09-17,NEU,ironic,
22955220,12844,12844,1.836121735089009e+18,2024-09-17,NEG,ironic,
22955221,12845,12845,1.836121733503554e+18,2024-09-17,POS,ironic,
22955222,12846,12846,1.8361217327192187e+18,2024-09-17,NEU,not ironic,
22955223,12847,12847,1.8361217326730568e+18,2024-09-17,NEG,not ironic,
22955224,12848,12848,1.8361217314483448e+18,2024-09-17,NEG,not ironic,
22955225,12849,12849,1.8361217307728328e+18,2024-09-17,NEU,not ironic,
22955226,12850,12850,1.8361217300555983e+18,2024-09-17,NEG,ironic,
22955227,12851,12851,1.8361217293386097e+18,2024-09-17,NEG,not ironic,
22955228,12852,12852,1.836121727820272e+18,2024-09-17,POS,not ironic,
22955229,12853,12853,1.8361217276399168e+18,2024-09-17,NEG,ironic,
22955230,12854,12854,1.836121726641444e+18,2024-09-17,NEG,not ironic,
22955231,12855,12855,1.8361217227575137e+18,2024-09-17,NEG,ironic,
22955232,12856,12856,1.83612172219544e+18,2024-09-17,NEU,not ironic,
22955233,12857,12857,1.8361217219985823e+18,2024-09-17,NEG,ironic,
22955235,12859,12859,1.8361217216963912e+18,2024-09-17,NEU,not ironic,
22955236,12860,12860,1.8361217211723e+18,2024-09-17,NEU,not ironic,
22955237,12861,12861,1.8361217210042944e+18,2024-09-17,NEG,not ironic,
22955238,12862,12862,1.8361217193810327e+18,2024-09-17,NEG,ironic,
22955239,12863,12863,1.836121718664106e+18,2024-09-17,NEG,not ironic,
22955240,12864,12864,1.836121718055908e+18,2024-09-17,POS,ironic,
22955241,12865,12865,1.8361217179595328e+18,2024-09-17,NEU,ironic,
22955242,12866,12866,1.8361217170364948e+18,2024-09-17,NEG,not ironic,
22955243,12867,12867,1.8361217165669545e+18,2024-09-17,NEG,not ironic,
22955244,12868,12868,1.836121716059444e+18,2024-09-17,NEU,not ironic,
22955245,12869,12869,1.8361217157991176e+18,2024-09-17,NEU,ironic,
22955246,12870,12870,1.8361217157448704e+18,2024-09-17,NEG,not ironic,
22955247,12871,12871,1.836121715321004e+18,2024-09-17,NEU,not ironic,
22955248,12872,12872,1.8361217144066253e+18,2024-09-17,NEG,not ironic,
22955249,12873,12873,1.8361217140836723e+18,2024-09-17,NEG,not ironic,
22955250,12874,12874,1.836121712808858e+18,2024-09-17,POS,not ironic,
22955251,12875,12875,1.8361217122971323e+18,2024-09-17,NEG,not ironic,
22955252,12876,12876,1.8361217122426268e+18,2024-09-17,NEG,not ironic,
22955253,12877,12877,1.8361217114666808e+18,2024-09-17,NEU,ironic,
22955254,12878,12878,1.836121711399572e+18,2024-09-17,NEU,not ironic,
22955255,12879,12879,1.836121710871089e+18,2024-09-17,NEG,not ironic,
22955256,12880,12880,1.8361217100529167e+18,2024-09-17,NEU,not ironic,
22955258,12882,12882,1.8361217082706168e+18,2024-09-17,NEG,ironic,
22955259,12883,12883,1.8361217074107884e+18,2024-09-17,NEG,not ironic,
22955260,12884,12884,1.8361217072471985e+18,2024-09-17,NEG,not ironic,
22955261,12885,12885,1.836121706613871e+18,2024-09-17,NEG,not ironic,
22955262,12886,12886,1.8361217047094769e+18,2024-09-17,NEG,not ironic,
22955263,12887,12887,1.8361217032039017e+18,2024-09-17,NEG,ironic,
22955264,12888,12888,1.8361217031575104e+18,2024-09-17,NEG,not ironic,
22955265,12889,12889,1.8361217031535703e+18,2024-09-17,NEG,ironic,
22955266,12890,12890,1.8361217023440727e+18,2024-09-17,NEU,not ironic,
22955267,12891,12891,1.8361217012323863e+18,2024-09-17,NEG,not ironic,
22955268,12892,12892,1.8361217005488745e+18,2024-09-17,NEG,not ironic,
22955269,12893,12893,1.8361216998062656e+18,2024-09-17,NEG,ironic,
22955270,12894,12894,1.8361216996846267e+18,2024-09-17,NEG,ironic,
22955271,12895,12895,1.8361216994206968e+18,2024-09-17,NEU,not ironic,
22955272,12896,12896,1.836121698829243e+18,2024-09-17,NEU,not ironic,
22955273,12897,12897,1.8361216983760404e+18,2024-09-17,NEG,ironic,
22955274,12898,12898,1.8361216982755945e+18,2024-09-17,POS,not ironic,
22955275,12899,12899,1.8361216972438487e+18,2024-09-17,NEU,not ironic,
22955276,12900,12900,1.836121696450856e+18,2024-09-17,NEU,not ironic,
22955278,12902,12902,1.8361216950625608e+18,2024-09-17,NEG,not ironic,
22955279,12903,12903,1.8361216947649613e+18,2024-09-17,POS,not ironic,
22955280,12904,12904,1.836121694060401e+18,2024-09-17,NEG,ironic,
22955281,12905,12905,1.83612169375803e+18,2024-09-17,NEU,ironic,
22955282,12906,12906,1.836121693250855e+18,2024-09-17,NEG,not ironic,
22955283,12907,12907,1.8361216926553047e+18,2024-09-17,NEG,not ironic,
22955284,12908,12908,1.8361216925714068e+18,2024-09-17,NEG,ironic,
22955285,12909,12909,1.836121692113924e+18,2024-09-17,POS,ironic,
22955286,12910,12910,1.836121690813928e+18,2024-09-17,NEU,not ironic,
22955287,12911,12911,1.836121690679428e+18,2024-09-17,NEG,not ironic,
22955288,12912,12912,1.836121688502661e+18,2024-09-17,NEU,not ironic,
22955289,12913,12913,1.8361216853610824e+18,2024-09-17,NEG,not ironic,
22955290,12914,12914,1.836121685248074e+18,2024-09-17,NEG,not ironic,
22955291,12915,12915,1.836121683398128e+18,2024-09-17,NEG,not ironic,
22955292,12916,12916,1.836121682425115e+18,2024-09-17,NEU,ironic,
22955293,12917,12917,1.8361216821147364e+18,2024-09-17,NEG,not ironic,
22955294,12918,12918,1.8361216813304177e+18,2024-09-17,NEU,not ironic,
22955295,12919,12919,1.8361216807308209e+18,2024-09-17,NEG,not ironic,
22955296,12920,12920,1.836121676662149e+18,2024-09-17,NEU,not ironic,
22955298,12922,12922,1.8361216758738168e+18,2024-09-17,NEG,ironic,
22955299,12923,12923,1.8361216746740408e+18,2024-09-17,POS,not ironic,
22955300,12924,12924,1.836121673541538e+18,2024-09-17,NEG,not ironic,
22955301,12925,12925,1.836121672417432e+18,2024-09-17,NEU,not ironic,
22955302,12926,12926,1.8361216718596672e+18,2024-09-17,POS,not ironic,
22955303,12927,12927,1.83612167133558e+18,2024-09-17,NEG,ironic,
22955304,12928,12928,1.8361216711929736e+18,2024-09-17,NEG,ironic,
22955305,12929,12929,1.8361216707777367e+18,2024-09-17,NEG,not ironic,
22955306,12930,12930,1.8361216696368868e+18,2024-09-17,NEG,not ironic,
22955307,12931,12931,1.836121669015921e+18,2024-09-17,NEG,not ironic,
22955308,12932,12932,1.836121668919452e+18,2024-09-17,NEG,not ironic,
22955309,12933,12933,1.8361216683911665e+18,2024-09-17,NEG,not ironic,
22955310,12934,12934,1.8361216680722104e+18,2024-09-17,NEU,not ironic,
22955311,12935,12935,1.8361216640413983e+18,2024-09-17,NEG,ironic,
22955312,12936,12936,1.836121663869432e+18,2024-09-17,NEU,ironic,
22955313,12937,12937,1.8361216622671995e+18,2024-09-17,NEG,not ironic,
22955314,12938,12938,1.8361216621333256e+18,2024-09-17,NEU,not ironic,
22955315,12939,12939,1.8361216618058225e+18,2024-09-17,NEU,ironic,
22955316,12940,12940,1.836121660828844e+18,2024-09-17,NEG,not ironic,
22955317,12941,12941,1.836121660023284e+18,2024-09-17,NEG,ironic,
22955318,12942,12942,1.8361216571462487e+18,2024-09-17,NEG,ironic,
22955319,12943,12943,1.836121656101868e+18,2024-09-17,NEG,not ironic,
22955320,12944,12944,1.8361216550868465e+18,2024-09-17,NEG,not ironic,
22955321,12945,12945,1.8361216548268728e+18,2024-09-17,NEG,not ironic,
22955322,12946,12946,1.8361216542560832e+18,2024-09-17,NEU,not ironic,
22955323,12947,12947,1.836121653291684e+18,2024-09-17,NEU,ironic,
22955324,12948,12948,1.8361216526541496e+18,2024-09-17,NEG,not ironic,
22955325,12949,12949,1.836121652339336e+18,2024-09-17,NEU,not ironic,
22955326,12950,12950,1.8361216515844216e+18,2024-09-17,NEG,not ironic,
22955327,12951,12951,1.836121651286589e+18,2024-09-17,NEG,ironic,
22955328,12952,12952,1.8361216510897444e+18,2024-09-17,NEU,not ironic,
22955329,12953,12953,1.836121648690332e+18,2024-09-17,NEG,not ironic,
22955330,12954,12954,1.8361216479187968e+18,2024-09-17,NEG,ironic,
22955331,12955,12955,1.8361216464253176e+18,2024-09-17,NEG,not ironic,
22955332,12956,12956,1.8361216461192072e+18,2024-09-17,NEG,ironic,
22955333,12957,12957,1.8361216454441613e+18,2024-09-17,POS,not ironic,
22955334,12958,12958,1.8361216444624937e+18,2024-09-17,NEU,not ironic,
22955335,12959,12959,1.8361216424784896e+18,2024-09-17,NEG,ironic,
22955336,12960,12960,1.8361216422984133e+18,2024-09-17,NEG,ironic,
22955337,12961,12961,1.836121642033906e+18,2024-09-17,NEG,not ironic,
22955338,12962,12962,1.836121641664807e+18,2024-09-17,NEU,not ironic,
22955339,12963,12963,1.8361216415979648e+18,2024-09-17,NEU,ironic,
22955340,12964,12964,1.8361216410566287e+18,2024-09-17,NEG,ironic,
22955341,12965,12965,1.8361216391652685e+18,2024-09-17,NEU,not ironic,
22955342,12966,12966,1.8361216363884173e+18,2024-09-17,NEG,ironic,
22955343,12967,12967,1.8361216362289687e+18,2024-09-17,NEG,not ironic,
22955344,12968,12968,1.8361216361915064e+18,2024-09-17,NEG,not ironic,
22955345,12969,12969,1.8361216349455488e+18,2024-09-17,NEG,ironic,
22955346,12970,12970,1.8361216331044987e+18,2024-09-17,NEG,not ironic,
22955347,12971,12971,1.8361216330206129e+18,2024-09-17,NEU,not ironic,
22955348,12972,12972,1.836121632735478e+18,2024-09-17,NEU,ironic,
22955349,12973,12973,1.8361216325844367e+18,2024-09-17,NEG,not ironic,
22955350,12974,12974,1.8361216320850496e+18,2024-09-17,NEU,ironic,
22955351,12975,12975,1.8361216318795407e+18,2024-09-17,NEG,ironic,
22955352,12976,12976,1.8361216318629847e+18,2024-09-17,NEG,not ironic,
22955353,12977,12977,1.8361216316490427e+18,2024-09-17,POS,not ironic,
22955354,12978,12978,1.836121631602672e+18,2024-09-17,NEG,not ironic,
22955355,12979,12979,1.8361216314561367e+18,2024-09-17,NEG,not ironic,
22955356,12980,12980,1.836121631141282e+18,2024-09-17,NEG,not ironic,
22955357,12981,12981,1.8361216305208243e+18,2024-09-17,POS,ironic,
22955358,12982,12982,1.836121629581284e+18,2024-09-17,NEG,ironic,
22955359,12983,12983,1.8361216294974505e+18,2024-09-17,POS,ironic,
22955360,12984,12984,1.836121628432032e+18,2024-09-17,POS,not ironic,
22955361,12985,12985,1.836121626888332e+18,2024-09-17,NEG,not ironic,
22955362,12986,12986,1.8361216268505992e+18,2024-09-17,NEG,not ironic,
22955363,12987,12987,1.8361216266156728e+18,2024-09-17,NEU,not ironic,
22955364,12988,12988,1.836121625797796e+18,2024-09-17,NEU,ironic,
22955365,12989,12989,1.836121624883663e+18,2024-09-17,NEG,ironic,
22955366,12990,12990,1.836121624879252e+18,2024-09-17,NEG,ironic,
22955367,12991,12991,1.8361216244514696e+18,2024-09-17,POS,ironic,
22955368,12992,12992,1.8361216239354964e+18,2024-09-17,NEG,not ironic,
22955369,12993,12993,1.836121623625372e+18,2024-09-17,NEG,not ironic,
22955370,12994,12994,1.836121623071724e+18,2024-09-17,POS,ironic,
22955371,12995,12995,1.8361216227865108e+18,2024-09-17,POS,not ironic,
22955372,12996,12996,1.8361216211046564e+18,2024-09-17,NEU,not ironic,
22955373,12997,12997,1.8361216205635543e+18,2024-09-17,NEG,not ironic,
22955374,12998,12998,1.836121619434996e+18,2024-09-17,POS,not ironic,
22955375,12999,12999,1.836121619078525e+18,2024-09-17,NEU,ironic,
22955376,13000,13000,1.8361216181937485e+18,2024-09-17,NEU,not ironic,
22955377,13001,13001,1.836121615446225e+18,2024-09-17,NEG,not ironic,
22955378,13002,13002,1.8361216141502592e+18,2024-09-17,NEU,ironic,
22955379,13003,13003,1.8361216124139973e+18,2024-09-17,NEU,not ironic,
22955380,13004,13004,1.8361216108579103e+18,2024-09-17,NEU,not ironic,
22955381,13005,13005,1.836121610446672e+18,2024-09-17,NEG,ironic,
22955382,13006,13006,1.8361216098593915e+18,2024-09-17,NEG,not ironic,
22955383,13007,13007,1.836121609738036e+18,2024-09-17,NEU,not ironic,
22955384,13008,13008,1.8361216090540608e+18,2024-09-17,NEG,not ironic,
22955385,13009,13009,1.8361216080813007e+18,2024-09-17,NEU,not ironic,
22955386,13010,13010,1.8361216067936384e+18,2024-09-17,NEG,not ironic,
22955387,13011,13011,1.8361216053004567e+18,2024-09-17,NEG,ironic,
22955388,13012,13012,1.836121605287896e+18,2024-09-17,NEG,not ironic,
22955389,13013,13013,1.8361216040337777e+18,2024-09-17,NEU,not ironic,
22955390,13014,13014,1.8361216038869937e+18,2024-09-17,NEG,not ironic,
22955391,13015,13015,1.836121603677262e+18,2024-09-17,NEU,ironic,
22955392,13016,13016,1.8361216003257344e+18,2024-09-17,POS,ironic,
22955393,13017,13017,1.836121599918904e+18,2024-09-17,NEU,ironic,
22955394,13018,13018,1.8361215980399288e+18,2024-09-17,POS,not ironic,
22955395,13019,13019,1.8361215972848768e+18,2024-09-17,NEG,not ironic,
22955396,13020,13020,1.8361215971509248e+18,2024-09-17,NEG,ironic,
22955397,13021,13021,1.8361215971465423e+18,2024-09-17,NEG,not ironic,
22955398,13022,13022,1.8361215970292905e+18,2024-09-17,NEU,not ironic,
22955399,13023,13023,1.8361215970122875e+18,2024-09-17,POS,not ironic,
22955400,13024,13024,1.836121596651623e+18,2024-09-17,NEU,not ironic,
22955401,13025,13025,1.836121595964007e+18,2024-09-17,NEG,not ironic,
22955402,13026,13026,1.836121595926004e+18,2024-09-17,NEG,ironic,
22955403,13027,13027,1.8361215945376847e+18,2024-09-17,POS,not ironic,
22955404,13028,13028,1.8361215939632527e+18,2024-09-17,POS,not ironic,
22955405,13029,13029,1.836121592834806e+18,2024-09-17,NEG,not ironic,
22955406,13030,13030,1.83612159239046e+18,2024-09-17,NEG,not ironic,
22955407,13031,13031,1.8361215923358884e+18,2024-09-17,NEU,not ironic,
22955408,13032,13032,1.8361215921678748e+18,2024-09-17,NEG,not ironic,
22955409,13033,13033,1.836121590544704e+18,2024-09-17,NEG,not ironic,
22955410,13034,13034,1.8361215904777792e+18,2024-09-17,NEU,not ironic,
22955411,13035,13035,1.8361215896093368e+18,2024-09-17,NEU,not ironic,
22955412,13036,13036,1.8361215885858609e+18,2024-09-17,NEU,not ironic,
22955413,13037,13037,1.836121587961172e+18,2024-09-17,NEU,not ironic,
22955414,13038,13038,1.8361215878479588e+18,2024-09-17,NEU,not ironic,
22955415,13039,13039,1.8361215875625247e+18,2024-09-17,NEG,not ironic,
22955416,13040,13040,1.836121585800852e+18,2024-09-17,POS,ironic,
22955417,13041,13041,1.8361215857086305e+18,2024-09-17,NEU,not ironic,
22955418,13042,13042,1.836121584341308e+18,2024-09-17,NEG,not ironic,
22955419,13043,13043,1.836121583758484e+18,2024-09-17,NEG,not ironic,
22955420,13044,13044,1.8361215837415017e+18,2024-09-17,NEG,ironic,
22955421,13045,13045,1.836121582600676e+18,2024-09-17,NEU,not ironic,
22955423,13047,13047,1.836121581346596e+18,2024-09-17,NEG,ironic,
22955424,13048,13048,1.8361215812752463e+18,2024-09-17,NEG,not ironic,
22955425,13049,13049,1.8361215810487465e+18,2024-09-17,NEG,ironic,
22955426,13050,13050,1.836121580470178e+18,2024-09-17,NEG,not ironic,
22955427,13051,13051,1.8361215793165604e+18,2024-09-17,NEU,not ironic,
22955428,13052,13052,1.8361215790355008e+18,2024-09-17,NEU,not ironic,
22955429,13053,13053,1.8361215786037128e+18,2024-09-17,NEG,not ironic,
22955430,13054,13054,1.8361215781043607e+18,2024-09-17,NEG,not ironic,
22955431,13055,13055,1.8361215771482893e+18,2024-09-17,POS,not ironic,
22955432,13056,13056,1.83612157710635e+18,2024-09-17,NEG,ironic,
22955433,13057,13057,1.836121576472785e+18,2024-09-17,NEG,not ironic,
22955434,13058,13058,1.8361215756300124e+18,2024-09-17,NEG,not ironic,
22955435,13059,13059,1.8361215744094208e+18,2024-09-17,NEG,not ironic,
22955436,13060,13060,1.8361215729959283e+18,2024-09-17,NEU,not ironic,
22955438,13062,13062,1.8361215700641592e+18,2024-09-17,POS,ironic,
22955439,13063,13063,1.836121569493468e+18,2024-09-17,NEG,ironic,
22955440,13064,13064,1.8361215687510185e+18,2024-09-17,NEU,not ironic,
22955441,13065,13065,1.8361215682016008e+18,2024-09-17,NEU,not ironic,
22955442,13066,13066,1.8361215664652083e+18,2024-09-17,NEG,not ironic,
22955444,13068,13068,1.8361215643428047e+18,2024-09-17,NEG,not ironic,
22955445,13069,13069,1.83612156394462e+18,2024-09-17,NEU,not ironic,
22955446,13070,13070,1.8361215637598868e+18,2024-09-17,NEG,not ironic,
22955447,13071,13071,1.8361215636007447e+18,2024-09-17,NEG,ironic,
22955448,13072,13072,1.8361215592553884e+18,2024-09-17,NEU,not ironic,
22955449,13073,13073,1.8361215574431992e+18,2024-09-17,NEG,ironic,
22955450,13074,13074,1.836121554687608e+18,2024-09-17,NEU,not ironic,
22955451,13075,13075,1.8361215544571044e+18,2024-09-17,NEG,not ironic,
22955452,13076,13076,1.8361215540541893e+18,2024-09-17,POS,ironic,
22955453,13077,13077,1.8361215536976407e+18,2024-09-17,NEU,not ironic,
22955454,13078,13078,1.8361215531902e+18,2024-09-17,NEG,ironic,
22955455,13079,13079,1.836121552598786e+18,2024-09-17,NEG,ironic,
22955456,13080,13080,1.836121552397464e+18,2024-09-17,POS,not ironic,
22955457,13081,13081,1.8361215520829115e+18,2024-09-17,NEU,not ironic,
22955458,13082,13082,1.836121550224868e+18,2024-09-17,NEU,not ironic,
22955460,13084,13084,1.836121549449105e+18,2024-09-17,NEU,ironic,
22955461,13085,13085,1.8361215492939927e+18,2024-09-17,NEG,not ironic,
22955462,13086,13086,1.836121547464996e+18,2024-09-17,NEG,ironic,
22955463,13087,13087,1.836121547272016e+18,2024-09-17,POS,not ironic,
22955464,13088,13088,1.836121546487632e+18,2024-09-17,NEU,not ironic,
22955465,13089,13089,1.8361215459971937e+18,2024-09-17,NEG,not ironic,
22955466,13090,13090,1.836121545556603e+18,2024-09-17,NEG,ironic,
22955467,13091,13091,1.83612154553582e+18,2024-09-17,NEU,ironic,
22955468,13092,13092,1.836121544730268e+18,2024-09-17,NEU,not ironic,
22955469,13093,13093,1.836121543694324e+18,2024-09-17,NEG,ironic,
22955470,13094,13094,1.8361215423898217e+18,2024-09-17,POS,ironic,
22955471,13095,13095,1.836121541991633e+18,2024-09-17,NEU,not ironic,
22955472,13096,13096,1.8361215409680105e+18,2024-09-17,NEU,not ironic,
22955473,13097,13097,1.836121540863365e+18,2024-09-17,NEU,not ironic,
22955474,13098,13098,1.8361215394454856e+18,2024-09-17,NEU,not ironic,
22955475,13099,13099,1.8361215391309253e+18,2024-09-17,NEG,not ironic,
22955476,13100,13100,1.836121537780552e+18,2024-09-17,NEG,ironic,
22955477,13101,13101,1.8361215376253624e+18,2024-09-17,NEG,not ironic,
22955478,13102,13102,1.8361215358341647e+18,2024-09-17,POS,not ironic,
22955479,13103,13103,1.8361215354189048e+18,2024-09-17,NEG,not ironic,
22955480,13104,13104,1.8361215321179791e+18,2024-09-17,NEU,not ironic,
22955481,13105,13105,1.8361215314849016e+18,2024-09-17,NEG,ironic,
22955482,13106,13106,1.8361215308977649e+18,2024-09-17,NEG,ironic,
22955483,13107,13107,1.836121530209592e+18,2024-09-17,NEG,not ironic,
22955484,13108,13108,1.8361215298072407e+18,2024-09-17,NEG,not ironic,
22955485,13109,13109,1.8361215291317084e+18,2024-09-17,NEU,not ironic,
22955486,13110,13110,1.836121528343368e+18,2024-09-17,NEU,ironic,
22955487,13111,13111,1.8361215279155487e+18,2024-09-17,NEU,not ironic,
22955488,13112,13112,1.8361215279111089e+18,2024-09-17,NEG,not ironic,
22955489,13113,13113,1.8361215276343503e+18,2024-09-17,NEU,not ironic,
22955490,13114,13114,1.836121526904443e+18,2024-09-17,POS,not ironic,
22955491,13115,13115,1.8361215240482e+18,2024-09-17,POS,ironic,
22955492,13116,13116,1.836121520600728e+18,2024-09-17,NEG,not ironic,
22955493,13117,13117,1.83612152011835e+18,2024-09-17,NEG,not ironic,
22955494,13118,13118,1.836121519287624e+18,2024-09-17,NEU,ironic,
22955495,13119,13119,1.8361215179205225e+18,2024-09-17,NEG,ironic,
22955496,13120,13120,1.8361215124804728e+18,2024-09-17,NEG,not ironic,
22955497,13121,13121,1.8361215113520207e+18,2024-09-17,NEG,not ironic,
22955498,13122,13122,1.8361215107985943e+18,2024-09-17,NEG,not ironic,
22955500,13124,13124,1.8361215098798328e+18,2024-09-17,NEU,ironic,
22955501,13125,13125,1.836121507799388e+18,2024-09-17,NEG,ironic,
22955502,13126,13126,1.8361215074428928e+18,2024-09-17,NEU,not ironic,
22955503,13127,13127,1.8361215067214807e+18,2024-09-17,POS,not ironic,
22955504,13128,13128,1.8361215059161907e+18,2024-09-17,NEG,not ironic,
22955505,13129,13129,1.8361215058071885e+18,2024-09-17,NEG,not ironic,
22955506,13130,13130,1.8361215037813148e+18,2024-09-17,NEG,ironic,
22955507,13131,13131,1.8361215026907464e+18,2024-09-17,POS,ironic,
22955508,13132,13132,1.8361215020493417e+18,2024-09-17,NEG,not ironic,
22955509,13133,13133,1.8361215016759667e+18,2024-09-17,NEG,ironic,
22955510,13134,13134,1.8361215011347128e+18,2024-09-17,NEG,ironic,
22955511,13135,13135,1.836121501013284e+18,2024-09-17,NEG,ironic,
22955512,13136,13136,1.8361215005810847e+18,2024-09-17,NEG,ironic,
22955513,13137,13137,1.8361214998931625e+18,2024-09-17,NEG,ironic,
22955514,13138,13138,1.836121499670848e+18,2024-09-17,NEU,not ironic,
22955515,13139,13139,1.8361214991090688e+18,2024-09-17,NEG,ironic,
22955516,13140,13140,1.83612149877359e+18,2024-09-17,NEU,not ironic,
22955517,13141,13141,1.8361214984212032e+18,2024-09-17,POS,ironic,
22955518,13142,13142,1.8361214978546936e+18,2024-09-17,NEU,not ironic,
22955519,13143,13143,1.8361214974104008e+18,2024-09-17,NEG,not ironic,
22955520,13144,13144,1.836121497221452e+18,2024-09-17,NEG,not ironic,
22955521,13145,13145,1.836121497104192e+18,2024-09-17,NEU,ironic,
22955522,13146,13146,1.8361214964834348e+18,2024-09-17,NEG,ironic,
22955523,13147,13147,1.8361214957869425e+18,2024-09-17,NEG,not ironic,
22955524,13148,13148,1.8361214952836388e+18,2024-09-17,NEG,not ironic,
22955525,13149,13149,1.836121493949866e+18,2024-09-17,NEU,not ironic,
22955526,13150,13150,1.8361214934509896e+18,2024-09-17,NEG,not ironic,
22955527,13151,13151,1.836121493362688e+18,2024-09-17,NEU,not ironic,
22955528,13152,13152,1.8361214928173463e+18,2024-09-17,NEU,not ironic,
22955529,13153,13153,1.8361214922556416e+18,2024-09-17,NEU,not ironic,
22955530,13154,13154,1.8361214905566167e+18,2024-09-17,NEU,not ironic,
22955531,13155,13155,1.836121489923544e+18,2024-09-17,NEG,not ironic,
22955532,13156,13156,1.8361214860728973e+18,2024-09-17,NEU,not ironic,
22955533,13157,13157,1.8361214851168704e+18,2024-09-17,POS,not ironic,
22955534,13158,13158,1.8361214843912563e+18,2024-09-17,NEG,ironic,
22955535,13159,13159,1.8361214839047168e+18,2024-09-17,NEU,ironic,
22955536,13160,13160,1.8361214836572529e+18,2024-09-17,NEG,ironic,
22955537,13161,13161,1.8361214826462008e+18,2024-09-17,NEU,not ironic,
22955538,13162,13162,1.836121481761149e+18,2024-09-17,NEG,ironic,
22955539,13163,13163,1.8361214813291889e+18,2024-09-17,NEU,ironic,
22955540,13164,13164,1.83612148114906e+18,2024-09-17,NEG,not ironic,
22955541,13165,13165,1.8361214810525903e+18,2024-09-17,NEU,not ironic,
22955542,13166,13166,1.8361214799911324e+18,2024-09-17,NEU,ironic,
22955543,13167,13167,1.8361214785443968e+18,2024-09-17,NEG,ironic,
22955544,13168,13168,1.836121477067768e+18,2024-09-17,NEU,not ironic,
22955546,13170,13170,1.836121475251684e+18,2024-09-17,NEG,ironic,
22955547,13171,13171,1.8361214749663808e+18,2024-09-17,NEU,not ironic,
22955548,13172,13172,1.836121473263768e+18,2024-09-17,POS,not ironic,
22955549,13173,13173,1.836121472215e+18,2024-09-17,NEG,not ironic,
22955550,13174,13174,1.836121471967478e+18,2024-09-17,NEG,not ironic,
22955551,13175,13175,1.8361214705500529e+18,2024-09-17,NEG,not ironic,
22955552,13176,13176,1.836121469127972e+18,2024-09-17,NEG,not ironic,
22955553,13177,13177,1.8361214689978647e+18,2024-09-17,NEG,not ironic,
22955554,13178,13178,1.8361214671652293e+18,2024-09-17,NEG,not ironic,
22955555,13179,13179,1.8361214618552607e+18,2024-09-17,NEG,not ironic,
22955556,13180,13180,1.8361214602991736e+18,2024-09-17,NEG,not ironic,
22955557,13181,13181,1.8361214596739648e+18,2024-09-17,NEG,ironic,
22955558,13182,13182,1.836121459066012e+18,2024-09-17,NEU,not ironic,
22955559,13183,13183,1.83612145875567e+18,2024-09-17,POS,ironic,
22955560,13184,13184,1.836121458415932e+18,2024-09-17,POS,not ironic,
22955561,13185,13185,1.8361214551779287e+18,2024-09-17,NEU,not ironic,
22955562,13186,13186,1.836121454905332e+18,2024-09-17,NEG,ironic,
22955563,13187,13187,1.836121454712152e+18,2024-09-17,NEG,ironic,
22955564,13188,13188,1.8361214537182904e+18,2024-09-17,NEG,not ironic,
22955565,13189,13189,1.8361214516167808e+18,2024-09-17,NEG,not ironic,
22955566,13190,13190,1.8361214516167764e+18,2024-09-17,NEG,ironic,
22955567,13191,13191,1.836121451499316e+18,2024-09-17,NEG,ironic,
22955568,13192,13192,1.8361214512352627e+18,2024-09-17,NEU,not ironic,
22955569,13193,13193,1.8361214492847025e+18,2024-09-17,NEU,not ironic,
22955570,13194,13194,1.8361214480138447e+18,2024-09-17,POS,not ironic,
22955571,13195,13195,1.8361214468815995e+18,2024-09-17,NEG,ironic,
22955572,13196,13196,1.8361214456398031e+18,2024-09-17,NEU,not ironic,
22955573,13197,13197,1.836121445338092e+18,2024-09-17,NEU,ironic,
22955574,13198,13198,1.8361214441634368e+18,2024-09-17,NEU,ironic,
22955575,13199,13199,1.836121444016886e+18,2024-09-17,NEG,ironic,
22955576,13200,13200,1.836121443685536e+18,2024-09-17,NEG,ironic,
22955577,13201,13201,1.836121443584692e+18,2024-09-17,NEU,not ironic,
22955578,13202,13202,1.8361214435678868e+18,2024-09-17,NEG,not ironic,
22955579,13203,13203,1.8361214430018644e+18,2024-09-17,NEU,not ironic,
22955580,13204,13204,1.836121442028848e+18,2024-09-17,NEG,not ironic,
22955581,13205,13205,1.8361214408711447e+18,2024-09-17,NEU,not ironic,
22955582,13206,13206,1.8361214402587896e+18,2024-09-17,NEG,ironic,
22955583,13207,13207,1.8361214402294287e+18,2024-09-17,NEG,not ironic,
22955584,13208,13208,1.836121439918801e+18,2024-09-17,NEG,not ironic,
22955585,13209,13209,1.8361214392857887e+18,2024-09-17,NEU,ironic,
22955586,13210,13210,1.836121438668936e+18,2024-09-17,POS,not ironic,
22955587,13211,13211,1.8361214378677947e+18,2024-09-17,NEU,not ironic,
22955588,13212,13212,1.836121436290692e+18,2024-09-17,NEU,not ironic,
22955589,13213,13213,1.836121436148453e+18,2024-09-17,NEG,ironic,
22955590,13214,13214,1.8361214355653632e+18,2024-09-17,NEG,not ironic,
22955591,13215,13215,1.8361214351498488e+18,2024-09-17,NEG,not ironic,
22955592,13216,13216,1.8361214331913871e+18,2024-09-17,NEG,ironic,
22955593,13217,13217,1.8361214326416591e+18,2024-09-17,NEG,not ironic,
22955594,13218,13218,1.83612143260396e+18,2024-09-17,NEU,not ironic,
22955595,13219,13219,1.8361214317860744e+18,2024-09-17,NEG,ironic,
22955596,13220,13220,1.8361214315849933e+18,2024-09-17,NEG,not ironic,
22955597,13221,13221,1.8361214315133747e+18,2024-09-17,NEU,not ironic,
22955598,13222,13222,1.8361214308004209e+18,2024-09-17,NEG,ironic,
22955599,13223,13223,1.8361214304818675e+18,2024-09-17,NEG,not ironic,
22955600,13224,13224,1.8361214300792627e+18,2024-09-17,NEU,ironic,
22955601,13225,13225,1.836121427847582e+18,2024-09-17,NEU,ironic,
22955602,13226,13226,1.83612142775534e+18,2024-09-17,NEU,not ironic,
22955603,13227,13227,1.8361214273152207e+18,2024-09-17,NEU,ironic,
22955604,13228,13228,1.8361214260695163e+18,2024-09-17,NEG,ironic,
22955605,13229,13229,1.8361214259055944e+18,2024-09-17,NEU,ironic,
22955606,13230,13230,1.8361214259016868e+18,2024-09-17,NEU,ironic,
22955607,13231,13231,1.8361214249996447e+18,2024-09-17,NEU,not ironic,
22955608,13232,13232,1.8361214242489308e+18,2024-09-17,NEG,ironic,
22955609,13233,13233,1.836121423984616e+18,2024-09-17,NEG,not ironic,
22955610,13234,13234,1.8361214231082808e+18,2024-09-17,NEU,not ironic,
22955611,13235,13235,1.8361214227224128e+18,2024-09-17,NEG,ironic,
22955612,13236,13236,1.836121422202311e+18,2024-09-17,NEG,ironic,
22955613,13237,13237,1.83612142110736e+18,2024-09-17,NEG,not ironic,
22955614,13238,13238,1.8361214205956303e+18,2024-09-17,NEG,not ironic,
22955615,13239,13239,1.836121418272264e+18,2024-09-17,NEG,not ironic,
22955616,13240,13240,1.8361214170726769e+18,2024-09-17,NEU,not ironic,
22955617,13241,13241,1.8361214163512648e+18,2024-09-17,NEU,not ironic,
22955618,13242,13242,1.836121415881294e+18,2024-09-17,NEG,ironic,
22955619,13243,13243,1.8361214153527795e+18,2024-09-17,NEU,ironic,
22955620,13244,13244,1.836121414644241e+18,2024-09-17,NEU,not ironic,
22955621,13245,13245,1.836121413301998e+18,2024-09-17,NEU,not ironic,
22955622,13246,13246,1.8361214126599703e+18,2024-09-17,NEG,ironic,
22955623,13247,13247,1.8361214124083607e+18,2024-09-17,NEG,not ironic,
22955625,13249,13249,1.8361214116449528e+18,2024-09-17,POS,ironic,
22955626,13250,13250,1.836121411506836e+18,2024-09-17,NEG,ironic,
22955627,13251,13251,1.836121410705482e+18,2024-09-17,NEG,ironic,
22955628,13252,13252,1.8361214104540687e+18,2024-09-17,NEG,ironic,
22955629,13253,13253,1.836121410177e+18,2024-09-17,POS,not ironic,
22955630,13254,13254,1.8361214069390377e+18,2024-09-17,NEG,not ironic,
22955631,13255,13255,1.836121406309852e+18,2024-09-17,NEU,not ironic,
22955632,13256,13256,1.8361214062681487e+18,2024-09-17,POS,ironic,
22955633,13257,13257,1.8361214055339625e+18,2024-09-17,NEG,ironic,
22955634,13258,13258,1.8361214035796247e+18,2024-09-17,NEG,ironic,
22955635,13259,13259,1.836121403365692e+18,2024-09-17,NEG,not ironic,
22955637,13261,13261,1.836121399863227e+18,2024-09-17,NEU,not ironic,
22955638,13262,13262,1.8361213998003e+18,2024-09-17,NEU,not ironic,
22955639,13263,13263,1.8361213994146573e+18,2024-09-17,NEG,not ironic,
22955640,13264,13264,1.8361213989529928e+18,2024-09-17,NEG,not ironic,
22955641,13265,13265,1.836121397741138e+18,2024-09-17,NEG,ironic,
22955642,13266,13266,1.836121395362993e+18,2024-09-17,NEU,not ironic,
22955643,13267,13267,1.836121395132048e+18,2024-09-17,NEU,ironic,
22955644,13268,13268,1.8361213950945733e+18,2024-09-17,NEG,ironic,
22955645,13269,13269,1.836121393618129e+18,2024-09-17,NEU,not ironic,
22955646,13270,13270,1.8361213935843328e+18,2024-09-17,NEG,ironic,
22955647,13271,13271,1.8361213929006733e+18,2024-09-17,NEG,not ironic,
22955648,13272,13272,1.8361213920200868e+18,2024-09-17,NEU,not ironic,
22955649,13273,13273,1.836121391722276e+18,2024-09-17,POS,not ironic,
22955650,13274,13274,1.8361213903463588e+18,2024-09-17,POS,not ironic,
22955651,13275,13275,1.8361213898600164e+18,2024-09-17,NEU,ironic,
22955652,13276,13276,1.8361213884423567e+18,2024-09-17,NEG,ironic,
22955653,13277,13277,1.8361213884004147e+18,2024-09-17,NEG,not ironic,
22955654,13278,13278,1.8361213883919977e+18,2024-09-17,NEG,not ironic,
22955655,13279,13279,1.8361213882745856e+18,2024-09-17,POS,not ironic,
22955656,13280,13280,1.836121387611632e+18,2024-09-17,NEG,ironic,
22955657,13281,13281,1.8361213869198257e+18,2024-09-17,NEU,ironic,
22955658,13282,13282,1.8361213862946163e+18,2024-09-17,NEG,not ironic,
22955659,13283,13283,1.8361213854476247e+18,2024-09-17,POS,not ironic,
22955660,13284,13284,1.836121384944116e+18,2024-09-17,POS,not ironic,
22955661,13285,13285,1.8361213844577608e+18,2024-09-17,NEG,ironic,
22955662,13286,13286,1.8361213844074867e+18,2024-09-17,NEG,not ironic,
22955663,13287,13287,1.836121383404999e+18,2024-09-17,NEG,not ironic,
22955664,13288,13288,1.836121383199478e+18,2024-09-17,NEG,not ironic,
22955665,13289,13289,1.836121382125757e+18,2024-09-17,NEU,ironic,
22955666,13290,13290,1.8361213799782927e+18,2024-09-17,NEU,ironic,
22955667,13291,13291,1.8361213787575053e+18,2024-09-17,NEG,not ironic,
22955668,13292,13292,1.8361213777091087e+18,2024-09-17,NEU,not ironic,
22955669,13293,13293,1.8361213773355704e+18,2024-09-17,NEG,not ironic,
22955670,13294,13294,1.8361213770086853e+18,2024-09-17,POS,not ironic,
22955671,13295,13295,1.8361213768448865e+18,2024-09-17,NEU,not ironic,
22955672,13296,13296,1.8361213749280689e+18,2024-09-17,NEG,not ironic,
22955673,13297,13297,1.8361213733846093e+18,2024-09-17,NEG,not ironic,
22955674,13298,13298,1.8361213723988667e+18,2024-09-17,NEG,not ironic,
22955675,13299,13299,1.83612137178239e+18,2024-09-17,NEU,ironic,
22955676,13300,13300,1.8361213708176305e+18,2024-09-17,NEG,not ironic,
22955677,13301,13301,1.8361213702723955e+18,2024-09-17,NEU,not ironic,
22955678,13302,13302,1.836121370217886e+18,2024-09-17,NEU,not ironic,
22955679,13303,13303,1.8361213698405832e+18,2024-09-17,NEU,not ironic,
22955680,13304,13304,1.8361213684229448e+18,2024-09-17,NEG,ironic,
22955681,13305,13305,1.836121368414634e+18,2024-09-17,NEG,not ironic,
22955682,13306,13306,1.8361213664345705e+18,2024-09-17,NEU,not ironic,
22955683,13307,13307,1.8361213654533773e+18,2024-09-17,POS,ironic,
22955684,13308,13308,1.8361213641153905e+18,2024-09-17,NEG,ironic,
22955685,13309,13309,1.836121360919114e+18,2024-09-17,NEG,not ironic,
22955686,13310,13310,1.8361213609151409e+18,2024-09-17,NEG,ironic,
22955687,13311,13311,1.836121358469861e+18,2024-09-17,NEG,ironic,
22955688,13312,13312,1.836121357756584e+18,2024-09-17,NEG,not ironic,
22955689,13313,13313,1.8361213570773647e+18,2024-09-17,NEU,not ironic,
22955690,13314,13314,1.8361213541914296e+18,2024-09-17,POS,ironic,
22955691,13315,13315,1.83612135344486e+18,2024-09-17,NEG,ironic,
22955692,13316,13316,1.836121352199172e+18,2024-09-17,NEU,not ironic,
22955693,13317,13317,1.8361213520861307e+18,2024-09-17,NEG,not ironic,
22955694,13318,13318,1.836121351884571e+18,2024-09-17,NEU,not ironic,
22955695,13319,13319,1.8361213518512497e+18,2024-09-17,NEG,not ironic,
22955696,13320,13320,1.8361213509409016e+18,2024-09-17,NEG,ironic,
22955697,13321,13321,1.8361213505004503e+18,2024-09-17,NEU,not ironic,
22955698,13322,13322,1.836121347229127e+18,2024-09-17,POS,not ironic,
22955699,13323,13323,1.836121346637713e+18,2024-09-17,NEG,ironic,
22955700,13324,13324,1.8361213462809848e+18,2024-09-17,NEG,not ironic,
22955701,13325,13325,1.836121346121831e+18,2024-09-17,NEU,not ironic,
22955702,13326,13326,1.836121345849201e+18,2024-09-17,NEU,ironic,
22955703,13327,13327,1.83612134560152e+18,2024-09-17,NEU,not ironic,
22955704,13328,13328,1.8361213448967992e+18,2024-09-17,NEU,ironic,
22955705,13329,13329,1.836121344544572e+18,2024-09-17,NEG,ironic,
22955706,13330,13330,1.8361213431604431e+18,2024-09-17,NEU,ironic,
22955707,13331,13331,1.836121340933272e+18,2024-09-17,NEG,ironic,
22955708,13332,13332,1.8361213407488904e+18,2024-09-17,NEU,not ironic,
22955709,13333,13333,1.8361213401069688e+18,2024-09-17,NEG,not ironic,
22955710,13334,13334,1.8361213399393976e+18,2024-09-17,NEG,not ironic,
22955711,13335,13335,1.8361213386599424e+18,2024-09-17,POS,not ironic,
22955712,13336,13336,1.8361213357155697e+18,2024-09-17,NEU,ironic,
22955713,13337,13337,1.836121334943716e+18,2024-09-17,NEG,ironic,
22955714,13338,13338,1.836121334650225e+18,2024-09-17,NEG,not ironic,
22955715,13339,13339,1.8361213346082163e+18,2024-09-17,NEU,not ironic,
22955716,13340,13340,1.8361213333879112e+18,2024-09-17,NEU,ironic,
22955718,13342,13342,1.8361213329936591e+18,2024-09-17,NEG,ironic,
22955719,13343,13343,1.8361213329682355e+18,2024-09-17,NEG,not ironic,
22955720,13344,13344,1.8361213321420063e+18,2024-09-17,NEG,not ironic,
22955721,13345,13345,1.8361213308920425e+18,2024-09-17,NEU,not ironic,
22955722,13346,13346,1.8361213298857577e+18,2024-09-17,POS,ironic,
22955723,13347,13347,1.8361213298183327e+18,2024-09-17,NEG,ironic,
22955724,13348,13348,1.8361213289546225e+18,2024-09-17,NEU,not ironic,
22955725,13349,13349,1.8361213277841124e+18,2024-09-17,NEG,not ironic,
22955726,13350,13350,1.8361213275618184e+18,2024-09-17,POS,ironic,
22955727,13351,13351,1.8361213274444024e+18,2024-09-17,NEU,ironic,
22955728,13352,13352,1.8361213271633352e+18,2024-09-17,NEU,not ironic,
22955729,13353,13353,1.8361213266938143e+18,2024-09-17,NEG,not ironic,
22955730,13354,13354,1.8361213244624448e+18,2024-09-17,NEU,not ironic,
22955731,13355,13355,1.836121322243376e+18,2024-09-17,NEU,ironic,
22955732,13356,13356,1.8361213221094807e+18,2024-09-17,NEG,not ironic,
22955733,13357,13357,1.8361213215306263e+18,2024-09-17,NEG,ironic,
22955734,13358,13358,1.83612131939992e+18,2024-09-17,NEU,not ironic,
22955735,13359,13359,1.8361213191188849e+18,2024-09-17,NEU,not ironic,
22955736,13360,13360,1.8361213180661235e+18,2024-09-17,NEG,not ironic,
22955737,13361,13361,1.836121317663224e+18,2024-09-17,POS,ironic,
22955738,13362,13362,1.8361213164429847e+18,2024-09-17,NEU,not ironic,
22955739,13363,13363,1.8361213164090944e+18,2024-09-17,NEU,not ironic,
22955740,13364,13364,1.836121314970526e+18,2024-09-17,NEU,not ironic,
22955741,13365,13365,1.8361213141067284e+18,2024-09-17,POS,not ironic,
22955742,13366,13366,1.836121314077348e+18,2024-09-17,NEU,ironic,
22955743,13367,13367,1.8361213130956188e+18,2024-09-17,NEG,not ironic,
22955744,13368,13368,1.836121312936497e+18,2024-09-17,NEU,not ironic,
22955745,13369,13369,1.8361213123200084e+18,2024-09-17,NEG,not ironic,
22955746,13370,13370,1.83612131152278e+18,2024-09-17,NEG,not ironic,
22955747,13371,13371,1.8361213102644595e+18,2024-09-17,NEU,not ironic,
22955748,13372,13372,1.8361213093920973e+18,2024-09-17,NEU,ironic,
22955749,13373,13373,1.836121306028241e+18,2024-09-17,POS,ironic,
22955750,13374,13374,1.8361213057220567e+18,2024-09-17,NEG,not ironic,
22955751,13375,13375,1.8361213053362217e+18,2024-09-17,NEG,not ironic,
22955752,13376,13376,1.8361213038513687e+18,2024-09-17,NEU,not ironic,
22955753,13377,13377,1.836121303763592e+18,2024-09-17,NEU,ironic,
22955754,13378,13378,1.8361213032726323e+18,2024-09-17,NEG,not ironic,
22955755,13379,13379,1.8361213032476552e+18,2024-09-17,NEU,ironic,
22955756,13380,13380,1.8361213018172088e+18,2024-09-17,NEU,ironic,
22955757,13381,13381,1.836121300575884e+18,2024-09-17,NEG,not ironic,
22955758,13382,13382,1.8361212988981824e+18,2024-09-17,NEG,ironic,
22955759,13383,13383,1.8361212969686016e+18,2024-09-17,NEU,ironic,
22955760,13384,13384,1.8361212947499955e+18,2024-09-17,POS,not ironic,
22955761,13385,13385,1.8361212934791168e+18,2024-09-17,NEG,not ironic,
22955762,13386,13386,1.8361212934665385e+18,2024-09-17,POS,ironic,
22955763,13387,13387,1.836121291943719e+18,2024-09-17,NEG,ironic,
22955764,13388,13388,1.8361212886389435e+18,2024-09-17,NEG,ironic,
22955765,13389,13389,1.8361212883576504e+18,2024-09-17,NEU,not ironic,
22955766,13390,13390,1.836121288127272e+18,2024-09-17,NEU,not ironic,
22955767,13391,13391,1.836121286793216e+18,2024-09-17,NEU,not ironic,
22955768,13392,13392,1.83612128676384e+18,2024-09-17,NEG,ironic,
22955770,13394,13394,1.8361212830560013e+18,2024-09-17,NEU,not ironic,
22955771,13395,13395,1.8361212797635256e+18,2024-09-17,NEU,not ironic,
22955772,13396,13396,1.836121278979129e+18,2024-09-17,NEG,not ironic,
22955773,13397,13397,1.836121277733524e+18,2024-09-17,NEG,not ironic,
22955774,13398,13398,1.8361212774442967e+18,2024-09-17,NEG,not ironic,
22955775,13399,13399,1.8361212773142733e+18,2024-09-17,NEU,not ironic,
22955776,13400,13400,1.8361212756908897e+18,2024-09-17,NEU,not ironic,
22955777,13401,13401,1.836121275489752e+18,2024-09-17,NEU,not ironic,
22955778,13402,13402,1.83612127310318e+18,2024-09-17,NEG,not ironic,
22955779,13403,13403,1.8361212716014144e+18,2024-09-17,NEU,not ironic,
22955780,13404,13404,1.8361212704647785e+18,2024-09-17,NEG,not ironic,
22955781,13405,13405,1.836121269382644e+18,2024-09-17,NEG,ironic,
22955782,13406,13406,1.8361212682039665e+18,2024-09-17,NEU,ironic,
22955784,13408,13408,1.8361212651967409e+18,2024-09-17,NEG,not ironic,
22955785,13409,13409,1.8361212639092777e+18,2024-09-17,NEU,not ironic,
22955786,13410,13410,1.8361212637918367e+18,2024-09-17,NEG,not ironic,
22955787,13411,13411,1.8361212634563008e+18,2024-09-17,NEG,not ironic,
22955788,13412,13412,1.8361212600376443e+18,2024-09-17,POS,not ironic,
22955789,13413,13413,1.8361212599834668e+18,2024-09-17,NEG,ironic,
22955790,13414,13414,1.8361212588677243e+18,2024-09-17,NEU,not ironic,
22955791,13415,13415,1.836121257672348e+18,2024-09-17,NEG,ironic,
22955792,13416,13416,1.8361212564308337e+18,2024-09-17,NEG,not ironic,
22955793,13417,13417,1.836121254471804e+18,2024-09-17,NEG,not ironic,
22955794,13418,13418,1.8361212538848543e+18,2024-09-17,NEG,not ironic,
22955795,13419,13419,1.83612125238728e+18,2024-09-17,NEU,not ironic,
22955796,13420,13420,1.836121252081054e+18,2024-09-17,NEU,not ironic,
22955797,13421,13421,1.836121251771028e+18,2024-09-17,POS,not ironic,
22955798,13422,13422,1.836121250764108e+18,2024-09-17,NEG,ironic,
22955799,13423,13423,1.8361212503155387e+18,2024-09-17,POS,not ironic,
22955800,13424,13424,1.8361212470565645e+18,2024-09-17,NEG,not ironic,
22955801,13425,13425,1.836121246569796e+18,2024-09-17,NEG,not ironic,
22955802,13426,13426,1.8361212441412403e+18,2024-09-17,NEU,not ironic,
22955803,13427,13427,1.8361212394019392e+18,2024-09-17,POS,not ironic,
22955804,13428,13428,1.8361212381226967e+18,2024-09-17,POS,not ironic,
22955805,13429,13429,1.836121238051365e+18,2024-09-17,NEG,not ironic,
22955806,13430,13430,1.8361212373801124e+18,2024-09-17,POS,not ironic,
22955807,13431,13431,1.8361212363610893e+18,2024-09-17,NEG,not ironic,
22955808,13432,13432,1.8361212359414008e+18,2024-09-17,NEG,ironic,
22955809,13433,13433,1.8361212349853576e+18,2024-09-17,NEU,ironic,
22955810,13434,13434,1.8361212332025528e+18,2024-09-17,NEG,not ironic,
22955811,13435,13435,1.836121232808248e+18,2024-09-17,NEG,not ironic,
22955812,13436,13436,1.8361212318228728e+18,2024-09-17,NEU,ironic,
22955813,13437,13437,1.836121231738757e+18,2024-09-17,NEG,not ironic,
22955814,13438,13438,1.836121231382528e+18,2024-09-17,NEU,not ironic,
22955815,13439,13439,1.8361212313824207e+18,2024-09-17,NEU,ironic,
22955816,13440,13440,1.836121231176692e+18,2024-09-17,NEU,ironic,
22955817,13441,13441,1.8361212309796088e+18,2024-09-17,NEU,not ironic,
22955818,13442,13442,1.836121230409372e+18,2024-09-17,NEG,ironic,
22955819,13443,13443,1.836121230178685e+18,2024-09-17,NEU,not ironic,
22955820,13444,13444,1.8361212299603072e+18,2024-09-17,NEU,not ironic,
22955821,13445,13445,1.8361212297970035e+18,2024-09-17,NEG,not ironic,
22955822,13446,13446,1.8361212280183928e+18,2024-09-17,NEG,ironic,
22955823,13447,13447,1.8361212273892111e+18,2024-09-17,NEG,not ironic,
22955824,13448,13448,1.8361212260263245e+18,2024-09-17,NEG,not ironic,
22955825,13449,13449,1.8361212256569467e+18,2024-09-17,NEG,not ironic,
22955826,13450,13450,1.8361212237234504e+18,2024-09-17,NEU,not ironic,
22955827,13451,13451,1.836121222909702e+18,2024-09-17,NEU,ironic,
22955828,13452,13452,1.83612122232282e+18,2024-09-17,POS,ironic,
22955829,13453,13453,1.836121222100157e+18,2024-09-17,NEU,not ironic,
22955830,13454,13454,1.8361212207456955e+18,2024-09-17,NEU,not ironic,
22955831,13455,13455,1.836121220435133e+18,2024-09-17,NEG,not ironic,
22955832,13456,13456,1.8361212201542984e+18,2024-09-17,NEG,ironic,
22955833,13457,13457,1.8361212180655148e+18,2024-09-17,NEG,ironic,
22955834,13458,13458,1.8361212178935688e+18,2024-09-17,NEU,ironic,
22955835,13459,13459,1.836121217566139e+18,2024-09-17,NEU,ironic,
22955836,13460,13460,1.8361212173063665e+18,2024-09-17,NEG,not ironic,
22955837,13461,13461,1.8361212170921656e+18,2024-09-17,NEU,not ironic,
22955838,13462,13462,1.8361212170125028e+18,2024-09-17,NEG,not ironic,
22955839,13463,13463,1.8361212156913167e+18,2024-09-17,NEU,ironic,
22955840,13464,13464,1.8361212156409984e+18,2024-09-17,NEU,not ironic,
22955841,13465,13465,1.8361212137202893e+18,2024-09-17,NEU,ironic,
22955842,13466,13466,1.8361212135398853e+18,2024-09-17,NEG,ironic,
22955843,13467,13467,1.836121212810072e+18,2024-09-17,NEG,not ironic,
22955844,13468,13468,1.8361212109771533e+18,2024-09-17,NEG,ironic,
22955845,13469,13469,1.8361212104652104e+18,2024-09-17,NEU,ironic,
22955846,13470,13470,1.8361212103900204e+18,2024-09-17,NEG,ironic,
22955847,13471,13471,1.8361212092658847e+18,2024-09-17,NEG,ironic,
22955848,13472,13472,1.836121207269425e+18,2024-09-17,NEG,ironic,
22955849,13473,13473,1.836121206959018e+18,2024-09-17,NEG,not ironic,
22955850,13474,13474,1.836121206904488e+18,2024-09-17,NEG,ironic,
22955851,13475,13475,1.8361212064135416e+18,2024-09-17,NEG,ironic,
22955852,13476,13476,1.8361212060363e+18,2024-09-17,NEG,not ironic,
22955853,13477,13477,1.8361212035155067e+18,2024-09-17,NEU,not ironic,
22955854,13478,13478,1.836121202768696e+18,2024-09-17,NEG,ironic,
22955855,13479,13479,1.8361212025799352e+18,2024-09-17,NEU,not ironic,
22955856,13480,13480,1.836121201925628e+18,2024-09-17,NEU,not ironic,
22955857,13481,13481,1.8361212008479168e+18,2024-09-17,NEG,ironic,
22955858,13482,13482,1.8361211991489293e+18,2024-09-17,NEU,not ironic,
22955859,13483,13483,1.8361211983646188e+18,2024-09-17,POS,not ironic,
22955860,13484,13484,1.836121197823824e+18,2024-09-17,NEU,ironic,
22955861,13485,13485,1.836121197060264e+18,2024-09-17,NEG,not ironic,
22955862,13486,13486,1.8361211963429645e+18,2024-09-17,NEG,not ironic,
22955863,13487,13487,1.8361211956679475e+18,2024-09-17,NEU,not ironic,
22955864,13488,13488,1.836121195449836e+18,2024-09-17,NEG,ironic,
22955865,13489,13489,1.836121193486676e+18,2024-09-17,NEG,not ironic,
22955866,13490,13490,1.8361211933694807e+18,2024-09-17,NEG,not ironic,
22955867,13491,13491,1.8361211928827128e+18,2024-09-17,NEG,not ironic,
22955868,13492,13492,1.836121192798851e+18,2024-09-17,NEU,ironic,
22955869,13493,13493,1.8361211927822543e+18,2024-09-17,NEG,ironic,
22955870,13494,13494,1.836121191800566e+18,2024-09-17,NEG,ironic,
22955871,13495,13495,1.8361211902405555e+18,2024-09-17,NEG,not ironic,
22955872,13496,13496,1.836121190194184e+18,2024-09-17,NEG,not ironic,
22955873,13497,13497,1.8361211898588408e+18,2024-09-17,NEU,ironic,
22955874,13498,13498,1.8361211895313864e+18,2024-09-17,NEU,not ironic,
22955875,13499,13499,1.8361211893091697e+18,2024-09-17,NEG,not ironic,
22955876,13500,13500,1.83612118911232e+18,2024-09-17,NEG,not ironic,
22955877,13501,13501,1.836121187673608e+18,2024-09-17,NEG,ironic,
22955878,13502,13502,1.836121187640054e+18,2024-09-17,NEU,not ironic,
22955879,13503,13503,1.8361211870609687e+18,2024-09-17,NEG,ironic,
22955880,13504,13504,1.836121186570232e+18,2024-09-17,NEG,ironic,
22955881,13505,13505,1.83612118631046e+18,2024-09-17,NEG,ironic,
22955882,13506,13506,1.836121186230768e+18,2024-09-17,NEG,not ironic,
22955883,13507,13507,1.8361211849764493e+18,2024-09-17,NEU,not ironic,
22955884,13508,13508,1.8361211837519127e+18,2024-09-17,NEG,not ironic,
22955885,13509,13509,1.8361211833996124e+18,2024-09-17,NEU,not ironic,
22955886,13510,13510,1.836121183017661e+18,2024-09-17,NEU,not ironic,
22955887,13511,13511,1.83612118292118e+18,2024-09-17,POS,not ironic,
22955888,13512,13512,1.8361211828291955e+18,2024-09-17,NEG,not ironic,
22955889,13513,13513,1.836121182694728e+18,2024-09-17,NEG,ironic,
22955890,13514,13514,1.836121182568956e+18,2024-09-17,NEG,ironic,
22955891,13515,13515,1.836121182396912e+18,2024-09-17,NEG,ironic,
22955892,13516,13516,1.8361211813611848e+18,2024-09-17,NEG,not ironic,
22955893,13517,13517,1.8361211792514447e+18,2024-09-17,NEG,not ironic,
22955894,13518,13518,1.8361211788655693e+18,2024-09-17,NEU,not ironic,
22955895,13519,13519,1.8361211768940667e+18,2024-09-17,NEU,not ironic,
22955896,13520,13520,1.8361211766971144e+18,2024-09-17,POS,ironic,
22955897,13521,13521,1.8361211758621983e+18,2024-09-17,NEU,not ironic,
22955898,13522,13522,1.836121175686296e+18,2024-09-17,POS,ironic,
22955899,13523,13523,1.836121172234388e+18,2024-09-17,NEU,not ironic,
22955900,13524,13524,1.8361211712655729e+18,2024-09-17,NEG,not ironic,
22955901,13525,13525,1.836121170204332e+18,2024-09-17,NEU,not ironic,
22955902,13526,13526,1.8361211692438487e+18,2024-09-17,NEU,not ironic,
22955903,13527,13527,1.8361211688621555e+18,2024-09-17,NEU,not ironic,
22955904,13528,13528,1.8361211684508183e+18,2024-09-17,NEU,ironic,
22955905,13529,13529,1.836121167670973e+18,2024-09-17,NEG,ironic,
22955906,13530,13530,1.836121167289004e+18,2024-09-17,NEG,ironic,
22955907,13531,13531,1.83612116710482e+18,2024-09-17,NEU,not ironic,
22955908,13532,13532,1.8361211659177536e+18,2024-09-17,POS,not ironic,
22955909,13533,13533,1.8361211657623148e+18,2024-09-17,NEG,not ironic,
22955910,13534,13534,1.8361211642610035e+18,2024-09-17,NEG,not ironic,
22955911,13535,13535,1.8361211630863647e+18,2024-09-17,POS,not ironic,
22955912,13536,13536,1.836121162222572e+18,2024-09-17,NEG,not ironic,
22955913,13537,13537,1.836121160368452e+18,2024-09-17,NEG,ironic,
22955914,13538,13538,1.83612116018412e+18,2024-09-17,NEG,ironic,
22955915,13539,13539,1.836121159009469e+18,2024-09-17,POS,ironic,
22955916,13540,13540,1.8361211588209912e+18,2024-09-17,NEG,ironic,
22955918,13542,13542,1.8361211575834253e+18,2024-09-17,NEG,ironic,
22955919,13543,13543,1.8361211574662884e+18,2024-09-17,NEG,not ironic,
22955920,13544,13544,1.8361211567364216e+18,2024-09-17,POS,not ironic,
22955921,13545,13545,1.836121155008111e+18,2024-09-17,NEG,ironic,
22955922,13546,13546,1.8361211547399327e+18,2024-09-17,NEU,not ironic,
22955923,13547,13547,1.836121152936412e+18,2024-09-17,NEU,ironic,
22955924,13548,13548,1.8361211525882555e+18,2024-09-17,NEG,ironic,
22955925,13549,13549,1.83612115105314e+18,2024-09-17,NEG,not ironic,
22955926,13550,13550,1.8361211503230853e+18,2024-09-17,POS,not ironic,
22955927,13551,13551,1.83612115008845e+18,2024-09-17,NEG,not ironic,
22955928,13552,13552,1.8361211486750103e+18,2024-09-17,NEG,not ironic,
22955929,13553,13553,1.8361211484149235e+18,2024-09-17,POS,not ironic,
22955930,13554,13554,1.836121147462812e+18,2024-09-17,NEG,not ironic,
22955931,13555,13555,1.8361211462084777e+18,2024-09-17,NEG,ironic,
22955932,13556,13556,1.8361211430711703e+18,2024-09-17,NEG,not ironic,
22955933,13557,13557,1.8361211422157417e+18,2024-09-17,POS,ironic,
22955934,13558,13558,1.8361211410455475e+18,2024-09-17,NEG,ironic,
22955935,13559,13559,1.8361211407938847e+18,2024-09-17,NEU,not ironic,
22955936,13560,13560,1.8361211378117225e+18,2024-09-17,NEG,ironic,
22955937,13561,13561,1.836121136389861e+18,2024-09-17,NEU,not ironic,
22955938,13562,13562,1.8361211358820805e+18,2024-09-17,NEU,ironic,
22955939,13563,13563,1.836121135446136e+18,2024-09-17,POS,ironic,
22955940,13564,13564,1.836121134380524e+18,2024-09-17,NEG,not ironic,
22955941,13565,13565,1.83612113368012e+18,2024-09-17,POS,not ironic,
22955942,13566,13566,1.836121132308796e+18,2024-09-17,POS,ironic,
22955943,13567,13567,1.836121131205428e+18,2024-09-17,POS,not ironic,
22955944,13568,13568,1.8361211302114388e+18,2024-09-17,NEG,not ironic,
22955945,13569,13569,1.8361211301820367e+18,2024-09-17,NEG,not ironic,
22955947,13571,13571,1.836121130043872e+18,2024-09-17,NEU,ironic,
22955948,13572,13572,1.836121129829962e+18,2024-09-17,NEG,not ironic,
22955949,13573,13573,1.8361211293267151e+18,2024-09-17,NEU,not ironic,
22955950,13574,13574,1.8361211289533524e+18,2024-09-17,NEU,not ironic,
22955951,13575,13575,1.83612112851692e+18,2024-09-17,NEG,not ironic,
22955952,13576,13576,1.8361211271288305e+18,2024-09-17,NEG,ironic,
22955953,13577,13577,1.8361211257572928e+18,2024-09-17,NEU,ironic,
22955954,13578,13578,1.836121125123953e+18,2024-09-17,POS,not ironic,
22955955,13579,13579,1.836121125052359e+18,2024-09-17,NEG,ironic,
22955956,13580,13580,1.836121124041634e+18,2024-09-17,POS,not ironic,
22955957,13581,13581,1.8361211230729385e+18,2024-09-17,NEG,ironic,
22955958,13582,13582,1.8361211228294392e+18,2024-09-17,NEG,not ironic,
22955959,13583,13583,1.836121122636452e+18,2024-09-17,NEG,ironic,
22955960,13584,13584,1.8361211224015624e+18,2024-09-17,POS,not ironic,
22955961,13585,13585,1.836121122305344e+18,2024-09-17,NEG,not ironic,
22955962,13586,13586,1.8361211220031368e+18,2024-09-17,NEG,ironic,
22955963,13587,13587,1.836121121470714e+18,2024-09-17,NEG,ironic,
22955964,13588,13588,1.836121121118188e+18,2024-09-17,POS,ironic,
22955965,13589,13589,1.8361211200150164e+18,2024-09-17,NEG,ironic,
22955966,13590,13590,1.8361211194110364e+18,2024-09-17,POS,not ironic,
22955967,13591,13591,1.8361211192600783e+18,2024-09-17,NEG,ironic,
22955968,13592,13592,1.8361211180646769e+18,2024-09-17,NEU,not ironic,
22955969,13593,13593,1.8361211176830733e+18,2024-09-17,NEG,ironic,
22955970,13594,13594,1.836121117305553e+18,2024-09-17,NEG,ironic,
22955971,13595,13595,1.836121116622168e+18,2024-09-17,NEU,not ironic,
22955972,13596,13596,1.8361211157661944e+18,2024-09-17,NEG,not ironic,
22955973,13597,13597,1.836121115024081e+18,2024-09-17,NEU,not ironic,
22955974,13598,13598,1.8361211149525363e+18,2024-09-17,NEG,not ironic,
22955975,13599,13599,1.8361211147724104e+18,2024-09-17,NEG,ironic,
22955976,13600,13600,1.8361211129101888e+18,2024-09-17,NEU,not ironic,
22955977,13601,13601,1.8361211125032924e+18,2024-09-17,NEG,ironic,
22955978,13602,13602,1.8361211118909727e+18,2024-09-17,NEG,not ironic,
22955979,13603,13603,1.8361211113622528e+18,2024-09-17,POS,not ironic,
22955980,13604,13604,1.836121110481384e+18,2024-09-17,NEG,not ironic,
22955981,13605,13605,1.8361211102594207e+18,2024-09-17,NEU,not ironic,
22955982,13606,13606,1.836121109407633e+18,2024-09-17,NEG,not ironic,
22955983,13607,13607,1.836121106824176e+18,2024-09-17,NEG,not ironic,
22955984,13608,13608,1.8361211064255245e+18,2024-09-17,POS,ironic,
22955985,13609,13609,1.8361211048235213e+18,2024-09-17,POS,not ironic,
22955986,13610,13610,1.8361211033303488e+18,2024-09-17,NEG,ironic,
22955987,13611,13611,1.8361211018201705e+18,2024-09-17,NEG,ironic,
22955989,13613,13613,1.8361211009477143e+18,2024-09-17,NEG,not ironic,
22955990,13614,13614,1.836121100847141e+18,2024-09-17,NEG,ironic,
22955991,13615,13615,1.836121100297684e+18,2024-09-17,NEG,not ironic,
22955992,13616,13616,1.8361210978356308e+18,2024-09-17,NEG,ironic,
22955993,13617,13617,1.8361210968792804e+18,2024-09-17,NEG,not ironic,
22955994,13618,13618,1.836121095981638e+18,2024-09-17,POS,not ironic,
22955995,13619,13619,1.836121094677492e+18,2024-09-17,NEG,ironic,
22955996,13620,13620,1.8361210946689103e+18,2024-09-17,NEU,not ironic,
22955997,13621,13621,1.8361210943290816e+18,2024-09-17,POS,not ironic,
22955998,13622,13622,1.8361210940942748e+18,2024-09-17,NEG,ironic,
22955999,13623,13623,1.836121093566009e+18,2024-09-17,NEU,not ironic,
22956001,13625,13625,1.836121092265776e+18,2024-09-17,NEU,ironic,
22956002,13626,13626,1.8361210907096883e+18,2024-09-17,NEG,ironic,
22956003,13627,13627,1.8361210903445097e+18,2024-09-17,NEG,ironic,
22956004,13628,13628,1.836121090323788e+18,2024-09-17,NEG,not ironic,
22956005,13629,13629,1.8361210884486963e+18,2024-09-17,NEG,not ironic,
22956006,13630,13630,1.8361210877733809e+18,2024-09-17,NEG,not ironic,
22956007,13631,13631,1.8361210868339425e+18,2024-09-17,POS,not ironic,
22956008,13632,13632,1.8361210860747085e+18,2024-09-17,NEG,not ironic,
22956009,13633,13633,1.8361210856010263e+18,2024-09-17,NEG,ironic,
22956010,13634,13634,1.8361210846992507e+18,2024-09-17,NEG,not ironic,
22956011,13635,13635,1.8361210830842184e+18,2024-09-17,NEG,ironic,
22956012,13636,13636,1.8361210830464576e+18,2024-09-17,NEU,not ironic,
22956013,13637,13637,1.8361210829541545e+18,2024-09-17,NEG,not ironic,
22956014,13638,13638,1.836121081058596e+18,2024-09-17,NEU,ironic,
22956015,13639,13639,1.836121080689288e+18,2024-09-17,NEG,ironic,
22956017,13641,13641,1.8361210799090967e+18,2024-09-17,NEG,not ironic,
22956018,13642,13642,1.8361210790409167e+18,2024-09-17,NEG,not ironic,
22956019,13643,13643,1.8361210773424407e+18,2024-09-17,NEU,not ironic,
22956020,13644,13644,1.83612107718706e+18,2024-09-17,NEG,not ironic,
22956021,13645,13645,1.8361210753040097e+18,2024-09-17,NEG,ironic,
22956022,13646,13646,1.836121073416316e+18,2024-09-17,NEG,ironic,
22956023,13647,13647,1.8361210718228152e+18,2024-09-17,POS,not ironic,
22956024,13648,13648,1.836121070367028e+18,2024-09-17,NEG,ironic,
22956025,13649,13649,1.836121070254068e+18,2024-09-17,NEU,not ironic,
22956026,13650,13650,1.8361210688277133e+18,2024-09-17,NEG,ironic,
22956027,13651,13651,1.83612106879416e+18,2024-09-17,NEG,not ironic,
22956028,13652,13652,1.836121068274332e+18,2024-09-17,NEG,not ironic,
22956029,13653,13653,1.8361210680310868e+18,2024-09-17,NEG,not ironic,
22956030,13654,13654,1.8361210672129843e+18,2024-09-17,NEG,ironic,
22956031,13655,13655,1.8361210667434355e+18,2024-09-17,NEG,ironic,
22956032,13656,13656,1.8361210661310671e+18,2024-09-17,NEG,not ironic,
22956033,13657,13657,1.8361210644153096e+18,2024-09-17,POS,not ironic,
22956034,13658,13658,1.8361210608420493e+18,2024-09-17,NEG,ironic,
22956035,13659,13659,1.8361210605274647e+18,2024-09-17,NEG,ironic,
22956037,13661,13661,1.8361210587405112e+18,2024-09-17,NEG,ironic,
22956038,13662,13662,1.8361210586694e+18,2024-09-17,NEU,not ironic,
22956039,13663,13663,1.8361210583713551e+18,2024-09-17,NEG,ironic,
22956040,13664,13664,1.8361210572472404e+18,2024-09-17,POS,ironic,
22956041,13665,13665,1.8361210567356088e+18,2024-09-17,NEU,not ironic,
22956042,13666,13666,1.83612105610254e+18,2024-09-17,NEG,not ironic,
22956043,13667,13667,1.8361210550706875e+18,2024-09-17,NEG,not ironic,
22956044,13668,13668,1.8361210547477256e+18,2024-09-17,POS,not ironic,
22956045,13669,13669,1.836121054743532e+18,2024-09-17,NEG,not ironic,
22956047,13671,13671,1.8361210501463163e+18,2024-09-17,NEG,not ironic,
22956048,13672,13672,1.8361210484393044e+18,2024-09-17,POS,ironic,
22956049,13673,13673,1.83612104824662e+18,2024-09-17,NEG,not ironic,
22956050,13674,13674,1.8361210474703795e+18,2024-09-17,NEU,not ironic,
22956051,13675,13675,1.8361210463630287e+18,2024-09-17,NEU,not ironic,
22956052,13676,13676,1.8361210423871245e+18,2024-09-17,NEU,ironic,
22956053,13677,13677,1.8361210423155103e+18,2024-09-17,NEU,not ironic,
22956054,13678,13678,1.8361210415524948e+18,2024-09-17,NEG,ironic,
22956055,13679,13679,1.8361210394298616e+18,2024-09-17,NEU,ironic,
22956056,13680,13680,1.8361210389771635e+18,2024-09-17,NEU,ironic,
22956057,13681,13681,1.8361210385031987e+18,2024-09-17,POS,not ironic,
22956058,13682,13682,1.8361210382973747e+18,2024-09-17,NEG,ironic,
22956059,13683,13683,1.8361210380248148e+18,2024-09-17,NEG,ironic,
22956060,13684,13684,1.8361210379408635e+18,2024-09-17,NEG,ironic,
22956061,13685,13685,1.8361210365989809e+18,2024-09-17,NEG,ironic,
22956062,13686,13686,1.8361210353446093e+18,2024-09-17,NEU,not ironic,
22956063,13687,13687,1.836121034615067e+18,2024-09-17,NEU,ironic,
22956064,13688,13688,1.8361210341870144e+18,2024-09-17,NEG,not ironic,
22956065,13689,13689,1.836121033184842e+18,2024-09-17,NEG,not ironic,
22956066,13690,13690,1.836121032287228e+18,2024-09-17,NEG,not ironic,
22956067,13691,13691,1.836121032194696e+18,2024-09-17,POS,not ironic,
22956068,13692,13692,1.836121031456572e+18,2024-09-17,NEU,not ironic,
22956069,13693,13693,1.8361210299385e+18,2024-09-17,NEG,ironic,
22956070,13694,13694,1.8361210278161e+18,2024-09-17,NEG,not ironic,
22956071,13695,13695,1.8361210274341235e+18,2024-09-17,NEG,not ironic,
22956072,13696,13696,1.8361210256516047e+18,2024-09-17,NEG,ironic,
22956073,13697,13697,1.8361210253202765e+18,2024-09-17,NEU,not ironic,
22956074,13698,13698,1.8361210232443085e+18,2024-09-17,NEG,ironic,
22956075,13699,13699,1.836121022493241e+18,2024-09-17,NEU,not ironic,
22956076,13700,13700,1.8361210224306127e+18,2024-09-17,NEG,not ironic,
22956077,13701,13701,1.8361210215412367e+18,2024-09-17,NEG,ironic,
22956078,13702,13702,1.8361210208409887e+18,2024-09-17,NEG,ironic,
22956079,13703,13703,1.8361210176029368e+18,2024-09-17,POS,ironic,
22956080,13704,13704,1.836121015350408e+18,2024-09-17,NEG,not ironic,
22956081,13705,13705,1.8361210146834885e+18,2024-09-17,NEG,not ironic,
22956082,13706,13706,1.8361210135344947e+18,2024-09-17,NEU,not ironic,
22956083,13707,13707,1.8361210133332424e+18,2024-09-17,NEG,not ironic,
22956084,13708,13708,1.8361210121839657e+18,2024-09-17,NEU,not ironic,
22956085,13709,13709,1.8361210120830607e+18,2024-09-17,NEG,not ironic,
22956086,13710,13710,1.8361210107495383e+18,2024-09-17,NEG,not ironic,
22956087,13711,13711,1.8361210073059533e+18,2024-09-17,NEG,ironic,
22956088,13712,13712,1.836121006798152e+18,2024-09-17,NEG,ironic,
22956089,13713,13713,1.836121006512956e+18,2024-09-17,NEU,ironic,
22956090,13714,13714,1.8361210063790825e+18,2024-09-17,NEG,not ironic,
22956091,13715,13715,1.8361210061860744e+18,2024-09-17,NEU,not ironic,
22956092,13716,13716,1.8361210030862008e+18,2024-09-17,NEG,not ironic,
22956093,13717,13717,1.836121001790256e+18,2024-09-17,NEG,not ironic,
22956094,13718,13718,1.836121000939e+18,2024-09-17,NEU,not ironic,
22956095,13719,13719,1.8361210007500068e+18,2024-09-17,NEG,ironic,
22956096,13720,13720,1.836120999890424e+18,2024-09-17,NEG,not ironic,
22956097,13721,13721,1.8361209988415887e+18,2024-09-17,NEG,ironic,
22956098,13722,13722,1.8361209987201969e+18,2024-09-17,POS,not ironic,
22956099,13723,13723,1.8361209977803904e+18,2024-09-17,NEG,ironic,
22956100,13724,13724,1.836120997667238e+18,2024-09-17,POS,not ironic,
22956101,13725,13725,1.836120997633872e+18,2024-09-17,NEG,not ironic,
22956102,13726,13726,1.8361209972729897e+18,2024-09-17,NEG,ironic,
22956103,13727,13727,1.836120996836676e+18,2024-09-17,NEG,not ironic,
22956104,13728,13728,1.8361209965853128e+18,2024-09-17,NEG,ironic,
22956105,13729,13729,1.836120993963652e+18,2024-09-17,NEG,not ironic,
22956106,13730,13730,1.83612099376652e+18,2024-09-17,NEU,ironic,
22956107,13731,13731,1.8361209920551767e+18,2024-09-17,NEG,not ironic,
22956108,13732,13732,1.836120991111504e+18,2024-09-17,NEG,ironic,
22956109,13733,13733,1.8361209908139287e+18,2024-09-17,NEG,not ironic,
22956110,13734,13734,1.8361209893795103e+18,2024-09-17,POS,ironic,
22956111,13735,13735,1.836120989270192e+18,2024-09-17,NEG,not ironic,
22956112,13736,13736,1.8361209879742177e+18,2024-09-17,NEU,ironic,
22956113,13737,13737,1.836120985554056e+18,2024-09-17,POS,not ironic,
22956114,13738,13738,1.8361209853026432e+18,2024-09-17,NEU,not ironic,
22956115,13739,13739,1.8361209839350784e+18,2024-09-17,NEG,not ironic,
22956116,13740,13740,1.8361209822741345e+18,2024-09-17,POS,ironic,
22956117,13741,13741,1.83612098115e+18,2024-09-17,NEG,not ironic,
22956118,13742,13742,1.836120979665539e+18,2024-09-17,NEG,ironic,
22956119,13743,13743,1.83612097749264e+18,2024-09-17,NEG,not ironic,
22956120,13744,13744,1.8361209754208548e+18,2024-09-17,NEG,not ironic,
22956121,13745,13745,1.836120973273371e+18,2024-09-17,POS,not ironic,
22956122,13746,13746,1.8361209732356216e+18,2024-09-17,NEG,ironic,
22956123,13747,13747,1.8361209724467976e+18,2024-09-17,NEG,not ironic,
22956125,13749,13749,1.8361209700102024e+18,2024-09-17,NEG,not ironic,
22956126,13750,13750,1.8361209693640087e+18,2024-09-17,NEG,not ironic,
22956127,13751,13751,1.8361209691417843e+18,2024-09-17,NEG,not ironic,
22956128,13752,13752,1.836120967275324e+18,2024-09-17,NEU,not ironic,
22956129,13753,13753,1.8361209667848645e+18,2024-09-17,NEU,ironic,
22956130,13754,13754,1.836120965270385e+18,2024-09-17,NEU,not ironic,
22956131,13755,13755,1.8361209629302167e+18,2024-09-17,NEG,ironic,
22956132,13756,13756,1.8361209622924823e+18,2024-09-17,NEG,ironic,
22956133,13757,13757,1.836120960648262e+18,2024-09-17,NEU,not ironic,
22956134,13758,13758,1.836120959927124e+18,2024-09-17,NEG,ironic,
22956135,13759,13759,1.8361209596751383e+18,2024-09-17,NEU,ironic,
22956136,13760,13760,1.8361209586895127e+18,2024-09-17,NEU,not ironic,
22956137,13761,13761,1.836120957293048e+18,2024-09-17,NEG,not ironic,
22956138,13762,13762,1.8361209565380977e+18,2024-09-17,NEG,not ironic,
22956139,13763,13763,1.8361209561897613e+18,2024-09-17,NEG,ironic,
22956140,13764,13764,1.836120956063847e+18,2024-09-17,NEU,ironic,
22956141,13765,13765,1.836120955699237e+18,2024-09-17,NEG,ironic,
22956142,13766,13766,1.836120955325924e+18,2024-09-17,POS,not ironic,
22956143,13767,13767,1.8361209544701207e+18,2024-09-17,NEU,ironic,
22956144,13768,13768,1.8361209537780244e+18,2024-09-17,POS,ironic,
22956145,13769,13769,1.836120952524157e+18,2024-09-17,NEG,not ironic,
22956146,13770,13770,1.836120951215526e+18,2024-09-17,POS,not ironic,
22956147,13771,13771,1.83612094969306e+18,2024-09-17,NEG,ironic,
22956148,13772,13772,1.836120949613105e+18,2024-09-17,NEU,not ironic,
22956149,13773,13773,1.8361209491853028e+18,2024-09-17,NEG,ironic,
22956150,13774,13774,1.836120948287697e+18,2024-09-17,NEU,ironic,
22956151,13775,13775,1.8361209479607465e+18,2024-09-17,NEG,not ironic,
22956152,13776,13776,1.8361209478600832e+18,2024-09-17,NEU,ironic,
22956153,13777,13777,1.8361209470086392e+18,2024-09-17,NEU,not ironic,
22956154,13778,13778,1.8361209467612488e+18,2024-09-17,NEG,not ironic,
22956155,13779,13779,1.8361209466686423e+18,2024-09-17,NEU,not ironic,
22956156,13780,13780,1.836120945670456e+18,2024-09-17,NEU,not ironic,
22956157,13781,13781,1.8361209453183432e+18,2024-09-17,NEU,not ironic,
22956158,13782,13782,1.8361209445927887e+18,2024-09-17,NEG,ironic,
22956159,13783,13783,1.8361209443704207e+18,2024-09-17,POS,not ironic,
22956160,13784,13784,1.8361209442068444e+18,2024-09-17,NEU,not ironic,
22956161,13785,13785,1.836120944081044e+18,2024-09-17,NEG,not ironic,
22956162,13786,13786,1.836120943808381e+18,2024-09-17,NEG,not ironic,
22956163,13787,13787,1.8361209436194204e+18,2024-09-17,NEU,not ironic,
22956164,13788,13788,1.8361209422229297e+18,2024-09-17,NEU,ironic,
22956165,13789,13789,1.8361209418664223e+18,2024-09-17,NEG,ironic,
22956166,13790,13790,1.8361209392279224e+18,2024-09-17,NEU,not ironic,
22956167,13791,13791,1.836120936979837e+18,2024-09-17,NEU,not ironic,
22956168,13792,13792,1.8361209369255887e+18,2024-09-17,NEG,not ironic,
22956169,13793,13793,1.8361209367533773e+18,2024-09-17,POS,not ironic,
22956170,13794,13794,1.8361209366654856e+18,2024-09-17,NEG,not ironic,
22956171,13795,13795,1.8361209344928364e+18,2024-09-17,NEG,not ironic,
22956172,13796,13796,1.8361209344341967e+18,2024-09-17,POS,ironic,
22956173,13797,13797,1.8361209339727337e+18,2024-09-17,NEU,ironic,
22956174,13798,13798,1.836120933590782e+18,2024-09-17,NEU,not ironic,
22956175,13799,13799,1.8361209331127247e+18,2024-09-17,NEG,ironic,
22956176,13800,13800,1.836120931506279e+18,2024-09-17,NEG,not ironic,
22956177,13801,13801,1.836120930986398e+18,2024-09-17,POS,not ironic,
22956179,13803,13803,1.836120929098728e+18,2024-09-17,NEG,not ironic,
22956180,13804,13804,1.836120928096313e+18,2024-09-17,POS,not ironic,
22956181,13805,13805,1.8361209279705009e+18,2024-09-17,NEG,not ironic,
22956182,13806,13806,1.8361209274925427e+18,2024-09-17,NEU,not ironic,
22956183,13807,13807,1.8361209267459569e+18,2024-09-17,NEU,not ironic,
22956184,13808,13808,1.836120925294728e+18,2024-09-17,NEU,not ironic,
22956185,13809,13809,1.8361209251811988e+18,2024-09-17,NEU,not ironic,
22956186,13810,13810,1.8361209250850488e+18,2024-09-17,NEG,not ironic,
22956187,13811,13811,1.836120924007076e+18,2024-09-17,NEG,not ironic,
22956188,13812,13812,1.836120923943879e+18,2024-09-17,NEG,not ironic,
22956189,13813,13813,1.8361209237509325e+18,2024-09-17,NEU,not ironic,
22956190,13814,13814,1.8361209221741647e+18,2024-09-17,NEG,ironic,
22956191,13815,13815,1.8361209213895967e+18,2024-09-17,NEG,not ironic,
22956192,13816,13816,1.8361209204919583e+18,2024-09-17,NEG,ironic,
22956193,13817,13817,1.836120919246312e+18,2024-09-17,NEU,not ironic,
22956194,13818,13818,1.8361209182564188e+18,2024-09-17,NEG,not ironic,
22956195,13819,13819,1.8361209169606449e+18,2024-09-17,NEG,not ironic,
22956196,13820,13820,1.836120916172116e+18,2024-09-17,NEU,ironic,
22956197,13821,13821,1.836120915916264e+18,2024-09-17,NEU,not ironic,
22956198,13822,13822,1.8361209155721257e+18,2024-09-17,POS,ironic,
22956199,13823,13823,1.8361209140873587e+18,2024-09-17,NEG,ironic,
22956200,13824,13824,1.8361209140036936e+18,2024-09-17,POS,not ironic,
22956201,13825,13825,1.836120910706938e+18,2024-09-17,NEG,ironic,
22956202,13826,13826,1.8361209104592648e+18,2024-09-17,NEG,not ironic,
22956203,13827,13827,1.8361209088866383e+18,2024-09-17,NEG,ironic,
22956204,13828,13828,1.836120908152337e+18,2024-09-17,NEU,not ironic,
22956205,13829,13829,1.8361209075025024e+18,2024-09-17,NEU,not ironic,
22956206,13830,13830,1.836120907418354e+18,2024-09-17,POS,not ironic,
22956207,13831,13831,1.8361209051117937e+18,2024-09-17,NEG,ironic,
22956208,13832,13832,1.836120902846616e+18,2024-09-17,NEG,ironic,
22956209,13833,13833,1.836120902645486e+18,2024-09-17,NEG,ironic,
22956210,13834,13834,1.8361209023474808e+18,2024-09-17,NEU,ironic,
22956211,13835,13835,1.836120902267708e+18,2024-09-17,NEU,not ironic,
22956212,13836,13836,1.83612090198698e+18,2024-09-17,NEG,ironic,
22956213,13837,13837,1.8361209019408384e+18,2024-09-17,NEU,not ironic,
22956214,13838,13838,1.836120901433078e+18,2024-09-17,NEG,ironic,
22956215,13839,13839,1.836120901315708e+18,2024-09-17,NEG,not ironic,
22956216,13840,13840,1.8361209008545167e+18,2024-09-17,NEU,not ironic,
22956217,13841,13841,1.836120898539262e+18,2024-09-17,NEG,not ironic,
22956218,13842,13842,1.836120898186941e+18,2024-09-17,NEG,ironic,
22956219,13843,13843,1.8361208965886927e+18,2024-09-17,NEG,ironic,
22956220,13844,13844,1.836120895158653e+18,2024-09-17,NEG,not ironic,
22956221,13845,13845,1.836120894122472e+18,2024-09-17,NEU,not ironic,
22956222,13846,13846,1.8361208939967985e+18,2024-09-17,NEU,not ironic,
22956223,13847,13847,1.836120893925528e+18,2024-09-17,NEG,not ironic,
22956224,13848,13848,1.8361208931328287e+18,2024-09-17,NEG,ironic,
22956225,13849,13849,1.8361208915473408e+18,2024-09-17,NEU,not ironic,
22956226,13850,13850,1.8361208903055524e+18,2024-09-17,NEG,not ironic,
22956227,13851,13851,1.8361208882335995e+18,2024-09-17,NEU,not ironic,
22956228,13852,13852,1.8361208881204224e+18,2024-09-17,POS,not ironic,
22956229,13853,13853,1.8361208870636465e+18,2024-09-17,NEG,ironic,
22956230,13854,13854,1.8361208859312128e+18,2024-09-17,NEG,not ironic,
22956231,13855,13855,1.8361208848197427e+18,2024-09-17,NEU,ironic,
22956232,13856,13856,1.836120884190512e+18,2024-09-17,NEG,ironic,
22956233,13857,13857,1.8361208838717809e+18,2024-09-17,NEU,not ironic,
22956234,13858,13858,1.8361208814891287e+18,2024-09-17,NEG,not ironic,
22956235,13859,13859,1.8361208809651284e+18,2024-09-17,NEG,ironic,
22956236,13860,13860,1.83612088026468e+18,2024-09-17,NEU,not ironic,
22956237,13861,13861,1.8361208798324247e+18,2024-09-17,NEU,not ironic,
22956238,13862,13862,1.836120876095296e+18,2024-09-17,NEG,not ironic,
22956239,13863,13863,1.8361208745139896e+18,2024-09-17,NEG,not ironic,
22956240,13864,13864,1.836120874451374e+18,2024-09-17,NEG,ironic,
22956241,13865,13865,1.8361208742122988e+18,2024-09-17,NEG,not ironic,
22956242,13866,13866,1.8361208735789588e+18,2024-09-17,POS,not ironic,
22956243,13867,13867,1.836120872748274e+18,2024-09-17,NEG,ironic,
22956244,13868,13868,1.836120872416916e+18,2024-09-17,NEU,not ironic,
22956245,13869,13869,1.836120872391783e+18,2024-09-17,NEG,not ironic,
22956246,13870,13870,1.83612087193478e+18,2024-09-17,NEG,ironic,
22956247,13871,13871,1.8361208706888008e+18,2024-09-17,NEU,not ironic,
22956248,13872,13872,1.836120870625895e+18,2024-09-17,NEG,not ironic,
22956249,13873,13873,1.8361208687133773e+18,2024-09-17,NEU,not ironic,
22956250,13874,13874,1.8361208671781768e+18,2024-09-17,NEG,not ironic,
22956251,13875,13875,1.8361208669351813e+18,2024-09-17,NEG,not ironic,
22956252,13876,13876,1.8361208666917112e+18,2024-09-17,NEG,ironic,
22956253,13877,13877,1.8361208645318456e+18,2024-09-17,NEU,not ironic,
22956254,13878,13878,1.8361208641543905e+18,2024-09-17,NEG,ironic,
22956255,13879,13879,1.836120863114183e+18,2024-09-17,NEU,not ironic,
22956256,13880,13880,1.836120861616804e+18,2024-09-17,NEG,not ironic,
22956257,13881,13881,1.8361208614490929e+18,2024-09-17,POS,ironic,
22956258,13882,13882,1.8361208598468567e+18,2024-09-17,NEG,not ironic,
22956259,13883,13883,1.8361208586218783e+18,2024-09-17,NEG,not ironic,
22956260,13884,13884,1.836120857564889e+18,2024-09-17,NEG,not ironic,
22956261,13885,13885,1.836120854268384e+18,2024-09-17,NEU,not ironic,
22956262,13886,13886,1.8361208516888868e+18,2024-09-17,NEG,not ironic,
22956263,13887,13887,1.8361208515586747e+18,2024-09-17,NEU,not ironic,
22956264,13888,13888,1.836120849579152e+18,2024-09-17,NEU,ironic,
22956265,13889,13889,1.836120848576414e+18,2024-09-17,NEU,not ironic,
22956266,13890,13890,1.8361208446547768e+18,2024-09-17,NEU,not ironic,
22956267,13891,13891,1.836120843757265e+18,2024-09-17,NEU,not ironic,
22956268,13892,13892,1.8361208434512727e+18,2024-09-17,NEU,not ironic,
22956269,13893,13893,1.8361208423985032e+18,2024-09-17,NEG,not ironic,
22956270,13894,13894,1.8361208419497905e+18,2024-09-17,NEU,not ironic,
22956271,13895,13895,1.8361208398104049e+18,2024-09-17,POS,ironic,
22956272,13896,13896,1.8361208395631864e+18,2024-09-17,NEG,ironic,
22956273,13897,13897,1.8361208383633044e+18,2024-09-17,NEG,ironic,
22956274,13898,13898,1.836120837524431e+18,2024-09-17,NEU,ironic,
22956275,13899,13899,1.8361208346009969e+18,2024-09-17,POS,not ironic,
22956276,13900,13900,1.836120834118948e+18,2024-09-17,NEG,ironic,
22956277,13901,13901,1.836120833074308e+18,2024-09-17,NEU,not ironic,
22956278,13902,13902,1.836120832025768e+18,2024-09-17,NEU,ironic,
22956279,13903,13903,1.836120831526589e+18,2024-09-17,NEG,ironic,
22956280,13904,13904,1.8361208299454057e+18,2024-09-17,NEU,not ironic,
22956281,13905,13905,1.8361208296308408e+18,2024-09-17,NEG,ironic,
22956282,13906,13906,1.8361208290438387e+18,2024-09-17,NEU,not ironic,
22956283,13907,13907,1.8361208286535025e+18,2024-09-17,NEG,not ironic,
22956284,13908,13908,1.8361208269968305e+18,2024-09-17,NEG,not ironic,
22956285,13909,13909,1.8361208266738647e+18,2024-09-17,NEU,not ironic,
22956286,13910,13910,1.8361208259985e+18,2024-09-17,NEG,ironic,
22956287,13911,13911,1.8361208252857428e+18,2024-09-17,NEG,ironic,
22956288,13912,13912,1.8361208251806843e+18,2024-09-17,POS,ironic,
22956289,13913,13913,1.8361208250380004e+18,2024-09-17,NEU,not ironic,
22956290,13914,13914,1.8361208243543567e+18,2024-09-17,NEU,not ironic,
22956291,13915,13915,1.8361208239726715e+18,2024-09-17,NEG,ironic,
22956292,13916,13916,1.8361208239685056e+18,2024-09-17,NEU,not ironic,
22956293,13917,13917,1.8361208217709e+18,2024-09-17,NEG,ironic,
22956294,13918,13918,1.8361208213974016e+18,2024-09-17,NEG,not ironic,
22956295,13919,13919,1.836120820386612e+18,2024-09-17,POS,not ironic,
22956296,13920,13920,1.836120819782574e+18,2024-09-17,NEU,not ironic,
22956297,13921,13921,1.836120819539268e+18,2024-09-17,NEG,ironic,
22956298,13922,13922,1.8361208181931748e+18,2024-09-17,NEG,ironic,
22956299,13923,13923,1.8361208167503345e+18,2024-09-17,NEU,not ironic,
22956300,13924,13924,1.836120816280572e+18,2024-09-17,POS,not ironic,
22956301,13925,13925,1.836120816083436e+18,2024-09-17,NEG,ironic,
22956302,13926,13926,1.8361208142756948e+18,2024-09-17,NEG,ironic,
22956303,13927,13927,1.8361208140450084e+18,2024-09-17,NEG,not ironic,
22956304,13928,13928,1.836120813226832e+18,2024-09-17,NEG,ironic,
22956305,13929,13929,1.836120813050749e+18,2024-09-17,NEG,not ironic,
22956306,13930,13930,1.836120812367311e+18,2024-09-17,NEG,not ironic,
22956307,13931,13931,1.8361208120694907e+18,2024-09-17,POS,not ironic,
22956308,13932,13932,1.8361208110418865e+18,2024-09-17,POS,ironic,
22956309,13933,13933,1.8361208105175985e+18,2024-09-17,NEU,ironic,
22956310,13934,13934,1.83612081001828e+18,2024-09-17,NEG,not ironic,
22956311,13935,13935,1.8361208083449487e+18,2024-09-17,NEU,not ironic,
22956312,13936,13936,1.836120808332366e+18,2024-09-17,NEG,ironic,
22956313,13937,13937,1.8361208076232911e+18,2024-09-17,NEU,not ironic,
22956314,13938,13938,1.8361208068854008e+18,2024-09-17,POS,not ironic,
22956315,13939,13939,1.8361208066588388e+18,2024-09-17,POS,ironic,
22956316,13940,13940,1.8361208045363205e+18,2024-09-17,NEU,ironic,
22956318,13942,13942,1.836120803768963e+18,2024-09-17,NEU,ironic,
22956319,13943,13943,1.83612080375638e+18,2024-09-17,NEG,not ironic,
22956320,13944,13944,1.836120803324084e+18,2024-09-17,NEG,not ironic,
22956321,13945,13945,1.8361208002708933e+18,2024-09-17,NEG,ironic,
22956322,13946,13946,1.836120798861628e+18,2024-09-17,NEU,ironic,
22956323,13947,13947,1.836120798211228e+18,2024-09-17,NEU,not ironic,
22956324,13948,13948,1.8361207980225413e+18,2024-09-17,POS,ironic,
22956325,13949,13949,1.8361207975065728e+18,2024-09-17,NEG,ironic,
22956326,13950,13950,1.8361207962234104e+18,2024-09-17,NEG,ironic,
22956327,13951,13951,1.8361207957995072e+18,2024-09-17,NEG,not ironic,
22956328,13952,13952,1.83612079577863e+18,2024-09-17,NEG,not ironic,
22956329,13953,13953,1.836120795715633e+18,2024-09-17,NEG,not ironic,
22956330,13954,13954,1.8361207945579889e+18,2024-09-17,NEG,not ironic,
22956331,13955,13955,1.836120793111028e+18,2024-09-17,NEG,ironic,
22956332,13956,13956,1.836120792960242e+18,2024-09-17,NEG,not ironic,
22956333,13957,13957,1.8361207926708347e+18,2024-09-17,NEU,ironic,
22956334,13958,13958,1.8361207913912727e+18,2024-09-17,NEG,not ironic,
22956335,13959,13959,1.8361207907959808e+18,2024-09-17,NEG,ironic,
22956336,13960,13960,1.8361207881072115e+18,2024-09-17,NEG,ironic,
22956337,13961,13961,1.8361207872683377e+18,2024-09-17,NEG,ironic,
22956338,13962,13962,1.836120785779356e+18,2024-09-17,NEG,not ironic,
22956339,13963,13963,1.836120784823096e+18,2024-09-17,NEG,ironic,
22956340,13964,13964,1.836120783401423e+18,2024-09-17,NEG,not ironic,
22956341,13965,13965,1.8361207812455383e+18,2024-09-17,NEG,not ironic,
22956342,13966,13966,1.8361207803435213e+18,2024-09-17,NEG,ironic,
22956343,13967,13967,1.8361207772399908e+18,2024-09-17,NEG,ironic,
22956344,13968,13968,1.836120776011084e+18,2024-09-17,NEG,not ironic,
22956345,13969,13969,1.8361207756671263e+18,2024-09-17,NEG,not ironic,
22956346,13970,13970,1.8361207734816727e+18,2024-09-17,NEG,ironic,
22956348,13972,13972,1.8361207718377188e+18,2024-09-17,NEG,not ironic,
22956349,13973,13973,1.8361207710111867e+18,2024-09-17,NEG,ironic,
22956350,13974,13974,1.8361207706339607e+18,2024-09-17,NEG,ironic,
22956351,13975,13975,1.83612076926222e+18,2024-09-17,POS,ironic,
22956352,13976,13976,1.8361207668756808e+18,2024-09-17,NEG,not ironic,
22956353,13977,13977,1.83612076667426e+18,2024-09-17,POS,not ironic,
22956354,13978,13978,1.8361207652104604e+18,2024-09-17,NEG,not ironic,
22956355,13979,13979,1.8361207648371428e+18,2024-09-17,NEG,ironic,
22956356,13980,13980,1.8361207641745408e+18,2024-09-17,NEG,ironic,
22956357,13981,13981,1.8361207632307528e+18,2024-09-17,NEG,ironic,
22956358,13982,13982,1.8361207612846607e+18,2024-09-17,NEG,not ironic,
22956359,13983,13983,1.8361207610329784e+18,2024-09-17,NEG,not ironic,
22956360,13984,13984,1.8361207606808783e+18,2024-09-17,POS,ironic,
22956361,13985,13985,1.83612076007245e+18,2024-09-17,NEG,ironic,
22956362,13986,13986,1.836120756301816e+18,2024-09-17,POS,not ironic,
22956363,13987,13987,1.8361207555258084e+18,2024-09-17,NEU,not ironic,
22956364,13988,13988,1.836120751306609e+18,2024-09-17,POS,not ironic,
22956365,13989,13989,1.8361207511428383e+18,2024-09-17,NEU,ironic,
22956366,13990,13990,1.8361207503039447e+18,2024-09-17,NEG,ironic,
22956367,13991,13991,1.8361207502117112e+18,2024-09-17,NEG,not ironic,
22956368,13992,13992,1.8361207500438607e+18,2024-09-17,NEU,not ironic,
22956369,13993,13993,1.8361207500397204e+18,2024-09-17,NEG,not ironic,
22956370,13994,13994,1.83612074994346e+18,2024-09-17,NEG,not ironic,
22956371,13995,13995,1.8361207498131625e+18,2024-09-17,NEG,ironic,
22956372,13996,13996,1.8361207496286088e+18,2024-09-17,NEG,ironic,
22956373,13997,13997,1.8361207496245128e+18,2024-09-17,NEU,not ironic,
22956374,13998,13998,1.8361207482780344e+18,2024-09-17,NEG,not ironic,
22956375,13999,13999,1.836120748177658e+18,2024-09-17,NEG,ironic,
22956376,14000,14000,1.8361207470826665e+18,2024-09-17,NEG,ironic,
22956377,14001,14001,1.836120744625083e+18,2024-09-17,NEG,ironic,
22956378,14002,14002,1.8361207438826908e+18,2024-09-17,NEG,not ironic,
22956379,14003,14003,1.8361207433039217e+18,2024-09-17,NEG,ironic,
22956380,14004,14004,1.8361207432239844e+18,2024-09-17,NEU,not ironic,
22956381,14005,14005,1.8361207426954977e+18,2024-09-17,NEU,not ironic,
22956382,14006,14006,1.8361207407996152e+18,2024-09-17,NEG,not ironic,
22956383,14007,14007,1.8361207403468928e+18,2024-09-17,NEG,not ironic,
22956384,14008,14008,1.8361207395751409e+18,2024-09-17,POS,ironic,
22956385,14009,14009,1.836120737003816e+18,2024-09-17,NEG,not ironic,
22956386,14010,14010,1.836120735338968e+18,2024-09-17,NEG,not ironic,
22956387,14011,14011,1.8361207347388536e+18,2024-09-17,NEG,not ironic,
22956388,14012,14012,1.8361207346633687e+18,2024-09-17,NEG,ironic,
22956389,14013,14013,1.836120732851672e+18,2024-09-17,NEU,not ironic,
22956390,14014,14014,1.8361207324696988e+18,2024-09-17,NEG,ironic,
22956391,14015,14015,1.8361207323106063e+18,2024-09-17,NEG,not ironic,
22956392,14016,14016,1.8361207294288937e+18,2024-09-17,POS,ironic,
22956394,14018,14018,1.836120728883832e+18,2024-09-17,NEG,not ironic,
22956395,14019,14019,1.8361207288377388e+18,2024-09-17,NEU,not ironic,
22956396,14020,14020,1.8361207283802888e+18,2024-09-17,NEG,not ironic,
22956397,14021,14021,1.8361207270509527e+18,2024-09-17,NEU,not ironic,
22956398,14022,14022,1.8361207269793628e+18,2024-09-17,NEG,ironic,
22956399,14023,14023,1.8361207269500685e+18,2024-09-17,NEU,not ironic,
22956400,14024,14024,1.8361207266690583e+18,2024-09-17,NEG,not ironic,
22956401,14025,14025,1.8361207265182725e+18,2024-09-17,NEG,ironic,
22956402,14026,14026,1.836120726417617e+18,2024-09-17,POS,not ironic,
22956403,14027,14027,1.836120726241248e+18,2024-09-17,NEU,not ironic,
22956404,14028,14028,1.8361207257884303e+18,2024-09-17,NEG,ironic,
22956405,14029,14029,1.836120724739704e+18,2024-09-17,NEU,ironic,
22956406,14030,14030,1.83612072455932e+18,2024-09-17,NEG,ironic,
22956407,14031,14031,1.836120723674616e+18,2024-09-17,POS,ironic,
22956408,14032,14032,1.83612072361162e+18,2024-09-17,NEU,not ironic,
22956410,14034,14034,1.8361207223994647e+18,2024-09-17,NEG,not ironic,
22956411,14035,14035,1.8361207218958828e+18,2024-09-17,NEG,ironic,
22956412,14036,14036,1.8361207208011983e+18,2024-09-17,NEG,not ironic,
22956413,14037,14037,1.8361207206375675e+18,2024-09-17,NEG,ironic,
22956414,14038,14038,1.8361207189430725e+18,2024-09-17,NEU,not ironic,
22956415,14039,14039,1.8361207188298383e+18,2024-09-17,NEG,not ironic,
22956416,14040,14040,1.8361207173493107e+18,2024-09-17,NEU,not ironic,
22956417,14041,14041,1.8361207160280312e+18,2024-09-17,NEG,not ironic,
22956418,14042,14042,1.8361207158982607e+18,2024-09-17,NEG,ironic,
22956419,14043,14043,1.8361207154369088e+18,2024-09-17,NEG,ironic,
22956421,14045,14045,1.836120711317893e+18,2024-09-17,NEU,not ironic,
22956422,14046,14046,1.8361207091161047e+18,2024-09-17,NEG,ironic,
22956423,14047,14047,1.8361207072873884e+18,2024-09-17,NEG,not ironic,
22956424,14048,14048,1.8361207068511808e+18,2024-09-17,NEU,ironic,
22956425,14049,14049,1.836120706347676e+18,2024-09-17,NEG,ironic,
22956428,14052,14052,1.8361207048043607e+18,2024-09-17,NEG,not ironic,
22956429,14053,14053,1.8361207046701427e+18,2024-09-17,NEG,ironic,
22956430,14054,14054,1.8361207045904507e+18,2024-09-17,NEG,not ironic,
22956431,14055,14055,1.8361207045863053e+18,2024-09-17,NEG,not ironic,
22956432,14056,14056,1.836120704221352e+18,2024-09-17,POS,not ironic,
22956433,14057,14057,1.836120703084696e+18,2024-09-17,POS,ironic,
22956434,14058,14058,1.8361207016583864e+18,2024-09-17,NEU,not ironic,
22956435,14059,14059,1.8361207012515315e+18,2024-09-17,NEG,ironic,
22956436,14060,14060,1.836120700282606e+18,2024-09-17,NEG,not ironic,
22956437,14061,14061,1.836120699594809e+18,2024-09-17,NEG,not ironic,
22956438,14062,14062,1.836120698638508e+18,2024-09-17,NEU,not ironic,
22956439,14063,14063,1.8361206977034035e+18,2024-09-17,NEU,ironic,
22956440,14064,14064,1.8361206962185915e+18,2024-09-17,NEG,not ironic,
22956441,14065,14065,1.83612069566086e+18,2024-09-17,NEU,not ironic,
22956442,14066,14066,1.836120695501394e+18,2024-09-17,NEU,not ironic,
22956443,14067,14067,1.8361206954843343e+18,2024-09-17,NEG,ironic,
22956444,14068,14068,1.8361206948890253e+18,2024-09-17,NEG,ironic,
22956445,14069,14069,1.8361206932532472e+18,2024-09-17,NEG,not ironic,
22956446,14070,14070,1.83612069228408e+18,2024-09-17,NEG,ironic,
22956448,14072,14072,1.8361206910426647e+18,2024-09-17,NEG,not ironic,
22956449,14073,14073,1.836120691030266e+18,2024-09-17,NEU,not ironic,
22956450,14074,14074,1.8361206909209152e+18,2024-09-17,NEU,not ironic,
22956451,14075,14075,1.8361206897633285e+18,2024-09-17,NEU,not ironic,
22956452,14076,14076,1.83612068711698e+18,2024-09-17,NEU,not ironic,
22956453,14077,14077,1.8361206863453105e+18,2024-09-17,NEG,not ironic,
22956454,14078,14078,1.8361206861016968e+18,2024-09-17,POS,not ironic,
22956455,14079,14079,1.83612068608494e+18,2024-09-17,NEG,ironic,
22956456,14080,14080,1.83612068542222e+18,2024-09-17,POS,not ironic,
22956457,14081,14081,1.836120685338596e+18,2024-09-17,NEU,not ironic,
22956458,14082,14082,1.8361206844619863e+18,2024-09-17,NEG,not ironic,
22956459,14083,14083,1.8361206813708567e+18,2024-09-17,NEU,ironic,
22956460,14084,14084,1.8361206804939656e+18,2024-09-17,NEU,ironic,
22956461,14085,14085,1.8361206803431672e+18,2024-09-17,NEG,not ironic,
22956462,14086,14086,1.8361206801248832e+18,2024-09-17,NEU,not ironic,
22956463,14087,14087,1.8361206775372104e+18,2024-09-17,NEG,not ironic,
22956464,14088,14088,1.8361206755572165e+18,2024-09-17,NEU,not ironic,
22956465,14089,14089,1.8361206752975007e+18,2024-09-17,NEG,ironic,
22956466,14090,14090,1.8361206742318449e+18,2024-09-17,NEU,ironic,
22956467,14091,14091,1.8361206728689293e+18,2024-09-17,NEU,not ironic,
22956468,14092,14092,1.8361206724494991e+18,2024-09-17,NEU,not ironic,
22956469,14093,14093,1.8361206717069112e+18,2024-09-17,NEG,ironic,
22956470,14094,14094,1.83612067054948e+18,2024-09-17,NEG,ironic,
22956471,14095,14095,1.836120669588984e+18,2024-09-17,POS,not ironic,
22956472,14096,14096,1.836120668250776e+18,2024-09-17,NEU,not ironic,
22956473,14097,14097,1.836120667072443e+18,2024-09-17,NEG,not ironic,
22956474,14098,14098,1.8361206659105792e+18,2024-09-17,NEG,not ironic,
22956475,14099,14099,1.8361206657928768e+18,2024-09-17,NEG,not ironic,
22956476,14100,14100,1.836120661523104e+18,2024-09-17,NEG,ironic,
22956477,14101,14101,1.83612066049126e+18,2024-09-17,NEG,ironic,
22956478,14102,14102,1.8361206579036529e+18,2024-09-17,NEG,not ironic,
22956479,14103,14103,1.836120656930632e+18,2024-09-17,POS,ironic,
22956480,14104,14104,1.8361206546950103e+18,2024-09-17,NEG,not ironic,
22956481,14105,14105,1.8361206521322908e+18,2024-09-17,POS,not ironic,
22956482,14106,14106,1.836120650349712e+18,2024-09-17,NEU,not ironic,
22956483,14107,14107,1.8361206498251607e+18,2024-09-17,NEG,ironic,
22956484,14108,14108,1.836120649460536e+18,2024-09-17,NEG,not ironic,
22956485,14109,14109,1.836120648499832e+18,2024-09-17,NEG,ironic,
22956486,14110,14110,1.8361206473925105e+18,2024-09-17,NEG,ironic,
22956487,14111,14111,1.8361206471494656e+18,2024-09-17,NEU,not ironic,
22956488,14112,14112,1.836120646406812e+18,2024-09-17,NEU,ironic,
22956489,14113,14113,1.8361206463860943e+18,2024-09-17,NEG,not ironic,
22956490,14114,14114,1.8361206451065856e+18,2024-09-17,NEG,not ironic,
22956491,14115,14115,1.8361206436762831e+18,2024-09-17,NEG,ironic,
22956492,14116,14116,1.8361206435840448e+18,2024-09-17,NEG,not ironic,
22956493,14117,14117,1.836120643173336e+18,2024-09-17,NEG,ironic,
22956494,14118,14118,1.8361206429132104e+18,2024-09-17,NEU,not ironic,
22956495,14119,14119,1.8361206406354744e+18,2024-09-17,NEG,not ironic,
22956497,14121,14121,1.8361206389453988e+18,2024-09-17,NEG,not ironic,
22956498,14122,14122,1.8361206387902093e+18,2024-09-17,NEU,not ironic,
22956499,14123,14123,1.8361206381024133e+18,2024-09-17,NEG,ironic,
22956500,14124,14124,1.8361206360052577e+18,2024-09-17,NEU,ironic,
22956501,14125,14125,1.8361206355270408e+18,2024-09-17,NEG,not ironic,
22956502,14126,14126,1.8361206343568305e+18,2024-09-17,NEG,not ironic,
22956503,14127,14127,1.8361206280734804e+18,2024-09-17,NEU,not ironic,
22956504,14128,14128,1.836120628027601e+18,2024-09-17,POS,not ironic,
22956505,14129,14129,1.8361206275996017e+18,2024-09-17,NEU,not ironic,
22956506,14130,14130,1.8361206275366543e+18,2024-09-17,NEG,ironic,
22956507,14131,14131,1.836120627092296e+18,2024-09-17,NEG,ironic,
22956508,14132,14132,1.8361206268068943e+18,2024-09-17,NEU,not ironic,
22956509,14133,14133,1.836120625791804e+18,2024-09-17,POS,not ironic,
22956510,14134,14134,1.8361206232375127e+18,2024-09-17,POS,ironic,
22956511,14135,14135,1.83612062264214e+18,2024-09-17,NEG,not ironic,
22956512,14136,14136,1.8361206226169733e+18,2024-09-17,NEG,ironic,
22956513,14137,14137,1.836120621257798e+18,2024-09-17,NEU,ironic,
22956514,14138,14138,1.836120620192666e+18,2024-09-17,NEU,ironic,
22956515,14139,14139,1.8361206182171484e+18,2024-09-17,NEG,not ironic,
22956516,14140,14140,1.8361206181749107e+18,2024-09-17,POS,ironic,
22956517,14141,14141,1.8361206179864328e+18,2024-09-17,POS,ironic,
22956518,14142,14142,1.836120616992212e+18,2024-09-17,NEG,not ironic,
22956519,14143,14143,1.836120615188656e+18,2024-09-17,NEU,not ironic,
22956520,14144,14144,1.836120614211289e+18,2024-09-17,NEG,not ironic,
22956521,14145,14145,1.8361206138131336e+18,2024-09-17,NEU,not ironic,
22956522,14146,14146,1.8361206134311887e+18,2024-09-17,NEU,not ironic,
22956523,14147,14147,1.8361206131754107e+18,2024-09-17,NEG,not ironic,
22956524,14148,14148,1.8361206130036367e+18,2024-09-17,NEG,not ironic,
22956525,14149,14149,1.8361206122148047e+18,2024-09-17,NEG,ironic,
22956526,14150,14150,1.8361206118667308e+18,2024-09-17,POS,not ironic,
22956527,14151,14151,1.836120611271148e+18,2024-09-17,NEU,not ironic,
22956528,14152,14152,1.8361206109733112e+18,2024-09-17,NEU,ironic,
22956529,14153,14153,1.8361206090398103e+18,2024-09-17,NEG,ironic,
22956530,14154,14154,1.83612060811708e+18,2024-09-17,NEG,not ironic,
22956531,14155,14155,1.836120608079316e+18,2024-09-17,NEU,not ironic,
22956532,14156,14156,1.8361206079869788e+18,2024-09-17,NEU,not ironic,
22956534,14158,14158,1.836120607521424e+18,2024-09-17,NEU,not ironic,
22956535,14159,14159,1.836120607362012e+18,2024-09-17,NEG,ironic,
22956536,14160,14160,1.8361206067664407e+18,2024-09-17,NEU,ironic,
22956537,14161,14161,1.836120606074348e+18,2024-09-17,POS,ironic,
22956538,14162,14162,1.8361206060618007e+18,2024-09-17,NEG,not ironic,
22956539,14163,14163,1.8361206051097684e+18,2024-09-17,NEG,not ironic,
22956540,14164,14164,1.8361206046609124e+18,2024-09-17,NEG,ironic,
22956541,14165,14165,1.8361206045769887e+18,2024-09-17,NEG,ironic,
22956542,14166,14166,1.8361206033816497e+18,2024-09-17,NEG,ironic,
22956543,14167,14167,1.8361206026433984e+18,2024-09-17,NEG,not ironic,
22956544,14168,14168,1.8361206022197865e+18,2024-09-17,NEU,ironic,
22956545,14169,14169,1.836120601234137e+18,2024-09-17,NEG,not ironic,
22956546,14170,14170,1.8361206009363407e+18,2024-09-17,NEU,not ironic,
22956547,14171,14171,1.8361206007689137e+18,2024-09-17,NEG,ironic,
22956548,14172,14172,1.8361205980090447e+18,2024-09-17,NEG,ironic,
22956549,14173,14173,1.8361205958405368e+18,2024-09-17,NEU,not ironic,
22956550,14174,14174,1.8361205954253007e+18,2024-09-17,POS,ironic,
22956551,14175,14175,1.836120595387609e+18,2024-09-17,NEG,ironic,
22956552,14176,14176,1.83612059534112e+18,2024-09-17,NEG,ironic,
22956553,14177,14177,1.836120594758116e+18,2024-09-17,NEG,not ironic,
22956554,14178,14178,1.8361205947204608e+18,2024-09-17,NEG,ironic,
22956555,14179,14179,1.8361205946071857e+18,2024-09-17,NEU,ironic,
22956556,14180,14180,1.8361205936550093e+18,2024-09-17,NEG,ironic,
22956557,14181,14181,1.8361205896497444e+18,2024-09-17,NEG,not ironic,
22956558,14182,14182,1.8361205891044685e+18,2024-09-17,NEU,not ironic,
22956559,14183,14183,1.8361205889364544e+18,2024-09-17,NEU,not ironic,
22956560,14184,14184,1.836120588928324e+18,2024-09-17,NEG,ironic,
22956561,14185,14185,1.836120588068492e+18,2024-09-17,NEG,not ironic,
22956562,14186,14186,1.836120588051424e+18,2024-09-17,NEG,not ironic,
22956563,14187,14187,1.8361205866759496e+18,2024-09-17,NEG,not ironic,
22956564,14188,14188,1.8361205838571807e+18,2024-09-17,NEU,not ironic,
22956565,14189,14189,1.8361205836558167e+18,2024-09-17,NEU,not ironic,
22956566,14190,14190,1.8361205836393065e+18,2024-09-17,NEU,ironic,
22956567,14191,14191,1.836120582980825e+18,2024-09-17,NEG,ironic,
22956568,14192,14192,1.8361205822971287e+18,2024-09-17,POS,not ironic,
22956569,14193,14193,1.836120582204576e+18,2024-09-17,NEU,not ironic,
22956570,14194,14194,1.8361205813825823e+18,2024-09-17,NEG,not ironic,
22956571,14195,14195,1.836120580967301e+18,2024-09-17,NEG,ironic,
22956572,14196,14196,1.836120580619408e+18,2024-09-17,NEG,not ironic,
22956573,14197,14197,1.8361205803551665e+18,2024-09-17,NEU,not ironic,
22956574,14198,14198,1.836120579935736e+18,2024-09-17,NEU,not ironic,
22956575,14199,14199,1.836120579339936e+18,2024-09-17,NEG,not ironic,
22956576,14200,14200,1.8361205786017047e+18,2024-09-17,NEU,not ironic,
22956577,14201,14201,1.8361205771588485e+18,2024-09-17,NEU,not ironic,
22956579,14203,14203,1.8361205731410207e+18,2024-09-17,NEG,ironic,
22956580,14204,14204,1.8361205698819927e+18,2024-09-17,NEG,ironic,
22956581,14205,14205,1.836120569357456e+18,2024-09-17,NEG,ironic,
22956582,14206,14206,1.8361205690092792e+18,2024-09-17,NEU,not ironic,
22956583,14207,14207,1.836120563359576e+18,2024-09-17,NEG,not ironic,
22956584,14208,14208,1.8361205633469688e+18,2024-09-17,NEG,ironic,
22956585,14209,14209,1.8361205625752824e+18,2024-09-17,NEU,not ironic,
22956586,14210,14210,1.8361205614553705e+18,2024-09-17,NEG,not ironic,
22956587,14211,14211,1.8361205610862392e+18,2024-09-17,NEG,ironic,
22956588,14212,14212,1.8361205610023736e+18,2024-09-17,NEG,ironic,
22956589,14213,14213,1.8361205605535908e+18,2024-09-17,NEG,ironic,
22956590,14214,14214,1.8361205598573773e+18,2024-09-17,NEG,ironic,
22956591,14215,14215,1.836120559148516e+18,2024-09-17,NEG,ironic,
22956592,14216,14216,1.83612055893905e+18,2024-09-17,NEG,not ironic,
22956594,14218,14218,1.836120555986052e+18,2024-09-17,NEG,ironic,
22956595,14219,14219,1.8361205532387208e+18,2024-09-17,NEU,not ironic,
22956596,14220,14220,1.8361205527902577e+18,2024-09-17,NEG,ironic,
22956597,14221,14221,1.8361205521944207e+18,2024-09-17,NEG,not ironic,
22956598,14222,14222,1.8361205520853448e+18,2024-09-17,NEG,not ironic,
22956599,14223,14223,1.8361205518338995e+18,2024-09-17,NEG,ironic,
22956600,14224,14224,1.8361205518295163e+18,2024-09-17,NEG,not ironic,
22956601,14225,14225,1.8361205515148493e+18,2024-09-17,NEG,ironic,
22956603,14227,14227,1.836120551057724e+18,2024-09-17,NEG,ironic,
22956604,14228,14228,1.8361205503572585e+18,2024-09-17,NEG,not ironic,
22956605,14229,14229,1.8361205499926e+18,2024-09-17,NEU,not ironic,
22956606,14230,14230,1.8361205498206328e+18,2024-09-17,NEG,not ironic,
22956607,14231,14231,1.836120549203825e+18,2024-09-17,NEG,not ironic,
22956608,14232,14232,1.836120548906276e+18,2024-09-17,NEU,not ironic,
22956609,14233,14233,1.8361205483608228e+18,2024-09-17,NEG,not ironic,
22956610,14234,14234,1.8361205473289257e+18,2024-09-17,NEU,ironic,
22956611,14235,14235,1.8361205471153075e+18,2024-09-17,NEG,not ironic,
22956612,14236,14236,1.8361205467040404e+18,2024-09-17,NEU,not ironic,
22956613,14237,14237,1.8361205446027023e+18,2024-09-17,POS,ironic,
22956615,14239,14239,1.8361205429081367e+18,2024-09-17,POS,ironic,
22956616,14240,14240,1.836120541104624e+18,2024-09-17,NEU,not ironic,
22956617,14241,14241,1.8361205400899136e+18,2024-09-17,NEU,not ironic,
22956618,14242,14242,1.836120538290492e+18,2024-09-17,NEG,ironic,
22956619,14243,14243,1.8361205361469967e+18,2024-09-17,NEG,ironic,
22956620,14244,14244,1.8361205357362176e+18,2024-09-17,POS,ironic,
22956621,14245,14245,1.8361205345953096e+18,2024-09-17,NEU,not ironic,
22956622,14246,14246,1.8361205334961928e+18,2024-09-17,NEU,not ironic,
22956623,14247,14247,1.836120532863062e+18,2024-09-17,POS,not ironic,
22956624,14248,14248,1.8361205323972777e+18,2024-09-17,NEU,ironic,
22956625,14249,14249,1.8361205317348475e+18,2024-09-17,NEU,ironic,
22956627,14251,14251,1.8361205310172736e+18,2024-09-17,NEU,ironic,
22956628,14252,14252,1.836120530614916e+18,2024-09-17,NEG,not ironic,
22956629,14253,14253,1.8361205301071667e+18,2024-09-17,NEG,ironic,
22956630,14254,14254,1.8361205295240968e+18,2024-09-17,NEG,ironic,
22956631,14255,14255,1.8361205292138007e+18,2024-09-17,NEG,not ironic,
22956632,14256,14256,1.836120527829972e+18,2024-09-17,NEU,not ironic,
22956633,14257,14257,1.8361205270790963e+18,2024-09-17,NEG,ironic,
22956635,14259,14259,1.836120526433194e+18,2024-09-17,NEG,not ironic,
22956636,14260,14260,1.8361205263364672e+18,2024-09-17,NEG,not ironic,
22956637,14261,14261,1.8361205248896904e+18,2024-09-17,NEU,not ironic,
22956638,14262,14262,1.8361205221296407e+18,2024-09-17,NEG,not ironic,
22956639,14263,14263,1.836120520149836e+18,2024-09-17,NEG,ironic,
22956640,14264,14264,1.836120520108184e+18,2024-09-17,POS,not ironic,
22956641,14265,14265,1.836120519684559e+18,2024-09-17,NEG,not ironic,
22956642,14266,14266,1.8361205178597624e+18,2024-09-17,NEU,not ironic,
22956643,14267,14267,1.8361205174322176e+18,2024-09-17,POS,ironic,
22956645,14269,14269,1.8361205148066368e+18,2024-09-17,NEU,not ironic,
22956646,14270,14270,1.8361205118116247e+18,2024-09-17,NEU,ironic,
22956647,14271,14271,1.836120510905656e+18,2024-09-17,NEG,not ironic,
22956648,14272,14272,1.836120510746272e+18,2024-09-17,NEG,not ironic,
22956649,14273,14273,1.836120510146724e+18,2024-09-17,NEG,ironic,
22956650,14274,14274,1.8361205069548465e+18,2024-09-17,NEG,not ironic,
22956651,14275,14275,1.8361205063718385e+18,2024-09-17,POS,ironic,
22956652,14276,14276,1.836120505922818e+18,2024-09-17,NEU,not ironic,
22956653,14277,14277,1.8361205053819784e+18,2024-09-17,NEU,not ironic,
22956654,14278,14278,1.8361205044590185e+18,2024-09-17,NEU,ironic,
22956655,14279,14279,1.8361205042618985e+18,2024-09-17,NEU,ironic,
22956656,14280,14280,1.8361205037755924e+18,2024-09-17,NEG,ironic,
22956657,14281,14281,1.8361205010658348e+18,2024-09-17,NEU,not ironic,
22956658,14282,14282,1.836120500772442e+18,2024-09-17,NEG,ironic,
22956659,14283,14283,1.836120500356977e+18,2024-09-17,NEG,ironic,
22956660,14284,14284,1.8361204997574208e+18,2024-09-17,NEG,not ironic,
22956661,14285,14285,1.8361204988008607e+18,2024-09-17,NEG,not ironic,
22956662,14286,14286,1.836120498058728e+18,2024-09-17,NEG,not ironic,
22956663,14287,14287,1.836120498045916e+18,2024-09-17,NEG,not ironic,
22956664,14288,14288,1.836120496603296e+18,2024-09-17,NEG,not ironic,
22956666,14290,14290,1.836120495483184e+18,2024-09-17,NEU,not ironic,
22956667,14291,14291,1.836120495135298e+18,2024-09-17,NEG,not ironic,
22956668,14292,14292,1.8361204950388288e+18,2024-09-17,NEG,not ironic,
22956669,14293,14293,1.836120494749221e+18,2024-09-17,NEG,ironic,
22956670,14294,14294,1.8361204937844943e+18,2024-09-17,NEU,not ironic,
22956671,14295,14295,1.836120492714959e+18,2024-09-17,NEG,ironic,
22956672,14296,14296,1.83612049258906e+18,2024-09-17,NEG,not ironic,
22956673,14297,14297,1.836120492123788e+18,2024-09-17,NEG,ironic,
22956674,14298,14298,1.8361204916708027e+18,2024-09-17,POS,not ironic,
22956675,14299,14299,1.836120488382444e+18,2024-09-17,NEG,not ironic,
22956676,14300,14300,1.836120487279076e+18,2024-09-17,NEG,ironic,
22956677,14301,14301,1.836120483101876e+18,2024-09-17,POS,ironic,
22956678,14302,14302,1.8361204824139607e+18,2024-09-17,NEU,not ironic,
22956679,14303,14303,1.8361204819567657e+18,2024-09-17,NEU,ironic,
22956680,14304,14304,1.8361204819523625e+18,2024-09-17,NEG,not ironic,
22956681,14305,14305,1.836120481885492e+18,2024-09-17,NEG,ironic,
22956682,14306,14306,1.8361204769989345e+18,2024-09-17,NEG,not ironic,
22956683,14307,14307,1.836120476537828e+18,2024-09-17,NEU,not ironic,
22956684,14308,14308,1.8361204747465976e+18,2024-09-17,POS,not ironic,
22956685,14309,14309,1.8361204744364687e+18,2024-09-17,NEU,not ironic,
22956686,14310,14310,1.836120474343936e+18,2024-09-17,NEG,not ironic,
22956687,14311,14311,1.8361204700198057e+18,2024-09-17,NEG,not ironic,
22956688,14312,14312,1.8361204668406047e+18,2024-09-17,NEU,ironic,
22956689,14313,14313,1.8361204660519936e+18,2024-09-17,NEU,ironic,
22956690,14314,14314,1.8361204657584745e+18,2024-09-17,POS,not ironic,
22956691,14315,14315,1.8361204657497871e+18,2024-09-17,NEG,not ironic,
22956692,14316,14316,1.836120465334768e+18,2024-09-17,NEU,ironic,
22956693,14317,14317,1.8361204640722824e+18,2024-09-17,POS,not ironic,
22956694,14318,14318,1.8361204638960927e+18,2024-09-17,NEG,ironic,
22956695,14319,14319,1.8361204638119857e+18,2024-09-17,NEG,ironic,
22956696,14320,14320,1.836120460704256e+18,2024-09-17,NEU,not ironic,
22956697,14321,14321,1.836120460682998e+18,2024-09-17,NEG,ironic,
22956698,14322,14322,1.836120457936016e+18,2024-09-17,NEU,ironic,
22956699,14323,14323,1.8361204577011343e+18,2024-09-17,NEU,not ironic,
22956700,14324,14324,1.8361204566190817e+18,2024-09-17,NEU,ironic,
22956701,14325,14325,1.8361204555368727e+18,2024-09-17,NEG,ironic,
22956702,14326,14326,1.836120453401703e+18,2024-09-17,NEG,ironic,
22956703,14327,14327,1.8361204523492024e+18,2024-09-17,NEG,ironic,
22956704,14328,14328,1.836120452194001e+18,2024-09-17,NEU,not ironic,
22956705,14329,14329,1.836120450038141e+18,2024-09-17,NEG,ironic,
22956706,14330,14330,1.8361204497652247e+18,2024-09-17,NEG,not ironic,
22956707,14331,14331,1.8361204489976755e+18,2024-09-17,NEU,not ironic,
22956708,14332,14332,1.8361204464056648e+18,2024-09-17,NEG,ironic,
22956709,14333,14333,1.8361204453780808e+18,2024-09-17,NEG,not ironic,
22956710,14334,14334,1.8361204450721467e+18,2024-09-17,NEG,not ironic,
22956711,14335,14335,1.8361204442877504e+18,2024-09-17,POS,ironic,
22956712,14336,14336,1.836120443293508e+18,2024-09-17,POS,not ironic,
22956713,14337,14337,1.8361204410161684e+18,2024-09-17,NEU,ironic,
22956714,14338,14338,1.836120440831464e+18,2024-09-17,NEG,not ironic,
22956715,14339,14339,1.8361204403241487e+18,2024-09-17,NEG,ironic,
22956716,14340,14340,1.8361204390152847e+18,2024-09-17,NEG,ironic,
22956717,14341,14341,1.8361204372033088e+18,2024-09-17,NEG,not ironic,
22956718,14342,14342,1.8361204357982129e+18,2024-09-17,POS,ironic,
22956719,14343,14343,1.8361204354584868e+18,2024-09-17,NEU,not ironic,
22956720,14344,14344,1.8361204341040087e+18,2024-09-17,NEG,ironic,
22956721,14345,14345,1.8361204327489948e+18,2024-09-17,NEU,not ironic,
22956722,14346,14346,1.83612043199844e+18,2024-09-17,NEG,not ironic,
22956723,14347,14347,1.836120431096664e+18,2024-09-17,NEG,ironic,
22956724,14348,14348,1.83612042963266e+18,2024-09-17,NEU,ironic,
22956725,14349,14349,1.836120429423153e+18,2024-09-17,POS,not ironic,
22956726,14350,14350,1.8361204276697208e+18,2024-09-17,NEU,not ironic,
22956728,14352,14352,1.8361204262603727e+18,2024-09-17,NEG,ironic,
22956729,14353,14353,1.8361204255305564e+18,2024-09-17,NEG,not ironic,
22956730,14354,14354,1.8361204245952108e+18,2024-09-17,NEU,not ironic,
22956731,14355,14355,1.8361204244235264e+18,2024-09-17,NEU,not ironic,
22956732,14356,14356,1.8361204239283607e+18,2024-09-17,NEU,not ironic,
22956733,14357,14357,1.8361204233204367e+18,2024-09-17,NEG,not ironic,
22956734,14358,14358,1.8361204214536847e+18,2024-09-17,NEG,ironic,
22956735,14359,14359,1.8361204211645524e+18,2024-09-17,NEG,not ironic,
22956736,14360,14360,1.8361204210678336e+18,2024-09-17,NEG,ironic,
22956737,14361,14361,1.8361204204974367e+18,2024-09-17,NEG,not ironic,
22956739,14363,14363,1.8361204190964984e+18,2024-09-17,NEG,not ironic,
22956740,14364,14364,1.836120418765189e+18,2024-09-17,NEG,not ironic,
22956741,14365,14365,1.8361204185053391e+18,2024-09-17,NEG,not ironic,
22956742,14366,14366,1.8361204157368527e+18,2024-09-17,NEG,not ironic,
22956743,14367,14367,1.83612041571591e+18,2024-09-17,NEU,ironic,
22956744,14368,14368,1.8361204156739584e+18,2024-09-17,NEU,ironic,
22956745,14369,14369,1.836120415087088e+18,2024-09-17,NEG,not ironic,
22956746,14370,14370,1.8361204143192435e+18,2024-09-17,NEG,ironic,
22956747,14371,14371,1.836120412712829e+18,2024-09-17,NEU,not ironic,
22956748,14372,14372,1.836120412658504e+18,2024-09-17,POS,not ironic,
22956749,14373,14373,1.836120411723174e+18,2024-09-17,NEU,not ironic,
22956750,14374,14374,1.8361204104436736e+18,2024-09-17,NEU,not ironic,
22956751,14375,14375,1.836120409311224e+18,2024-09-17,NEG,not ironic,
22956752,14376,14376,1.8361204066648435e+18,2024-09-17,NEG,not ironic,
22956753,14377,14377,1.8361204057672625e+18,2024-09-17,NEG,ironic,
22956754,14378,14378,1.8361204043829207e+18,2024-09-17,POS,ironic,
22956755,14379,14379,1.8361204029445125e+18,2024-09-17,NEG,ironic,
22956756,14380,14380,1.8361204014764887e+18,2024-09-17,NEU,not ironic,
22956757,14381,14381,1.836120399962161e+18,2024-09-17,NEG,not ironic,
22956758,14382,14382,1.836120399488389e+18,2024-09-17,POS,ironic,
22956759,14383,14383,1.8361203982888184e+18,2024-09-17,NEG,ironic,
22956760,14384,14384,1.8361203937922785e+18,2024-09-17,NEG,ironic,
22956762,14386,14386,1.8361203912337943e+18,2024-09-17,NEG,not ironic,
22956763,14387,14387,1.8361203912088333e+18,2024-09-17,NEU,not ironic,
22956764,14388,14388,1.836120389904184e+18,2024-09-17,NEU,not ironic,
22956765,14389,14389,1.8361203896650547e+18,2024-09-17,NEU,not ironic,
22956766,14390,14390,1.8361203895182664e+18,2024-09-17,NEG,not ironic,
22956767,14391,14391,1.8361203883857964e+18,2024-09-17,NEG,not ironic,
22956768,14392,14392,1.8361203877275607e+18,2024-09-17,NEU,not ironic,
22956769,14393,14393,1.8361203871611407e+18,2024-09-17,NEG,ironic,
22956770,14394,14394,1.8361203868593075e+18,2024-09-17,NEU,ironic,
22956771,14395,14395,1.8361203863979663e+18,2024-09-17,NEG,ironic,
22956772,14396,14396,1.836120385840112e+18,2024-09-17,NEU,not ironic,
22956773,14397,14397,1.8361203851606508e+18,2024-09-17,NEG,ironic,
22956774,14398,14398,1.836120384921371e+18,2024-09-17,NEG,ironic,
22956775,14399,14399,1.8361203847703063e+18,2024-09-17,NEG,not ironic,
22956776,14400,14400,1.836120384346952e+18,2024-09-17,NEG,ironic,
22956777,14401,14401,1.8361203833152023e+18,2024-09-17,NEG,not ironic,
22956778,14402,14402,1.8361203821952737e+18,2024-09-17,NEU,not ironic,
22956779,14403,14403,1.8361203797581207e+18,2024-09-17,NEG,not ironic,
22956780,14404,14404,1.836120378952868e+18,2024-09-17,NEG,ironic,
22956781,14405,14405,1.8361203784371776e+18,2024-09-17,NEU,ironic,
22956782,14406,14406,1.836120377971356e+18,2024-09-17,POS,ironic,
22956783,14407,14407,1.836120377186988e+18,2024-09-17,NEU,ironic,
22956784,14408,14408,1.8361203752535124e+18,2024-09-17,NEG,ironic,
22956785,14409,14409,1.836120372753896e+18,2024-09-17,NEU,ironic,
22956786,14410,14410,1.8361203722338025e+18,2024-09-17,NEG,not ironic,
22956787,14411,14411,1.83612037191064e+18,2024-09-17,NEU,not ironic,
22956788,14412,14412,1.8361203718771016e+18,2024-09-17,NEG,ironic,
22956789,14413,14413,1.8361203718644493e+18,2024-09-17,NEG,not ironic,
22956790,14414,14414,1.8361203717344297e+18,2024-09-17,NEU,ironic,
22956791,14415,14415,1.8361203716170056e+18,2024-09-17,NEG,not ironic,
22956792,14416,14416,1.8361203709836288e+18,2024-09-17,NEG,not ironic,
22956793,14417,14417,1.836120370866516e+18,2024-09-17,NEG,not ironic,
22956794,14418,14418,1.8361203697295688e+18,2024-09-17,NEU,not ironic,
22956795,14419,14419,1.836120369410789e+18,2024-09-17,NEG,not ironic,
22956796,14420,14420,1.83612036893687e+18,2024-09-17,NEU,not ironic,
22956797,14421,14421,1.8361203684964764e+18,2024-09-17,NEU,ironic,
22956798,14422,14422,1.8361203683411927e+18,2024-09-17,NEG,ironic,
22956799,14423,14423,1.8361203663405427e+18,2024-09-17,NEG,not ironic,
22956800,14424,14424,1.8361203638659487e+18,2024-09-17,NEG,ironic,
22956801,14425,14425,1.8361203627798405e+18,2024-09-17,NEG,not ironic,
22956802,14426,14426,1.836120362595292e+18,2024-09-17,NEG,ironic,
22956804,14428,14428,1.8361203606617167e+18,2024-09-17,NEG,not ironic,
22956805,14429,14429,1.8361203603594363e+18,2024-09-17,POS,not ironic,
22956806,14430,14430,1.836120356223956e+18,2024-09-17,NEG,not ironic,
22956807,14431,14431,1.8361203555067249e+18,2024-09-17,NEG,not ironic,
22956808,14432,14432,1.8361203554817395e+18,2024-09-17,NEG,ironic,
22956809,14433,14433,1.8361203552468705e+18,2024-09-17,NEU,not ironic,
22956810,14434,14434,1.8361203549320847e+18,2024-09-17,NEG,ironic,
22956811,14435,14435,1.836120354407716e+18,2024-09-17,NEU,not ironic,
22956812,14436,14436,1.8361203538289047e+18,2024-09-17,NEU,not ironic,
22956813,14437,14437,1.8361203534011067e+18,2024-09-17,NEU,not ironic,
22956814,14438,14438,1.8361203520128044e+18,2024-09-17,NEG,ironic,
22956815,14439,14439,1.836120351287448e+18,2024-09-17,NEG,ironic,
22956816,14440,14440,1.83612035010046e+18,2024-09-17,NEG,not ironic,
22956817,14441,14441,1.8361203499452703e+18,2024-09-17,NEG,not ironic,
22956818,14442,14442,1.8361203495510057e+18,2024-09-17,NEG,not ironic,
22956819,14443,14443,1.8361203485234007e+18,2024-09-17,POS,not ironic,
22956820,14444,14444,1.8361203479150264e+18,2024-09-17,NEU,ironic,
22956821,14445,14445,1.836120347453563e+18,2024-09-17,POS,not ironic,
22956822,14446,14446,1.8361203472983816e+18,2024-09-17,NEG,ironic,
22956823,14447,14447,1.836120345818076e+18,2024-09-17,POS,not ironic,
22956824,14448,14448,1.836120345256039e+18,2024-09-17,NEG,not ironic,
22956825,14449,14449,1.83612034521829e+18,2024-09-17,NEU,not ironic,
22956826,14450,14450,1.8361203451554e+18,2024-09-17,POS,ironic,
22956827,14451,14451,1.8361203448030536e+18,2024-09-17,NEG,not ironic,
22956828,14452,14452,1.836120342718202e+18,2024-09-17,NEU,ironic,
22956829,14453,14453,1.8361203419800527e+18,2024-09-17,NEG,not ironic,
22956830,14454,14454,1.8361203389434263e+18,2024-09-17,NEG,not ironic,
22956831,14455,14455,1.836120338171904e+18,2024-09-17,NEU,not ironic,
22956832,14456,14456,1.8361203356510825e+18,2024-09-17,NEG,ironic,
22956833,14457,14457,1.8361203351432888e+18,2024-09-17,NEU,not ironic,
22956834,14458,14458,1.8361203351223053e+18,2024-09-17,NEU,not ironic,
22956835,14459,14459,1.836120334690554e+18,2024-09-17,NEU,not ironic,
22956836,14460,14460,1.836120333356872e+18,2024-09-17,NEU,not ironic,
22956837,14461,14461,1.8361203324547443e+18,2024-09-17,NEG,not ironic,
22956838,14462,14462,1.83612033219054e+18,2024-09-17,NEU,not ironic,
22956839,14463,14463,1.836120330538238e+18,2024-09-17,NEU,not ironic,
22956840,14464,14464,1.8361203287262868e+18,2024-09-17,NEU,ironic,
22956841,14465,14465,1.83612032846624e+18,2024-09-17,NEG,not ironic,
22956842,14466,14466,1.836120328382141e+18,2024-09-17,NEG,not ironic,
22956843,14467,14467,1.8361203280003973e+18,2024-09-17,NEG,not ironic,
22956844,14468,14468,1.8361203274887045e+18,2024-09-17,NEU,not ironic,
22956845,14469,14469,1.836120326163596e+18,2024-09-17,NEG,ironic,
22956846,14470,14470,1.836120325848732e+18,2024-09-17,NEU,ironic,
22956847,14471,14471,1.8361203258280223e+18,2024-09-17,POS,ironic,
22956848,14472,14472,1.8361203250559964e+18,2024-09-17,NEG,not ironic,
22956849,14473,14473,1.8361203248675103e+18,2024-09-17,NEU,not ironic,
22956850,14474,14474,1.8361203234454323e+18,2024-09-17,NEG,not ironic,
22956851,14475,14475,1.8361203222542287e+18,2024-09-17,NEU,not ironic,
22956852,14476,14476,1.8361203211175767e+18,2024-09-17,NEG,not ironic,
22956853,14477,14477,1.8361203203460667e+18,2024-09-17,NEU,not ironic,
22956854,14478,14478,1.8361203197378888e+18,2024-09-17,NEG,ironic,
22956855,14479,14479,1.836120319251116e+18,2024-09-17,NEG,ironic,
22956856,14480,14480,1.836120319053927e+18,2024-09-17,NEU,ironic,
22956857,14481,14481,1.836120318542594e+18,2024-09-17,NEG,not ironic,
22956858,14482,14482,1.8361203185425165e+18,2024-09-17,NEU,not ironic,
22956859,14483,14483,1.8361203165041009e+18,2024-09-17,NEU,ironic,
22956860,14484,14484,1.8361203156861747e+18,2024-09-17,NEG,ironic,
22956861,14485,14485,1.836120314570224e+18,2024-09-17,NEG,ironic,
22956862,14486,14486,1.836120313354224e+18,2024-09-17,NEG,ironic,
22956863,14487,14487,1.8361203130563663e+18,2024-09-17,NEG,not ironic,
22956864,14488,14488,1.8361203122046976e+18,2024-09-17,NEG,ironic,
22956865,14489,14489,1.836120310153712e+18,2024-09-17,NEU,not ironic,
22956866,14490,14490,1.836120308576564e+18,2024-09-17,NEG,not ironic,
22956867,14491,14491,1.8361203082578537e+18,2024-09-17,NEU,not ironic,
22956868,14492,14492,1.8361203078554624e+18,2024-09-17,NEG,not ironic,
22956869,14493,14493,1.8361203071927296e+18,2024-09-17,NEU,not ironic,
22956870,14494,14494,1.8361203063245087e+18,2024-09-17,POS,not ironic,
22956871,14495,14495,1.8361203058211924e+18,2024-09-17,POS,not ironic,
22956872,14496,14496,1.836120304956985e+18,2024-09-17,NEG,not ironic,
22956873,14497,14497,1.8361203043110216e+18,2024-09-17,NEG,not ironic,
22956874,14498,14498,1.836120304298365e+18,2024-09-17,NEU,not ironic,
22956875,14499,14499,1.836120302540956e+18,2024-09-17,NEG,not ironic,
22956876,14500,14500,1.836120301945401e+18,2024-09-17,NEG,not ironic,
22956877,14501,14501,1.836120301886936e+18,2024-09-17,NEG,not ironic,
22956878,14502,14502,1.836120300779409e+18,2024-09-17,POS,not ironic,
22956879,14503,14503,1.8361203006577047e+18,2024-09-17,NEG,not ironic,
22956880,14504,14504,1.83612029956719e+18,2024-09-17,NEG,not ironic,
22956881,14505,14505,1.8361202947314524e+18,2024-09-17,NEG,not ironic,
22956882,14506,14506,1.8361202942194609e+18,2024-09-17,NEG,not ironic,
22956883,14507,14507,1.8361202941316672e+18,2024-09-17,NEU,not ironic,
22956884,14508,14508,1.8361202937499853e+18,2024-09-17,NEG,not ironic,
22956886,14510,14510,1.83612029108641e+18,2024-09-17,NEG,ironic,
22956887,14511,14511,1.83612028953471e+18,2024-09-17,NEG,not ironic,
22956888,14512,14512,1.836120288846844e+18,2024-09-17,NEG,not ironic,
22956889,14513,14513,1.8361202887584689e+18,2024-09-17,NEU,ironic,
22956890,14514,14514,1.8361202872278385e+18,2024-09-17,NEG,ironic,
22956891,14515,14515,1.8361202830375324e+18,2024-09-17,NEG,not ironic,
22956892,14516,14516,1.836120281439744e+18,2024-09-17,POS,ironic,
22956893,14517,14517,1.8361202805001792e+18,2024-09-17,NEU,not ironic,
22956894,14518,14518,1.836120280353108e+18,2024-09-17,NEU,not ironic,
22956895,14519,14519,1.836120279833039e+18,2024-09-17,NEG,not ironic,
22956896,14520,14520,1.8361202790782927e+18,2024-09-17,NEU,not ironic,
22956897,14521,14521,1.8361202780045683e+18,2024-09-17,NEU,not ironic,
22956898,14522,14522,1.836120276758639e+18,2024-09-17,NEU,not ironic,
22956899,14523,14523,1.836120275877782e+18,2024-09-17,NEG,not ironic,
22956900,14524,14524,1.836120275726808e+18,2024-09-17,NEG,not ironic,
22956901,14525,14525,1.8361202751567127e+18,2024-09-17,NEG,ironic,
22956902,14526,14526,1.836120275118588e+18,2024-09-17,POS,not ironic,
22956903,14527,14527,1.8361202737722647e+18,2024-09-17,NEG,not ironic,
22956904,14528,14528,1.8361202737596828e+18,2024-09-17,POS,ironic,
22956905,14529,14529,1.836120273516664e+18,2024-09-17,NEG,not ironic,
22956906,14530,14530,1.8361202731811187e+18,2024-09-17,NEG,not ironic,
22956908,14532,14532,1.8361202716082547e+18,2024-09-17,NEG,ironic,
22956909,14533,14533,1.836120271423705e+18,2024-09-17,NEU,not ironic,
22956910,14534,14534,1.8361202713565965e+18,2024-09-17,NEG,not ironic,
22956911,14535,14535,1.8361202700270024e+18,2024-09-17,NEU,not ironic,
22956912,14536,14536,1.8361202683618632e+18,2024-09-17,NEU,not ironic,
22956913,14537,14537,1.8361202681519145e+18,2024-09-17,NEG,not ironic,
22956914,14538,14538,1.8361202679674184e+18,2024-09-17,POS,not ironic,
22956915,14539,14539,1.8361202668225536e+18,2024-09-17,POS,not ironic,
22956916,14540,14540,1.8361202667929075e+18,2024-09-17,NEG,ironic,
22956917,14541,14541,1.8361202663022223e+18,2024-09-17,NEG,ironic,
22956918,14542,14542,1.8361202662687089e+18,2024-09-17,NEG,ironic,
22956919,14543,14543,1.8361202644905208e+18,2024-09-17,NEG,not ironic,
22956920,14544,14544,1.8361202643308708e+18,2024-09-17,NEG,ironic,
22956921,14545,14545,1.8361202642260416e+18,2024-09-17,NEG,ironic,
22956922,14546,14546,1.8361202619066447e+18,2024-09-17,NEU,not ironic,
22956923,14547,14547,1.8361202606734705e+18,2024-09-17,NEU,not ironic,
22956924,14548,14548,1.836120259494863e+18,2024-09-17,NEU,ironic,
22956925,14549,14549,1.8361202590712468e+18,2024-09-17,NEU,ironic,
22956926,14550,14550,1.8361202571460283e+18,2024-09-17,NEG,not ironic,
22956927,14551,14551,1.83612025653794e+18,2024-09-17,NEU,not ironic,
22956928,14552,14552,1.83612025478912e+18,2024-09-17,NEG,ironic,
22956929,14553,14553,1.836120254428406e+18,2024-09-17,NEG,ironic,
22956930,14554,14554,1.8361202543107528e+18,2024-09-17,NEG,not ironic,
22956931,14555,14555,1.836120254201676e+18,2024-09-17,NEG,ironic,
22956932,14556,14556,1.8361202513791263e+18,2024-09-17,NEG,ironic,
22956933,14557,14557,1.836120251173605e+18,2024-09-17,NEU,ironic,
22956934,14558,14558,1.836120250989056e+18,2024-09-17,NEG,ironic,
22956935,14559,14559,1.8361202508503777e+18,2024-09-17,NEU,not ironic,
22956936,14560,14560,1.836120250808472e+18,2024-09-17,NEG,not ironic,
22956937,14561,14561,1.8361202489209687e+18,2024-09-17,NEG,ironic,
22956938,14562,14562,1.8361202487954355e+18,2024-09-17,NEU,ironic,
22956939,14563,14563,1.8361202477970107e+18,2024-09-17,NEG,not ironic,
22956940,14564,14564,1.8361202452176937e+18,2024-09-17,NEU,ironic,
22956941,14565,14565,1.836120244806353e+18,2024-09-17,NEG,not ironic,
22956942,14566,14566,1.836120244647043e+18,2024-09-17,NEG,ironic,
22956943,14567,14567,1.836120244135322e+18,2024-09-17,NEG,ironic,
22956944,14568,14568,1.8361202438881807e+18,2024-09-17,NEU,not ironic,
22956945,14569,14569,1.8361202433176745e+18,2024-09-17,NEG,not ironic,
22956946,14570,14570,1.836120243267121e+18,2024-09-17,POS,not ironic,
22956947,14571,14571,1.8361202404233093e+18,2024-09-17,NEG,not ironic,
22956948,14572,14572,1.8361202399033303e+18,2024-09-17,NEG,not ironic,
22956950,14574,14574,1.836120236086772e+18,2024-09-17,NEG,ironic,
22956951,14575,14575,1.836120235860284e+18,2024-09-17,POS,not ironic,
22956952,14576,14576,1.83612023496682e+18,2024-09-17,NEU,not ironic,
22956953,14577,14577,1.836120234887148e+18,2024-09-17,NEU,not ironic,
22956955,14579,14579,1.836120233888584e+18,2024-09-17,NEG,ironic,
22956956,14580,14580,1.8361202337040591e+18,2024-09-17,NEG,not ironic,
22956957,14581,14581,1.8361202316531185e+18,2024-09-17,NEU,ironic,
22956958,14582,14582,1.836120230982033e+18,2024-09-17,NEU,not ironic,
22956959,14583,14583,1.836120229518414e+18,2024-09-17,NEU,not ironic,
22956960,14584,14584,1.8361202284066327e+18,2024-09-17,NEG,not ironic,
22956961,14585,14585,1.836120228226568e+18,2024-09-17,NEU,not ironic,
22956962,14586,14586,1.8361202281846784e+18,2024-09-17,NEU,not ironic,
22956963,14587,14587,1.8361202280543724e+18,2024-09-17,NEG,ironic,
22956964,14588,14588,1.8361202262424576e+18,2024-09-17,NEU,not ironic,
22956965,14589,14589,1.836120221708408e+18,2024-09-17,NEG,ironic,
22956966,14590,14590,1.836120220626489e+18,2024-09-17,NEG,ironic,
22956967,14591,14591,1.8361202185919567e+18,2024-09-17,NEG,ironic,
22956968,14592,14592,1.836120218323882e+18,2024-09-17,NEG,ironic,
22956969,14593,14593,1.8361202181937928e+18,2024-09-17,NEG,not ironic,
22956970,14594,14594,1.836120216977457e+18,2024-09-17,NEG,not ironic,
22956971,14595,14595,1.8361202164825167e+18,2024-09-17,NEU,not ironic,
22956972,14596,14596,1.8361202160756488e+18,2024-09-17,NEG,ironic,
22956973,14597,14597,1.8361202156476247e+18,2024-09-17,NEG,ironic,
22956974,14598,14598,1.8361202154252536e+18,2024-09-17,NEG,not ironic,
22956975,14599,14599,1.8361202152074488e+18,2024-09-17,NEG,not ironic,
22956976,14600,14600,1.836120212296336e+18,2024-09-17,NEG,not ironic,
22956977,14601,14601,1.8361202079303928e+18,2024-09-17,NEG,not ironic,
22956978,14602,14602,1.8361202058457623e+18,2024-09-17,NEU,not ironic,
22956979,14603,14603,1.8361202055771087e+18,2024-09-17,POS,ironic,
22956980,14604,14604,1.8361202039038e+18,2024-09-17,NEG,not ironic,
22956981,14605,14605,1.8361202026368904e+18,2024-09-17,NEG,not ironic,
22956982,14606,14606,1.8361202015298235e+18,2024-09-17,NEG,ironic,
22956983,14607,14607,1.8361201993821105e+18,2024-09-17,NEU,not ironic,
22956984,14608,14608,1.83612019904236e+18,2024-09-17,NEG,ironic,
22956985,14609,14609,1.836120198472176e+18,2024-09-17,NEG,ironic,
22956986,14610,14610,1.836120197532652e+18,2024-09-17,NEU,ironic,
22956987,14611,14611,1.8361201971172188e+18,2024-09-17,NEU,ironic,
22956988,14612,14612,1.8361201970797e+18,2024-09-17,POS,ironic,
22956989,14613,14613,1.8361201964628623e+18,2024-09-17,NEG,not ironic,
22956990,14614,14614,1.8361201951332685e+18,2024-09-17,NEU,not ironic,
22956991,14615,14615,1.8361201948105487e+18,2024-09-17,NEG,not ironic,
22956993,14617,14617,1.8361201946718784e+18,2024-09-17,NEG,ironic,
22956994,14618,14618,1.836120193757778e+18,2024-09-17,NEG,ironic,
22956995,14619,14619,1.8361201931577265e+18,2024-09-17,NEG,ironic,
22956996,14620,14620,1.8361201929692324e+18,2024-09-17,NEU,ironic,
22956997,14621,14621,1.836120191995888e+18,2024-09-17,POS,not ironic,
22956998,14622,14622,1.8361201918155328e+18,2024-09-17,POS,not ironic,
22956999,14623,14623,1.8361201916480105e+18,2024-09-17,NEG,ironic,
22957000,14624,14624,1.8361201895548152e+18,2024-09-17,NEG,ironic,
22957001,14625,14625,1.8361201892361344e+18,2024-09-17,NEG,not ironic,
22957002,14626,14626,1.8361201891018184e+18,2024-09-17,NEG,not ironic,
22957003,14627,14627,1.8361201889678584e+18,2024-09-17,NEG,not ironic,
22957004,14628,14628,1.8361201883303488e+18,2024-09-17,NEU,not ironic,
22957005,14629,14629,1.8361201880742167e+18,2024-09-17,NEU,not ironic,
22957006,14630,14630,1.8361201876338688e+18,2024-09-17,NEU,not ironic,
22957007,14631,14631,1.8361201868749007e+18,2024-09-17,NEU,ironic,
22957008,14632,14632,1.8361201851215173e+18,2024-09-17,NEG,ironic,
22957009,14633,14633,1.83612018418618e+18,2024-09-17,NEU,ironic,
22957010,14634,14634,1.836120181804012e+18,2024-09-17,NEG,ironic,
22957011,14635,14635,1.8361201805164424e+18,2024-09-17,NEG,not ironic,
22957012,14636,14636,1.836120180419666e+18,2024-09-17,NEG,not ironic,
22957013,14637,14637,1.8361201798450545e+18,2024-09-17,NEG,ironic,
22957014,14638,14638,1.8361201774419315e+18,2024-09-17,NEU,not ironic,
22957015,14639,14639,1.8361201766950543e+18,2024-09-17,NEG,not ironic,
22957016,14640,14640,1.8361201762800927e+18,2024-09-17,NEU,ironic,
22957017,14641,14641,1.8361201742332928e+18,2024-09-17,NEU,not ironic,
22957019,14643,14643,1.83612017377192e+18,2024-09-17,NEG,ironic,
22957020,14644,14644,1.8361201735915643e+18,2024-09-17,NEG,not ironic,
22957021,14645,14645,1.836120170064155e+18,2024-09-17,NEU,not ironic,
22957022,14646,14646,1.8361201693427343e+18,2024-09-17,NEU,not ironic,
22957023,14647,14647,1.8361201689063053e+18,2024-09-17,NEG,not ironic,
22957024,14648,14648,1.8361201687094195e+18,2024-09-17,NEU,not ironic,
22957025,14649,14649,1.8361201684326484e+18,2024-09-17,POS,ironic,
22957026,14650,14650,1.836120166838448e+18,2024-09-17,NEU,not ironic,
22957027,14651,14651,1.836120165500486e+18,2024-09-17,NEG,not ironic,
22957028,14652,14652,1.836120163235828e+18,2024-09-17,NEG,not ironic,
22957029,14653,14653,1.836120162996753e+18,2024-09-17,NEG,ironic,
22957030,14654,14654,1.8361201624973847e+18,2024-09-17,POS,not ironic,
22957031,14655,14655,1.8361201616965184e+18,2024-09-17,NEU,not ironic,
22957032,14656,14656,1.836120160257876e+18,2024-09-17,NEG,not ironic,
22957033,14657,14657,1.83612015961172e+18,2024-09-17,NEG,ironic,
22957034,14658,14658,1.8361201567304625e+18,2024-09-17,NEG,not ironic,
22957035,14659,14659,1.836120156201952e+18,2024-09-17,NEG,not ironic,
22957036,14660,14660,1.8361201561555768e+18,2024-09-17,NEU,not ironic,
22957037,14661,14661,1.83612015610128e+18,2024-09-17,NEU,ironic,
22957038,14662,14662,1.8361201560551795e+18,2024-09-17,NEG,not ironic,
22957039,14663,14663,1.836120155283428e+18,2024-09-17,NEU,not ironic,
22957040,14664,14664,1.8361201527962048e+18,2024-09-17,NEU,ironic,
22957042,14666,14666,1.836120151089124e+18,2024-09-17,NEG,not ironic,
22957043,14667,14667,1.8361201507743168e+18,2024-09-17,POS,not ironic,
22957044,14668,14668,1.8361201500908792e+18,2024-09-17,NEG,not ironic,
22957045,14669,14669,1.836120147905688e+18,2024-09-17,NEU,ironic,
22957046,14670,14670,1.8361201475323825e+18,2024-09-17,NEU,not ironic,
22957047,14671,14671,1.8361201473478047e+18,2024-09-17,NEU,not ironic,
22957048,14672,14672,1.8361201452043185e+18,2024-09-17,NEG,not ironic,
22957049,14673,14673,1.83612014377821e+18,2024-09-17,NEG,ironic,
22957050,14674,14674,1.8361201434429727e+18,2024-09-17,NEG,not ironic,
22957051,14675,14675,1.8361201432706665e+18,2024-09-17,NEU,ironic,
22957053,14677,14677,1.8361201413748687e+18,2024-09-17,NEG,ironic,
22957054,14678,14678,1.8361201411528545e+18,2024-09-17,NEU,ironic,
22957055,14679,14679,1.836120140351705e+18,2024-09-17,POS,ironic,
22957056,14680,14680,1.836120139189662e+18,2024-09-17,NEG,not ironic,
22957057,14681,14681,1.836120137310577e+18,2024-09-17,NEG,not ironic,
22957058,14682,14682,1.836120136421372e+18,2024-09-17,NEG,ironic,
22957059,14683,14683,1.8361201362245105e+18,2024-09-17,NEU,ironic,
22957060,14684,14684,1.8361201359181207e+18,2024-09-17,NEU,not ironic,
22957061,14685,14685,1.8361201350246976e+18,2024-09-17,NEU,not ironic,
22957062,14686,14686,1.836120134760698e+18,2024-09-17,NEG,not ironic,
22957063,14687,14687,1.836120134282552e+18,2024-09-17,NEU,not ironic,
22957064,14688,14688,1.836120133372121e+18,2024-09-17,NEG,not ironic,
22957065,14689,14689,1.836120133346964e+18,2024-09-17,NEU,not ironic,
22957066,14690,14690,1.83612013172374e+18,2024-09-17,NEG,ironic,
22957067,14691,14691,1.8361201308222464e+18,2024-09-17,NEU,ironic,
22957068,14692,14692,1.8361201290270843e+18,2024-09-17,NEG,ironic,
22957069,14693,14693,1.836120126522852e+18,2024-09-17,NEU,not ironic,
22957070,14694,14694,1.836120126019556e+18,2024-09-17,NEG,ironic,
22957071,14695,14695,1.836120124090425e+18,2024-09-17,NEU,not ironic,
22957072,14696,14696,1.836120123792376e+18,2024-09-17,POS,ironic,
22957073,14697,14697,1.8361201231883185e+18,2024-09-17,NEU,not ironic,
22957074,14698,14698,1.8361201230292047e+18,2024-09-17,NEG,not ironic,
22957075,14699,14699,1.8361201230164127e+18,2024-09-17,NEG,not ironic,
22957077,14701,14701,1.836120118503576e+18,2024-09-17,NEU,not ironic,
22957078,14702,14702,1.8361201171108293e+18,2024-09-17,NEG,not ironic,
22957079,14703,14703,1.836120116557148e+18,2024-09-17,POS,ironic,
22957080,14704,14704,1.8361201156473288e+18,2024-09-17,NEG,ironic,
22957081,14705,14705,1.8361201138643927e+18,2024-09-17,NEU,not ironic,
22957082,14706,14706,1.83612011271524e+18,2024-09-17,NEG,ironic,
22957083,14707,14707,1.836120112488756e+18,2024-09-17,NEG,ironic,
22957084,14708,14708,1.836120112371508e+18,2024-09-17,NEG,not ironic,
22957085,14709,14709,1.8361201121448013e+18,2024-09-17,NEG,not ironic,
22957086,14710,14710,1.8361201116372088e+18,2024-09-17,NEG,ironic,
22957087,14711,14711,1.836120110760891e+18,2024-09-17,NEG,ironic,
22957088,14712,14712,1.836120110722941e+18,2024-09-17,NEU,ironic,
22957089,14713,14713,1.836120109695537e+18,2024-09-17,NEG,ironic,
22957090,14714,14714,1.8361201096827087e+18,2024-09-17,POS,not ironic,
22957091,14715,14715,1.83612010843696e+18,2024-09-17,NEU,not ironic,
22957093,14717,14717,1.8361201058996923e+18,2024-09-17,NEU,ironic,
22957094,14718,14718,1.8361201049347072e+18,2024-09-17,NEU,ironic,
22957095,14719,14719,1.836120104074884e+18,2024-09-17,NEG,not ironic,
22957096,14720,14720,1.8361201037312369e+18,2024-09-17,NEG,ironic,
22957097,14721,14721,1.8361201033115976e+18,2024-09-17,NEU,ironic,
22957098,14722,14722,1.836120103198352e+18,2024-09-17,NEU,ironic,
22957099,14723,14723,1.836120102946968e+18,2024-09-17,NEU,ironic,
22957100,14724,14724,1.8361201025104e+18,2024-09-17,NEG,ironic,
22957101,14725,14725,1.836120100321276e+18,2024-09-17,NEG,ironic,
22957102,14726,14726,1.83612010007781e+18,2024-09-17,NEG,ironic,
22957103,14727,14727,1.836120099146683e+18,2024-09-17,NEG,ironic,
22957104,14728,14728,1.8361200988239007e+18,2024-09-17,NEG,not ironic,
22957105,14729,14729,1.8361200981357727e+18,2024-09-17,NEU,not ironic,
22957106,14730,14730,1.8361200978338447e+18,2024-09-17,NEG,not ironic,
22957107,14731,14731,1.8361200973139848e+18,2024-09-17,NEU,not ironic,
22957108,14732,14732,1.8361200965293184e+18,2024-09-17,NEG,ironic,
22957109,14733,14733,1.8361200942937577e+18,2024-09-17,NEG,not ironic,
22957110,14734,14734,1.8361200912783483e+18,2024-09-17,NEU,ironic,
22957111,14735,14735,1.8361200911984192e+18,2024-09-17,NEG,not ironic,
22957112,14736,14736,1.8361200900997489e+18,2024-09-17,NEU,not ironic,
22957113,14737,14737,1.8361200891096064e+18,2024-09-17,NEG,not ironic,
22957114,14738,14738,1.8361200858551127e+18,2024-09-17,NEG,not ironic,
22957115,14739,14739,1.836120085108527e+18,2024-09-17,POS,ironic,
22957116,14740,14740,1.8361200827258885e+18,2024-09-17,NEG,ironic,
22957117,14741,14741,1.8361200820044964e+18,2024-09-17,NEU,not ironic,
22957118,14742,14742,1.8361200809520087e+18,2024-09-17,NEG,not ironic,
22957119,14743,14743,1.8361200796349604e+18,2024-09-17,NEU,ironic,
22957120,14744,14744,1.8361200792994647e+18,2024-09-17,NEU,ironic,
22957121,14745,14745,1.8361200790729075e+18,2024-09-17,NEG,ironic,
22957122,14746,14746,1.836120078170936e+18,2024-09-17,NEG,not ironic,
22957123,14747,14747,1.8361200778479127e+18,2024-09-17,NEG,not ironic,
22957124,14748,14748,1.83612007664416e+18,2024-09-17,NEG,ironic,
22957125,14749,14749,1.836120076379944e+18,2024-09-17,NEU,ironic,
22957126,14750,14750,1.8361200761450496e+18,2024-09-17,NEG,not ironic,
22957127,14751,14751,1.8361200761325363e+18,2024-09-17,NEU,not ironic,
22957128,14752,14752,1.8361200746476664e+18,2024-09-17,NEG,not ironic,
22957129,14753,14753,1.8361200660286385e+18,2024-09-17,NEG,not ironic,
22957130,14754,14754,1.83612006453948e+18,2024-09-17,NEG,ironic,
22957131,14755,14755,1.8361200643968207e+18,2024-09-17,NEG,not ironic,
22957132,14756,14756,1.8361200630252508e+18,2024-09-17,NEG,ironic,
22957133,14757,14757,1.8361200617001165e+18,2024-09-17,NEU,not ironic,
22957134,14758,14758,1.8361200600433664e+18,2024-09-17,NEU,not ironic,
22957135,14759,14759,1.83612005993436e+18,2024-09-17,NEU,ironic,
22957136,14760,14760,1.8361200574470925e+18,2024-09-17,NEU,not ironic,
22957137,14761,14761,1.8361200546744404e+18,2024-09-17,POS,not ironic,
22957138,14762,14762,1.8361200534835284e+18,2024-09-17,NEU,ironic,
22957139,14763,14763,1.836120052292056e+18,2024-09-17,NEG,ironic,
22957140,14764,14764,1.8361200514702088e+18,2024-09-17,POS,not ironic,
22957141,14765,14765,1.836120050433937e+18,2024-09-17,NEG,not ironic,
22957142,14766,14766,1.8361200499767503e+18,2024-09-17,NEG,not ironic,
22957143,14767,14767,1.8361200497292864e+18,2024-09-17,NEG,not ironic,
22957144,14768,14768,1.836120049494508e+18,2024-09-17,NEU,not ironic,
22957145,14769,14769,1.8361200488988472e+18,2024-09-17,NEU,not ironic,
22957146,14770,14770,1.836120048030872e+18,2024-09-17,NEG,not ironic,
22957147,14771,14771,1.8361200468562447e+18,2024-09-17,NEG,ironic,
22957148,14772,14772,1.8361200452962348e+18,2024-09-17,POS,not ironic,
22957149,14773,14773,1.8361200446415995e+18,2024-09-17,NEG,not ironic,
22957150,14774,14774,1.836120043052016e+18,2024-09-17,NEU,ironic,
22957151,14775,14775,1.836120042569937e+18,2024-09-17,NEG,not ironic,
22957152,14776,14776,1.8361200414709765e+18,2024-09-17,NEG,ironic,
22957153,14777,14777,1.8361200412274609e+18,2024-09-17,NEU,not ironic,
22957154,14778,14778,1.836120041009615e+18,2024-09-17,NEG,not ironic,
22957155,14779,14779,1.836120040535716e+18,2024-09-17,NEG,ironic,
22957156,14780,14780,1.836120040472744e+18,2024-09-17,NEU,not ironic,
22957157,14781,14781,1.8361200402839964e+18,2024-09-17,NEG,not ironic,
22957158,14782,14782,1.836120039927485e+18,2024-09-17,NEG,not ironic,
22957159,14783,14783,1.8361200389919296e+18,2024-09-17,NEG,ironic,
22957160,14784,14784,1.836120037285073e+18,2024-09-17,NEG,not ironic,
22957161,14785,14785,1.8361200371631803e+18,2024-09-17,POS,not ironic,
22957162,14786,14786,1.8361200363872788e+18,2024-09-17,NEU,not ironic,
22957163,14787,14787,1.8361200358755044e+18,2024-09-17,NEU,not ironic,
22957164,14788,14788,1.8361200335477023e+18,2024-09-17,POS,ironic,
22957165,14789,14789,1.8361200333547973e+18,2024-09-17,NEU,ironic,
22957166,14790,14790,1.836120032428081e+18,2024-09-17,NEG,not ironic,
22957167,14791,14791,1.8361200309139825e+18,2024-09-17,NEU,ironic,
22957169,14793,14793,1.836120028539965e+18,2024-09-17,NEU,not ironic,
22957170,14794,14794,1.8361200283637888e+18,2024-09-17,NEU,not ironic,
22957171,14795,14795,1.836120027386516e+18,2024-09-17,NEG,not ironic,
22957172,14796,14796,1.8361200270003407e+18,2024-09-17,NEG,not ironic,
22957173,14797,14797,1.8361200247564168e+18,2024-09-17,NEU,not ironic,
22957174,14798,14798,1.836120021577405e+18,2024-09-17,NEU,not ironic,
22957175,14799,14799,1.83612002155221e+18,2024-09-17,POS,ironic,
22957176,14800,14800,1.836120021036364e+18,2024-09-17,NEU,ironic,
22957177,14801,14801,1.8361200199623764e+18,2024-09-17,NEG,not ironic,
22957178,14802,14802,1.836120019455054e+18,2024-09-17,NEU,ironic,
22957179,14803,14803,1.836120017840059e+18,2024-09-17,NEG,not ironic,
22957180,14804,14804,1.83612001661558e+18,2024-09-17,NEG,ironic,
22957181,14805,14805,1.8361200164436337e+18,2024-09-17,NEG,not ironic,
22957182,14806,14806,1.8361200151724977e+18,2024-09-17,NEU,not ironic,
22957183,14807,14807,1.836120013666722e+18,2024-09-17,POS,ironic,
22957184,14808,14808,1.83612001326828e+18,2024-09-17,NEG,ironic,
22957185,14809,14809,1.836120013180216e+18,2024-09-17,NEU,not ironic,
22957186,14810,14810,1.8361200107603028e+18,2024-09-17,NEU,not ironic,
22957187,14811,14811,1.8361200106177088e+18,2024-09-17,NEG,ironic,
22957188,14812,14812,1.8361200101854664e+18,2024-09-17,NEG,ironic,
22957189,14813,14813,1.8361200080801265e+18,2024-09-17,NEU,not ironic,
22957190,14814,14814,1.8361200076774807e+18,2024-09-17,NEG,not ironic,
22957191,14815,14815,1.836120007333336e+18,2024-09-17,NEG,not ironic,
22957192,14816,14816,1.8361200063226885e+18,2024-09-17,NEU,not ironic,
22957193,14817,14817,1.8361200057648788e+18,2024-09-17,NEU,ironic,
22957194,14818,14818,1.8361200043220792e+18,2024-09-17,NEG,not ironic,
22957195,14819,14819,1.8361199995780303e+18,2024-09-17,NEU,not ironic,
22957196,14820,14820,1.836119999569646e+18,2024-09-17,POS,not ironic,
22957197,14821,14821,1.8361199993011817e+18,2024-09-17,NEU,ironic,
22957198,14822,14822,1.8361199992844736e+18,2024-09-17,NEG,not ironic,
22957199,14823,14823,1.83611999894476e+18,2024-09-17,NEG,ironic,
22957200,14824,14824,1.8361199970237688e+18,2024-09-17,NEU,not ironic,
22957201,14825,14825,1.8361199965877407e+18,2024-09-17,NEG,not ironic,
22957202,14826,14826,1.8361199964367465e+18,2024-09-17,NEG,ironic,
22957203,14827,14827,1.8361199956647404e+18,2024-09-17,NEU,ironic,
22957204,14828,14828,1.8361199954552755e+18,2024-09-17,NEG,not ironic,
22957205,14829,14829,1.8361199949895112e+18,2024-09-17,NEU,not ironic,
22957206,14830,14830,1.8361199941212567e+18,2024-09-17,NEU,ironic,
22957207,14831,14831,1.8361199937898908e+18,2024-09-17,NEG,not ironic,
22957208,14832,14832,1.8361199926409009e+18,2024-09-17,NEU,not ironic,
22957209,14833,14833,1.8361199924854584e+18,2024-09-17,NEG,ironic,
22957210,14834,14834,1.8361199919656184e+18,2024-09-17,NEU,ironic,
22957211,14835,14835,1.8361199894277647e+18,2024-09-17,NEG,not ironic,
22957212,14836,14836,1.8361199894236488e+18,2024-09-17,NEU,not ironic,
22957213,14837,14837,1.8361199892687465e+18,2024-09-17,NEG,not ironic,
22957214,14838,14838,1.836119989251896e+18,2024-09-17,NEG,not ironic,
22957215,14839,14839,1.8361199884213947e+18,2024-09-17,POS,not ironic,
22957216,14840,14840,1.836119987867784e+18,2024-09-17,POS,not ironic,
22957217,14841,14841,1.8361199877084e+18,2024-09-17,NEG,ironic,
22957218,14842,14842,1.8361199860727035e+18,2024-09-17,NEG,not ironic,
22957219,14843,14843,1.8361199854980017e+18,2024-09-17,NEU,not ironic,
22957220,14844,14844,1.8361199840299955e+18,2024-09-17,NEU,not ironic,
22957221,14845,14845,1.8361199831828155e+18,2024-09-17,NEG,not ironic,
22957222,14846,14846,1.8361199829017969e+18,2024-09-17,NEG,not ironic,
22957223,14847,14847,1.8361199805191327e+18,2024-09-17,NEU,ironic,
22957224,14848,14848,1.836119980347466e+18,2024-09-17,NEG,not ironic,
22957225,14849,14849,1.8361199787952128e+18,2024-09-17,NEU,not ironic,
22957226,14850,14850,1.8361199775914929e+18,2024-09-17,NEU,ironic,
22957227,14851,14851,1.8361199749619057e+18,2024-09-17,NEG,ironic,
22957228,14852,14852,1.8361199741605847e+18,2024-09-17,NEG,not ironic,
22957229,14853,14853,1.8361199737369395e+18,2024-09-17,POS,ironic,
22957230,14854,14854,1.8361199734139456e+18,2024-09-17,NEU,not ironic,
22957232,14856,14856,1.8361199718665544e+18,2024-09-17,NEU,not ironic,
22957233,14857,14857,1.8361199716904343e+18,2024-09-17,NEG,not ironic,
22957234,14858,14858,1.8361199686201224e+18,2024-09-17,NEG,not ironic,
22957235,14859,14859,1.8361199683013555e+18,2024-09-17,NEU,not ironic,
22957236,14860,14860,1.8361199679909768e+18,2024-09-17,NEG,ironic,
22957237,14861,14861,1.8361199652350728e+18,2024-09-17,NEG,not ironic,
22957238,14862,14862,1.8361199651094897e+18,2024-09-17,NEU,ironic,
22957239,14863,14863,1.8361199645220088e+18,2024-09-17,NEG,not ironic,
22957240,14864,14864,1.836119964430013e+18,2024-09-17,NEG,not ironic,
22957241,14865,14865,1.8361199643080788e+18,2024-09-17,NEU,not ironic,
22957242,14866,14866,1.8361199636708723e+18,2024-09-17,NEG,not ironic,
22957243,14867,14867,1.836119963330884e+18,2024-09-17,POS,not ironic,
22957244,14868,14868,1.836119962374845e+18,2024-09-17,NEU,not ironic,
22957245,14869,14869,1.836119961603024e+18,2024-09-17,NEU,not ironic,
22957246,14870,14870,1.8361199594471795e+18,2024-09-17,POS,ironic,
22957247,14871,14871,1.836119959342036e+18,2024-09-17,NEG,not ironic,
22957248,14872,14872,1.836119959279408e+18,2024-09-17,NEG,not ironic,
22957249,14873,14873,1.8361199563641288e+18,2024-09-17,NEG,not ironic,
22957250,14874,14874,1.83611995138134e+18,2024-09-17,NEG,not ironic,
22957251,14875,14875,1.836119950924354e+18,2024-09-17,NEU,ironic,
22957252,14876,14876,1.8361199508740795e+18,2024-09-17,NEG,not ironic,
22957253,14877,14877,1.836119950819488e+18,2024-09-17,NEG,not ironic,
22957254,14878,14878,1.836119946893628e+18,2024-09-17,NEG,not ironic,
22957255,14879,14879,1.83611994497242e+18,2024-09-17,POS,not ironic,
22957256,14880,14880,1.836119944481624e+18,2024-09-17,NEU,ironic,
22957257,14881,14881,1.836119943315886e+18,2024-09-17,NEG,ironic,
22957258,14882,14882,1.8361199432487767e+18,2024-09-17,NEG,not ironic,
22957259,14883,14883,1.836119942090904e+18,2024-09-17,NEU,not ironic,
22957260,14884,14884,1.8361199420869555e+18,2024-09-17,POS,not ironic,
22957261,14885,14885,1.8361199411472013e+18,2024-09-17,NEG,not ironic,
22957262,14886,14886,1.8361199411055373e+18,2024-09-17,POS,not ironic,
22957263,14887,14887,1.8361199396665467e+18,2024-09-17,NEG,ironic,
22957264,14888,14888,1.8361199394571343e+18,2024-09-17,NEU,not ironic,
22957265,14889,14889,1.8361199387984407e+18,2024-09-17,NEU,not ironic,
22957266,14890,14890,1.836119938454438e+18,2024-09-17,NEG,not ironic,
22957267,14891,14891,1.836119937821348e+18,2024-09-17,POS,not ironic,
22957268,14892,14892,1.8361199377037028e+18,2024-09-17,NEU,not ironic,
22957269,14893,14893,1.8361199372883968e+18,2024-09-17,NEU,not ironic,
22957271,14895,14895,1.83611993404228e+18,2024-09-17,NEU,not ironic,
22957272,14896,14896,1.83611993233082e+18,2024-09-17,NEG,ironic,
22957273,14897,14897,1.8361199319365304e+18,2024-09-17,NEG,ironic,
22957274,14898,14898,1.8361199303343025e+18,2024-09-17,POS,ironic,
22957275,14899,14899,1.836119929998996e+18,2024-09-17,POS,ironic,
22957276,14900,14900,1.8361199297766728e+18,2024-09-17,NEU,ironic,
22957277,14901,14901,1.836119928929149e+18,2024-09-17,NEU,not ironic,
22957278,14902,14902,1.8361199283168049e+18,2024-09-17,POS,ironic,
22957279,14903,14903,1.8361199267271767e+18,2024-09-17,NEU,not ironic,
22957280,14904,14904,1.8361199264251656e+18,2024-09-17,NEG,not ironic,
22957281,14905,14905,1.8361199252716915e+18,2024-09-17,NEG,not ironic,
22957282,14906,14906,1.8361199246678264e+18,2024-09-17,NEG,not ironic,
22957283,14907,14907,1.8361199238962588e+18,2024-09-17,NEU,not ironic,
22957284,14908,14908,1.8361199234600512e+18,2024-09-17,NEG,ironic,
22957285,14909,14909,1.8361199222518828e+18,2024-09-17,NEG,not ironic,
22957286,14910,14910,1.8361199201255795e+18,2024-09-17,NEG,not ironic,
22957287,14911,14911,1.836119918648968e+18,2024-09-17,NEG,not ironic,
22957288,14912,14912,1.836119918355288e+18,2024-09-17,NEG,ironic,
22957289,14913,14913,1.836119918330188e+18,2024-09-17,NEG,not ironic,
22957290,14914,14914,1.8361199180030323e+18,2024-09-17,NEG,not ironic,
22957292,14916,14916,1.836119916635722e+18,2024-09-17,NEG,ironic,
22957293,14917,14917,1.836119916547838e+18,2024-09-17,NEG,ironic,
22957294,14918,14918,1.8361199158009777e+18,2024-09-17,NEU,ironic,
22957295,14919,14919,1.8361199156248128e+18,2024-09-17,NEU,ironic,
22957296,14920,14920,1.836119915465708e+18,2024-09-17,NEG,not ironic,
22957297,14921,14921,1.8361199152811287e+18,2024-09-17,NEG,ironic,
22957298,14922,14922,1.836119913783513e+18,2024-09-17,NEU,ironic,
22957299,14923,14923,1.836119913552888e+18,2024-09-17,NEG,not ironic,
22957300,14924,14924,1.8361199123448632e+18,2024-09-17,NEG,not ironic,
22957301,14925,14925,1.83611991030252e+18,2024-09-17,POS,ironic,
22957302,14926,14926,1.8361199102773903e+18,2024-09-17,NEG,ironic,
22957303,14927,14927,1.836119909782184e+18,2024-09-17,NEG,ironic,
22957304,14928,14928,1.8361199089896983e+18,2024-09-17,NEG,not ironic,
22957305,14929,14929,1.836119908809364e+18,2024-09-17,POS,not ironic,
22957306,14930,14930,1.8361199083561613e+18,2024-09-17,NEG,not ironic,
22957307,14931,14931,1.8361199065525903e+18,2024-09-17,POS,not ironic,
22957308,14932,14932,1.836119905462068e+18,2024-09-17,POS,ironic,
22957309,14933,14933,1.8361199044808748e+18,2024-09-17,NEU,not ironic,
22957310,14934,14934,1.8361199037800776e+18,2024-09-17,NEG,ironic,
22957311,14935,14935,1.8361199036542927e+18,2024-09-17,NEG,not ironic,
22957312,14936,14936,1.836119902622757e+18,2024-09-17,POS,ironic,
22957313,14937,14937,1.8361199025095027e+18,2024-09-17,POS,ironic,
22957314,14938,14938,1.836119901075014e+18,2024-09-17,NEG,ironic,
22957315,14939,14939,1.8361199009576184e+18,2024-09-17,NEU,ironic,
22957316,14940,14940,1.836119900181664e+18,2024-09-17,NEU,ironic,
22957317,14941,14941,1.8361198995021868e+18,2024-09-17,NEG,ironic,
22957318,14942,14942,1.836119898981839e+18,2024-09-17,NEU,not ironic,
22957319,14943,14943,1.836119897450885e+18,2024-09-17,POS,not ironic,
22957320,14944,14944,1.8361198950184468e+18,2024-09-17,NEG,ironic,
22957321,14945,14945,1.8361198943554929e+18,2024-09-17,NEG,not ironic,
22957322,14946,14946,1.836119894179316e+18,2024-09-17,NEG,ironic,
22957323,14947,14947,1.8361198940829005e+18,2024-09-17,NEG,not ironic,
22957324,14948,14948,1.836119893474784e+18,2024-09-17,NEU,not ironic,
22957325,14949,14949,1.8361198933239767e+18,2024-09-17,NEU,ironic,
22957326,14950,14950,1.836119887913063e+18,2024-09-17,NEG,not ironic,
22957327,14951,14951,1.8361198875274857e+18,2024-09-17,NEG,not ironic,
22957328,14952,14952,1.8361198871916628e+18,2024-09-17,NEG,not ironic,
22957329,14953,14953,1.8361198867389888e+18,2024-09-17,NEU,not ironic,
22957330,14954,14954,1.836119884226532e+18,2024-09-17,NEG,not ironic,
22957331,14955,14955,1.836119884192977e+18,2024-09-17,NEU,not ironic,
22957332,14956,14956,1.836119884134257e+18,2024-09-17,NEG,ironic,
22957333,14957,14957,1.8361198833834765e+18,2024-09-17,NEU,ironic,
22957334,14958,14958,1.8361198827288745e+18,2024-09-17,NEG,ironic,
22957335,14959,14959,1.8361198815964984e+18,2024-09-17,POS,ironic,
22957336,14960,14960,1.8361198813909568e+18,2024-09-17,NEG,ironic,
22957337,14961,14961,1.8361198798686487e+18,2024-09-17,POS,not ironic,
22957338,14962,14962,1.8361198796631288e+18,2024-09-17,POS,not ironic,
22957339,14963,14963,1.836119879147025e+18,2024-09-17,NEG,ironic,
22957340,14964,14964,1.8361198782997875e+18,2024-09-17,NEG,not ironic,
22957341,14965,14965,1.8361198779223045e+18,2024-09-17,NEU,not ironic,
22957342,14966,14966,1.8361198771717125e+18,2024-09-17,NEU,not ironic,
22957343,14967,14967,1.8361198771085967e+18,2024-09-17,NEG,not ironic,
22957344,14968,14968,1.8361198755108367e+18,2024-09-17,NEG,ironic,
22957345,14969,14969,1.8361198748268503e+18,2024-09-17,POS,not ironic,
22957346,14970,14970,1.8361198747432105e+18,2024-09-17,NEG,not ironic,
22957347,14971,14971,1.836119872905859e+18,2024-09-17,NEG,not ironic,
22957348,14972,14972,1.836119872016913e+18,2024-09-17,NEG,ironic,
22957349,14973,14973,1.8361198717104376e+18,2024-09-17,NEU,not ironic,
22957350,14974,14974,1.8361198711361088e+18,2024-09-17,POS,ironic,
22957351,14975,14975,1.8361198707877235e+18,2024-09-17,NEG,ironic,
22957352,14976,14976,1.8361198701333711e+18,2024-09-17,NEG,not ironic,
22957353,14977,14977,1.8361198671093847e+18,2024-09-17,NEG,ironic,
22957354,14978,14978,1.8361198665012024e+18,2024-09-17,NEU,not ironic,
22957355,14979,14979,1.8361198659978527e+18,2024-09-17,NEG,ironic,
22957356,14980,14980,1.8361198644040663e+18,2024-09-17,NEG,not ironic,
22957357,14981,14981,1.8361198639635743e+18,2024-09-17,NEG,not ironic,
22957358,14982,14982,1.8361198629359903e+18,2024-09-17,NEG,ironic,
22957359,14983,14983,1.836119862684349e+18,2024-09-17,NEG,ironic,
22957360,14984,14984,1.8361198616651164e+18,2024-09-17,NEG,not ironic,
22957361,14985,14985,1.836119860973036e+18,2024-09-17,NEG,ironic,
22957362,14986,14986,1.8361198606251827e+18,2024-09-17,NEG,ironic,
22957363,14987,14987,1.8361198603819128e+18,2024-09-17,NEG,not ironic,
22957364,14988,14988,1.8361198592117023e+18,2024-09-17,NEG,not ironic,
22957365,14989,14989,1.836119859098456e+18,2024-09-17,NEG,not ironic,
22957366,14990,14990,1.8361198586536348e+18,2024-09-17,NEG,ironic,
22957367,14991,14991,1.8361198582386647e+18,2024-09-17,NEG,not ironic,
22957368,14992,14992,1.836119856954937e+18,2024-09-17,NEU,not ironic,
22957369,14993,14993,1.836119856405422e+18,2024-09-17,NEG,ironic,
22957370,14994,14994,1.8361198560282253e+18,2024-09-17,NEU,not ironic,
22957371,14995,14995,1.8361198559146929e+18,2024-09-17,POS,not ironic,
22957372,14996,14996,1.836119854753157e+18,2024-09-17,NEU,not ironic,
22957373,14997,14997,1.8361198538094392e+18,2024-09-17,NEG,ironic,
22957374,14998,14998,1.836119852043346e+18,2024-09-17,NEG,ironic,
22957375,14999,14999,1.8361198519345848e+18,2024-09-17,NEG,ironic,
22957376,15000,15000,1.836119851556864e+18,2024-09-17,NEU,not ironic,
22957377,15001,15001,1.836119849237648e+18,2024-09-17,POS,not ironic,
22957378,15002,15002,1.8361198464106865e+18,2024-09-17,NEG,ironic,
22957379,15003,15003,1.836119846230332e+18,2024-09-17,NEG,not ironic,
22957380,15004,15004,1.8361198449217743e+18,2024-09-17,NEU,not ironic,
22957381,15005,15005,1.83611984469946e+18,2024-09-17,NEU,not ironic,
22957382,15006,15006,1.8361198443597207e+18,2024-09-17,NEG,not ironic,
22957383,15007,15007,1.8361198421367524e+18,2024-09-17,NEU,ironic,
22957384,15008,15008,1.836119841775752e+18,2024-09-17,POS,not ironic,
22957385,15009,15009,1.836119841440162e+18,2024-09-17,NEU,ironic,
22957386,15010,15010,1.8361198412556367e+18,2024-09-17,POS,not ironic,
22957387,15011,15011,1.836119839976416e+18,2024-09-17,NEU,ironic,
22957388,15012,15012,1.8361198388523584e+18,2024-09-17,NEG,ironic,
22957390,15014,15014,1.836119838449881e+18,2024-09-17,NEG,not ironic,
22957391,15015,15015,1.836119838063739e+18,2024-09-17,NEG,ironic,
22957392,15016,15016,1.8361198368015365e+18,2024-09-17,NEG,ironic,
22957393,15017,15017,1.8361198367595927e+18,2024-09-17,NEG,not ironic,
22957394,15018,15018,1.836119835165573e+18,2024-09-17,NEG,ironic,
22957395,15019,15019,1.8361198350061937e+18,2024-09-17,NEG,not ironic,
22957396,15020,15020,1.8361198344734684e+18,2024-09-17,NEU,ironic,
22957397,15021,15021,1.836119834314109e+18,2024-09-17,NEG,not ironic,
22957398,15022,15022,1.8361198336935567e+18,2024-09-17,NEU,not ironic,
22957399,15023,15023,1.8361198321917545e+18,2024-09-17,NEG,not ironic,
22957400,15024,15024,1.836119831659377e+18,2024-09-17,NEG,not ironic,
22957401,15025,15025,1.836119829121765e+18,2024-09-17,NEG,ironic,
22957402,15026,15026,1.836119828127716e+18,2024-09-17,NEG,not ironic,
22957403,15027,15027,1.8361198279557448e+18,2024-09-17,POS,not ironic,
22957404,15028,15028,1.8361198260850893e+18,2024-09-17,NEG,not ironic,
22957405,15029,15029,1.8361198253970063e+18,2024-09-17,NEU,ironic,
22957406,15030,15030,1.8361198247009687e+18,2024-09-17,NEU,not ironic,
22957407,15031,15031,1.836119824629437e+18,2024-09-17,NEG,ironic,
22957408,15032,15032,1.83611982434449e+18,2024-09-17,NEU,not ironic,
22957409,15033,15033,1.836119824298136e+18,2024-09-17,NEU,not ironic,
22957410,15034,15034,1.836119823954383e+18,2024-09-17,NEU,not ironic,
22957411,15035,15035,1.8361198215047168e+18,2024-09-17,NEU,ironic,
22957412,15036,15036,1.836119821072876e+18,2024-09-17,NEG,ironic,
22957413,15037,15037,1.8361198210349097e+18,2024-09-17,NEG,not ironic,
22957414,15038,15038,1.836119820808647e+18,2024-09-17,NEG,not ironic,
22957415,15039,15039,1.836119820796036e+18,2024-09-17,NEU,ironic,
22957416,15040,15040,1.8361198206157875e+18,2024-09-17,NEG,not ironic,
22957417,15041,15041,1.8361198185605527e+18,2024-09-17,NEG,ironic,
22957418,15042,15042,1.8361198185479089e+18,2024-09-17,NEU,not ironic,
22957419,15043,15043,1.8361198181492613e+18,2024-09-17,NEG,not ironic,
22957420,15044,15044,1.8361198177298104e+18,2024-09-17,POS,ironic,
22957421,15045,15045,1.8361198177046285e+18,2024-09-17,NEU,ironic,
22957422,15046,15046,1.8361198157417272e+18,2024-09-17,NEG,not ironic,
22957423,15047,15047,1.836119814781236e+18,2024-09-17,NEG,not ironic,
22957424,15048,15048,1.836119814714098e+18,2024-09-17,POS,not ironic,
22957425,15049,15049,1.8361198130489303e+18,2024-09-17,NEG,not ironic,
22957426,15050,15050,1.8361198120968847e+18,2024-09-17,NEG,ironic,
22957427,15051,15051,1.836119810440094e+18,2024-09-17,NEU,not ironic,
22957428,15052,15052,1.8361198103226327e+18,2024-09-17,NEG,ironic,
22957429,15053,15053,1.8361198099663465e+18,2024-09-17,NEU,ironic,
22957430,15054,15054,1.8361198096056689e+18,2024-09-17,NEG,not ironic,
22957431,15055,15055,1.8361198092701248e+18,2024-09-17,NEU,not ironic,
22957432,15056,15056,1.836119809001411e+18,2024-09-17,NEU,ironic,
22957433,15057,15057,1.836119807953188e+18,2024-09-17,NEG,ironic,
22957434,15058,15058,1.8361198070052823e+18,2024-09-17,POS,not ironic,
22957435,15059,15059,1.836119805507834e+18,2024-09-17,NEU,ironic,
22957436,15060,15060,1.8361198054069865e+18,2024-09-17,NEG,ironic,
22957437,15061,15061,1.8361198051468744e+18,2024-09-17,NEG,ironic,
22957438,15062,15062,1.836119805121704e+18,2024-09-17,NEG,ironic,
22957439,15063,15063,1.836119804895204e+18,2024-09-17,NEG,not ironic,
22957440,15064,15064,1.8361198046183503e+18,2024-09-17,NEU,not ironic,
22957441,15065,15065,1.8361198033393544e+18,2024-09-17,POS,not ironic,
22957442,15066,15066,1.836119803163218e+18,2024-09-17,POS,not ironic,
22957443,15067,15067,1.8361198029449336e+18,2024-09-17,NEG,not ironic,
22957444,15068,15068,1.8361198028399823e+18,2024-09-17,NEG,ironic,
22957445,15069,15069,1.836119799723889e+18,2024-09-17,NEG,ironic,
22957446,15070,15070,1.836119797471548e+18,2024-09-17,NEG,not ironic,
22957447,15071,15071,1.83611979709406e+18,2024-09-17,NEG,not ironic,
22957448,15072,15072,1.836119796871537e+18,2024-09-17,NEG,ironic,
22957449,15073,15073,1.836119795139281e+18,2024-09-17,NEG,not ironic,
22957450,15074,15074,1.8361197949046336e+18,2024-09-17,POS,ironic,
22957451,15075,15075,1.8361197947323963e+18,2024-09-17,NEG,not ironic,
22957452,15076,15076,1.8361197942922647e+18,2024-09-17,NEU,not ironic,
22957453,15077,15077,1.8361197940738952e+18,2024-09-17,NEG,not ironic,
22957454,15078,15078,1.8361197907103296e+18,2024-09-17,NEU,ironic,
22957455,15079,15079,1.836119790131516e+18,2024-09-17,NEU,not ironic,
22957456,15080,15080,1.8361197900222792e+18,2024-09-17,NEG,not ironic,
22957457,15081,15081,1.8361197895904504e+18,2024-09-17,NEU,ironic,
22957458,15082,15082,1.836119788588012e+18,2024-09-17,NEU,not ironic,
22957459,15083,15083,1.8361197880469263e+18,2024-09-17,NEG,not ironic,
22957460,15084,15084,1.836119787900146e+18,2024-09-17,NEU,ironic,
22957461,15085,15085,1.836119787564601e+18,2024-09-17,NEG,ironic,
22957462,15086,15086,1.836119787539436e+18,2024-09-17,NEG,ironic,
22957463,15087,15087,1.8361197872539528e+18,2024-09-17,NEU,not ironic,
22957464,15088,15088,1.8361197869435745e+18,2024-09-17,NEU,ironic,
22957465,15089,15089,1.8361197853919524e+18,2024-09-17,NEU,not ironic,
22957466,15090,15090,1.8361197843601656e+18,2024-09-17,NEG,ironic,
22957467,15091,15091,1.8361197838188047e+18,2024-09-17,NEG,ironic,
22957468,15092,15092,1.836119783139377e+18,2024-09-17,NEU,ironic,
22957469,15093,15093,1.8361197831102508e+18,2024-09-17,NEG,not ironic,
22957470,15094,15094,1.836119783034532e+18,2024-09-17,NEG,not ironic,
22957471,15095,15095,1.836119782325732e+18,2024-09-17,NEG,not ironic,
22957472,15096,15096,1.836119781990376e+18,2024-09-17,NEG,ironic,
22957473,15097,15097,1.8361197814280645e+18,2024-09-17,NEU,not ironic,
22957474,15098,15098,1.8361197796370765e+18,2024-09-17,NEG,not ironic,
22957475,15099,15099,1.8361197794777585e+18,2024-09-17,NEG,ironic,
22957476,15100,15100,1.8361197792556933e+18,2024-09-17,POS,ironic,
22957477,15101,15101,1.836119778659824e+18,2024-09-17,NEU,not ironic,
22957478,15102,15102,1.836119778475594e+18,2024-09-17,NEU,not ironic,
22957479,15103,15103,1.836119777884148e+18,2024-09-17,NEG,ironic,
22957480,15104,15104,1.8361197766426337e+18,2024-09-17,NEG,not ironic,
22957481,15105,15105,1.836119776277508e+18,2024-09-17,NEU,not ironic,
22957482,15106,15106,1.836119774431994e+18,2024-09-17,NEU,not ironic,
22957483,15107,15107,1.836119773890978e+18,2024-09-17,POS,not ironic,
22957484,15108,15108,1.8361197736477128e+18,2024-09-17,NEG,ironic,
22957485,15109,15109,1.83611977293464e+18,2024-09-17,NEG,not ironic,
22957486,15110,15110,1.8361197721880049e+18,2024-09-17,NEU,not ironic,
22957487,15111,15111,1.836119771844068e+18,2024-09-17,NEG,not ironic,
22957488,15112,15112,1.8361197709760965e+18,2024-09-17,NEG,not ironic,
22957489,15113,15113,1.83611977090902e+18,2024-09-17,NEG,ironic,
22957490,15114,15114,1.836119770774856e+18,2024-09-17,NEG,not ironic,
22957491,15115,15115,1.8361197703931208e+18,2024-09-17,NEU,ironic,
22957492,15116,15116,1.8361197698014656e+18,2024-09-17,NEG,ironic,
22957493,15117,15117,1.8361197682747848e+18,2024-09-17,NEG,ironic,
22957494,15118,15118,1.8361197681449577e+18,2024-09-17,NEG,not ironic,
22957495,15119,15119,1.8361197672304192e+18,2024-09-17,NEG,ironic,
22957496,15120,15120,1.8361197663749773e+18,2024-09-17,NEG,not ironic,
22957497,15121,15121,1.8361197656575347e+18,2024-09-17,POS,not ironic,
22957498,15122,15122,1.83611976457962e+18,2024-09-17,NEG,not ironic,
22957499,15123,15123,1.836119764332352e+18,2024-09-17,NEG,ironic,
22957500,15124,15124,1.8361197638036644e+18,2024-09-17,NEU,not ironic,
22957501,15125,15125,1.8361197634096376e+18,2024-09-17,POS,ironic,
22957502,15126,15126,1.836119763396744e+18,2024-09-17,NEU,ironic,
22957503,15127,15127,1.836119763258688e+18,2024-09-17,NEU,not ironic,
22957504,15128,15128,1.836119762155512e+18,2024-09-17,NEG,not ironic,
22957505,15129,15129,1.8361197595631823e+18,2024-09-17,NEG,not ironic,
22957506,15130,15130,1.8361197590726948e+18,2024-09-17,NEG,not ironic,
22957507,15131,15131,1.836119758074188e+18,2024-09-17,NEG,not ironic,
22957508,15132,15132,1.836119757659214e+18,2024-09-17,NEU,ironic,
22957509,15133,15133,1.8361197570004628e+18,2024-09-17,NEG,ironic,
22957510,15134,15134,1.83611975623286e+18,2024-09-17,NEG,not ironic,
22957511,15135,15135,1.8361197543079283e+18,2024-09-17,NEU,not ironic,
22957512,15136,15136,1.8361197522567337e+18,2024-09-17,NEU,ironic,
22957513,15137,15137,1.836119749555634e+18,2024-09-17,NEU,not ironic,
22957515,15139,15139,1.8361197476177715e+18,2024-09-17,NEU,ironic,
22957516,15140,15140,1.8361197472447567e+18,2024-09-17,NEG,ironic,
22957517,15141,15141,1.8361197462423183e+18,2024-09-17,NEU,not ironic,
22957518,15142,15142,1.8361197459445107e+18,2024-09-17,NEG,not ironic,
22957519,15143,15143,1.83611974513057e+18,2024-09-17,NEG,ironic,
22957520,15144,15144,1.8361197448160207e+18,2024-09-17,POS,not ironic,
22957521,15145,15145,1.8361197443045624e+18,2024-09-17,NEU,ironic,
22957522,15146,15146,1.836119744065438e+18,2024-09-17,NEG,ironic,
22957523,15147,15147,1.8361197427398577e+18,2024-09-17,NEG,ironic,
22957524,15148,15148,1.8361197425007288e+18,2024-09-17,NEG,ironic,
22957525,15149,15149,1.8361197393927864e+18,2024-09-17,NEG,not ironic,
22957526,15150,15150,1.8361197388097613e+18,2024-09-17,POS,not ironic,
22957527,15151,15151,1.8361197382267697e+18,2024-09-17,NEG,ironic,
22957528,15152,15152,1.8361197365993352e+18,2024-09-17,NEG,not ironic,
22957529,15153,15153,1.836119734166717e+18,2024-09-17,NEU,not ironic,
22957530,15154,15154,1.8361197331977915e+18,2024-09-17,NEG,ironic,
22957531,15155,15155,1.836119732715762e+18,2024-09-17,NEU,not ironic,
22957532,15156,15156,1.8361197324766743e+18,2024-09-17,NEU,ironic,
22957533,15157,15157,1.836119732296016e+18,2024-09-17,NEG,not ironic,
22957534,15158,15158,1.836119731717252e+18,2024-09-17,NEG,not ironic,
22957535,15159,15159,1.836119731423576e+18,2024-09-17,NEU,not ironic,
22957536,15160,15160,1.836119730849223e+18,2024-09-17,NEG,not ironic,
22957537,15161,15161,1.8361197304924813e+18,2024-09-17,NEU,not ironic,
22957538,15162,15162,1.8361197303204905e+18,2024-09-17,NEG,ironic,
22957539,15163,15163,1.8361197296203653e+18,2024-09-17,NEG,ironic,
22957540,15164,15164,1.8361197288273183e+18,2024-09-17,NEG,ironic,
22957541,15165,15165,1.8361197287772367e+18,2024-09-17,NEG,ironic,
22957542,15166,15166,1.8361197279132104e+18,2024-09-17,NEG,ironic,
22957543,15167,15167,1.8361197272419407e+18,2024-09-17,NEG,not ironic,
22957544,15168,15168,1.83611972628582e+18,2024-09-17,NEG,not ironic,
22957545,15169,15169,1.8361197256398968e+18,2024-09-17,NEG,not ironic,
22957546,15170,15170,1.836119725409252e+18,2024-09-17,NEG,ironic,
22957547,15171,15171,1.836119724654236e+18,2024-09-17,POS,not ironic,
22957548,15172,15172,1.8361197242723287e+18,2024-09-17,NEG,ironic,
22957549,15173,15173,1.8361197235970665e+18,2024-09-17,NEG,ironic,
22957551,15175,15175,1.8361197226032625e+18,2024-09-17,NEG,not ironic,
22957552,15176,15176,1.8361197220409057e+18,2024-09-17,NEG,ironic,
22957553,15177,15177,1.836119719910196e+18,2024-09-17,NEG,ironic,
22957554,15178,15178,1.8361197198430904e+18,2024-09-17,NEG,not ironic,
22957555,15179,15179,1.8361197194952417e+18,2024-09-17,NEU,not ironic,
22957556,15180,15180,1.8361197172932324e+18,2024-09-17,NEG,not ironic,
22957557,15181,15181,1.8361197168945933e+18,2024-09-17,NEG,not ironic,
22957558,15182,15182,1.8361197162905928e+18,2024-09-17,POS,not ironic,
22957559,15183,15183,1.836119715934257e+18,2024-09-17,NEU,not ironic,
22957560,15184,15184,1.836119714667385e+18,2024-09-17,NEG,not ironic,
22957561,15185,15185,1.8361197141556224e+18,2024-09-17,NEG,not ironic,
22957562,15186,15186,1.836119714063409e+18,2024-09-17,NEG,ironic,
22957563,15187,15187,1.836119711022744e+18,2024-09-17,NEU,ironic,
22957564,15188,15188,1.8361197103220288e+18,2024-09-17,NEU,ironic,
22957565,15189,15189,1.836119710313873e+18,2024-09-17,NEU,not ironic,
22957566,15190,15190,1.836119707218514e+18,2024-09-17,NEU,ironic,
22957567,15191,15191,1.83611970718888e+18,2024-09-17,NEG,ironic,
22957568,15192,15192,1.83611970613196e+18,2024-09-17,NEG,not ironic,
22957569,15193,15193,1.8361197057002168e+18,2024-09-17,NEU,ironic,
22957570,15194,15194,1.836119703301034e+18,2024-09-17,NEG,not ironic,
22957571,15195,15195,1.8361197020131697e+18,2024-09-17,NEU,not ironic,
22957572,15196,15196,1.836119701711151e+18,2024-09-17,POS,ironic,
22957573,15197,15197,1.8361197009016627e+18,2024-09-17,POS,not ironic,
22957574,15198,15198,1.8361197007925985e+18,2024-09-17,NEU,not ironic,
22957575,15199,15199,1.8361197007045555e+18,2024-09-17,NEG,not ironic,
22957577,15201,15201,1.8361196990060296e+18,2024-09-17,POS,ironic,
22957578,15202,15202,1.836119698779591e+18,2024-09-17,POS,ironic,
22957579,15203,15203,1.8361196984017964e+18,2024-09-17,NEG,ironic,
22957580,15204,15204,1.8361196967873613e+18,2024-09-17,POS,not ironic,
22957581,15205,15205,1.836119696057492e+18,2024-09-17,NEG,not ironic,
22957582,15206,15206,1.8361196951137528e+18,2024-09-17,NEG,not ironic,
22957583,15207,15207,1.8361196940649928e+18,2024-09-17,NEG,not ironic,
22957584,15208,15208,1.8361196920602995e+18,2024-09-17,NEG,not ironic,
22957585,15209,15209,1.836119691447722e+18,2024-09-17,NEG,ironic,
22957586,15210,15210,1.8361196909443484e+18,2024-09-17,NEU,not ironic,
22957587,15211,15211,1.836119690604876e+18,2024-09-17,NEU,not ironic,
22957588,15212,15212,1.836119690592036e+18,2024-09-17,NEG,not ironic,
22957589,15213,15213,1.8361196902271347e+18,2024-09-17,NEG,ironic,
22957590,15214,15214,1.8361196895770668e+18,2024-09-17,POS,ironic,
22957591,15215,15215,1.8361196863138447e+18,2024-09-17,NEG,not ironic,
22957592,15216,15216,1.8361196851646428e+18,2024-09-17,NEG,not ironic,
22957593,15217,15217,1.8361196848964283e+18,2024-09-17,NEU,not ironic,
22957594,15218,15218,1.8361196848628736e+18,2024-09-17,NEG,not ironic,
22957595,15219,15219,1.8361196843760727e+18,2024-09-17,NEU,not ironic,
22957596,15220,15220,1.8361196838476275e+18,2024-09-17,NEG,ironic,
22957597,15221,15221,1.8361196837427287e+18,2024-09-17,POS,ironic,
22957598,15222,15222,1.8361196833025925e+18,2024-09-17,POS,not ironic,
22957599,15223,15223,1.836119683252344e+18,2024-09-17,NEG,not ironic,
22957600,15224,15224,1.8361196815619564e+18,2024-09-17,NEG,not ironic,
22957601,15225,15225,1.8361196810961265e+18,2024-09-17,POS,ironic,
22957602,15226,15226,1.8361196801946127e+18,2024-09-17,POS,not ironic,
22957603,15227,15227,1.8361196780765555e+18,2024-09-17,POS,not ironic,
22957604,15228,15228,1.836119677258396e+18,2024-09-17,NEU,not ironic,
22957605,15229,15229,1.8361196753331776e+18,2024-09-17,NEG,not ironic,
22957606,15230,15230,1.8361196718015977e+18,2024-09-17,NEG,not ironic,
22957607,15231,15231,1.8361196691884977e+18,2024-09-17,POS,not ironic,
22957608,15232,15232,1.836119665829176e+18,2024-09-17,NEG,not ironic,
22957609,15233,15233,1.8361196658246607e+18,2024-09-17,NEU,ironic,
22957610,15234,15234,1.83611966521256e+18,2024-09-17,NEG,not ironic,
22957611,15235,15235,1.8361196634381028e+18,2024-09-17,NEU,not ironic,
22957613,15237,15237,1.836119661035111e+18,2024-09-17,NEG,not ironic,
22957614,15238,15238,1.836119660275618e+18,2024-09-17,NEG,not ironic,
22957615,15239,15239,1.836119660175012e+18,2024-09-17,NEG,not ironic,
22957616,15240,15240,1.836119659457704e+18,2024-09-17,NEG,not ironic,
22957617,15241,15241,1.836119658837e+18,2024-09-17,POS,not ironic,
22957618,15242,15242,1.836119657880696e+18,2024-09-17,NEU,not ironic,
22957619,15243,15243,1.8361196567149e+18,2024-09-17,NEG,ironic,
22957620,15244,15244,1.8361196564043328e+18,2024-09-17,NEU,not ironic,
22957621,15245,15245,1.8361196546761887e+18,2024-09-17,NEU,not ironic,
22957622,15246,15246,1.8361196521596147e+18,2024-09-17,POS,ironic,
22957623,15247,15247,1.836119651807564e+18,2024-09-17,NEG,not ironic,
22957624,15248,15248,1.8361196516269343e+18,2024-09-17,NEU,not ironic,
22957625,15249,15249,1.8361196509978583e+18,2024-09-17,NEU,not ironic,
22957626,15250,15250,1.8361196508512627e+18,2024-09-17,NEU,not ironic,
22957627,15251,15251,1.8361196505239025e+18,2024-09-17,NEG,not ironic,
22957628,15252,15252,1.8361196500165965e+18,2024-09-17,NEG,ironic,
22957629,15253,15253,1.8361196489470484e+18,2024-09-17,NEU,not ironic,
22957630,15254,15254,1.8361196477894208e+18,2024-09-17,NEU,ironic,
22957631,15255,15255,1.8361196472315983e+18,2024-09-17,NEU,not ironic,
22957632,15256,15256,1.836119647097112e+18,2024-09-17,NEU,ironic,
22957633,15257,15257,1.836119644840534e+18,2024-09-17,NEU,ironic,
22957634,15258,15258,1.836119643955544e+18,2024-09-17,NEG,ironic,
22957635,15259,15259,1.836119643364484e+18,2024-09-17,NEG,not ironic,
22957636,15260,15260,1.8361196401219384e+18,2024-09-17,NEU,not ironic,
22957637,15261,15261,1.836119637257524e+18,2024-09-17,NEU,not ironic,
22957638,15262,15262,1.836119634548004e+18,2024-09-17,NEU,ironic,
22957639,15263,15263,1.83611963368378e+18,2024-09-17,NEG,not ironic,
22957640,15264,15264,1.8361196319221064e+18,2024-09-17,NEG,ironic,
22957641,15265,15265,1.8361196291961367e+18,2024-09-17,NEG,not ironic,
22957642,15266,15266,1.8361196279629453e+18,2024-09-17,NEG,ironic,
22957643,15267,15267,1.83611962764841e+18,2024-09-17,NEG,not ironic,
22957645,15269,15269,1.836119626545272e+18,2024-09-17,NEU,not ironic,
22957646,15270,15270,1.836119626364666e+18,2024-09-17,NEG,ironic,
22957647,15271,15271,1.836119626251473e+18,2024-09-17,NEU,not ironic,
22957648,15272,15272,1.8361196261004864e+18,2024-09-17,NEU,not ironic,
22957649,15273,15273,1.8361196258865032e+18,2024-09-17,NEG,not ironic,
22957650,15274,15274,1.836119623965828e+18,2024-09-17,NEG,not ironic,
22957651,15275,15275,1.836119623281881e+18,2024-09-17,NEU,ironic,
22957652,15276,15276,1.8361196231982167e+18,2024-09-17,NEU,not ironic,
22957653,15277,15277,1.8361196212352988e+18,2024-09-17,NEG,not ironic,
22957654,15278,15278,1.836119620547203e+18,2024-09-17,NEG,not ironic,
22957656,15280,15280,1.836119620094432e+18,2024-09-17,NEG,ironic,
22957657,15281,15281,1.8361196199225144e+18,2024-09-17,NEU,not ironic,
22957658,15282,15282,1.836119619767276e+18,2024-09-17,NEU,not ironic,
22957659,15283,15283,1.836119618642904e+18,2024-09-17,NEG,not ironic,
22957660,15284,15284,1.836119615249789e+18,2024-09-17,NEG,not ironic,
22957661,15285,15285,1.8361196144319368e+18,2024-09-17,NEU,ironic,
22957662,15286,15286,1.836119613308048e+18,2024-09-17,NEG,not ironic,
22957663,15287,15287,1.836119611764327e+18,2024-09-17,NEU,not ironic,
22957664,15288,15288,1.836119611559023e+18,2024-09-17,NEU,not ironic,
22957665,15289,15289,1.8361196069914253e+18,2024-09-17,NEU,ironic,
22957666,15290,15290,1.8361196054017843e+18,2024-09-17,NEU,not ironic,
22957667,15291,15291,1.836119604768244e+18,2024-09-17,NEU,not ironic,
22957668,15292,15292,1.836119602033496e+18,2024-09-17,NEG,ironic,
22957669,15293,15293,1.8361196012450084e+18,2024-09-17,POS,ironic,
22957670,15294,15294,1.8361195993743647e+18,2024-09-17,NEG,ironic,
22957671,15295,15295,1.836119599282065e+18,2024-09-17,NEU,ironic,
22957672,15296,15296,1.836119598774784e+18,2024-09-17,NEU,not ironic,
22957673,15297,15297,1.8361195986864947e+18,2024-09-17,POS,ironic,
22957675,15299,15299,1.8361195956036e+18,2024-09-17,NEG,ironic,
22957676,15300,15300,1.836119594634801e+18,2024-09-17,NEU,not ironic,
22957677,15301,15301,1.8361195928564e+18,2024-09-17,POS,not ironic,
22957678,15302,15302,1.8361195921561723e+18,2024-09-17,NEU,ironic,
22957679,15303,15303,1.83611959107802e+18,2024-09-17,NEU,not ironic,
22957681,15305,15305,1.8361195905497623e+18,2024-09-17,NEU,not ironic,
22957682,15306,15306,1.83611958991612e+18,2024-09-17,NEU,not ironic,
22957683,15307,15307,1.83611958922016e+18,2024-09-17,NEU,not ironic,
22957684,15308,15308,1.8361195888217009e+18,2024-09-17,NEG,not ironic,
22957685,15309,15309,1.8361195881042048e+18,2024-09-17,NEG,ironic,
22957686,15310,15310,1.8361195874541404e+18,2024-09-17,NEG,ironic,
22957687,15311,15311,1.836119587131384e+18,2024-09-17,NEU,ironic,
22957688,15312,15312,1.8361195865523448e+18,2024-09-17,NEU,ironic,
22957689,15313,15313,1.8361195863929203e+18,2024-09-17,NEU,not ironic,
22957690,15314,15314,1.836119585910616e+18,2024-09-17,NEG,not ironic,
22957691,15315,15315,1.8361195851723904e+18,2024-09-17,NEU,not ironic,
22957692,15316,15316,1.8361195840234168e+18,2024-09-17,NEU,not ironic,
22957693,15317,15317,1.8361195838808108e+18,2024-09-17,NEU,ironic,
22957694,15318,15318,1.836119581888496e+18,2024-09-17,POS,not ironic,
22957695,15319,15319,1.8361195793633403e+18,2024-09-17,NEU,not ironic,
22957696,15320,15320,1.8361195792712545e+18,2024-09-17,NEG,not ironic,
22957697,15321,15321,1.8361195771444595e+18,2024-09-17,NEG,not ironic,
22957698,15322,15322,1.8361195762387889e+18,2024-09-17,NEG,not ironic,
22957699,15323,15323,1.8361195737304023e+18,2024-09-17,NEG,not ironic,
22957700,15324,15324,1.8361195735458289e+18,2024-09-17,NEU,not ironic,
22957701,15325,15325,1.8361195735458248e+18,2024-09-17,NEG,not ironic,
22957702,15326,15326,1.836119573180904e+18,2024-09-17,NEG,not ironic,
22957703,15327,15327,1.8361195727282007e+18,2024-09-17,NEG,ironic,
22957704,15328,15328,1.8361195711256527e+18,2024-09-17,NEG,not ironic,
22957705,15329,15329,1.8361195709494769e+18,2024-09-17,NEG,not ironic,
22957706,15330,15330,1.8361195700144376e+18,2024-09-17,NEG,ironic,
22957707,15331,15331,1.8361195698550584e+18,2024-09-17,POS,ironic,
22957708,15332,15332,1.836119569196552e+18,2024-09-17,NEG,not ironic,
22957709,15333,15333,1.8361195689740247e+18,2024-09-17,NEG,not ironic,
22957710,15334,15334,1.836119568575796e+18,2024-09-17,POS,ironic,
22957711,15335,15335,1.8361195673930007e+18,2024-09-17,NEG,not ironic,
22957712,15336,15336,1.8361195673214607e+18,2024-09-17,NEG,ironic,
22957713,15337,15337,1.8361195657863703e+18,2024-09-17,NEG,ironic,
22957714,15338,15338,1.8361195649474724e+18,2024-09-17,POS,ironic,
22957715,15339,15339,1.836119563987227e+18,2024-09-17,NEG,not ironic,
22957716,15340,15340,1.836119562128953e+18,2024-09-17,POS,ironic,
22957717,15341,15341,1.836119562066236e+18,2024-09-17,NEG,ironic,
22957718,15342,15342,1.836119559918564e+18,2024-09-17,NEU,not ironic,
22957719,15343,15343,1.8361195593609096e+18,2024-09-17,NEG,not ironic,
22957720,15344,15344,1.836119558324708e+18,2024-09-17,NEG,ironic,
22957721,15345,15345,1.836119557402161e+18,2024-09-17,NEG,ironic,
22957722,15346,15346,1.836119555988436e+18,2024-09-17,NEG,ironic,
22957723,15347,15347,1.8361195529478188e+18,2024-09-17,NEU,not ironic,
22957724,15348,15348,1.8361195527297147e+18,2024-09-17,NEG,ironic,
22957725,15349,15349,1.8361195519537687e+18,2024-09-17,NEG,not ironic,
22957726,15350,15350,1.8361195516557028e+18,2024-09-17,NEG,ironic,
22957727,15351,15351,1.8361195514711288e+18,2024-09-17,NEU,ironic,
22957728,15352,15352,1.836119549462139e+18,2024-09-17,NEU,ironic,
22957729,15353,15353,1.8361195490848689e+18,2024-09-17,NEU,ironic,
22957730,15354,15354,1.8361195437746296e+18,2024-09-17,NEG,not ironic,
22957731,15355,15355,1.8361195430618445e+18,2024-09-17,NEG,ironic,
22957732,15356,15356,1.836119542570885e+18,2024-09-17,NEU,not ironic,
22957733,15357,15357,1.836119540687868e+18,2024-09-17,NEG,ironic,
22957734,15358,15358,1.8361195396267663e+18,2024-09-17,POS,ironic,
22957735,15359,15359,1.8361195390476047e+18,2024-09-17,NEG,ironic,
22957736,15360,15360,1.8361195384058924e+18,2024-09-17,NEG,ironic,
22957737,15361,15361,1.836119537579864e+18,2024-09-17,NEG,ironic,
22957738,15362,15362,1.836119536023524e+18,2024-09-17,POS,not ironic,
22957739,15363,15363,1.8361195359986e+18,2024-09-17,POS,not ironic,
22957740,15364,15364,1.8361195357676503e+18,2024-09-17,NEG,ironic,
22957741,15365,15365,1.8361195350001009e+18,2024-09-17,NEU,ironic,
22957742,15366,15366,1.8361195339182607e+18,2024-09-17,NEU,ironic,
22957743,15367,15367,1.8361195337963643e+18,2024-09-17,NEU,not ironic,
22957744,15368,15368,1.8361195337083003e+18,2024-09-17,NEU,not ironic,
22957745,15369,15369,1.836119533654065e+18,2024-09-17,NEG,ironic,
22957747,15371,15371,1.836119531103884e+18,2024-09-17,NEU,not ironic,
22957748,15372,15372,1.836119530470544e+18,2024-09-17,POS,not ironic,
22957749,15373,15373,1.8361195299714217e+18,2024-09-17,NEU,not ironic,
22957750,15374,15374,1.8361195297992545e+18,2024-09-17,POS,not ironic,
22957751,15375,15375,1.8361195295813512e+18,2024-09-17,NEG,ironic,
22957753,15377,15377,1.836119529291653e+18,2024-09-17,NEU,not ironic,
22957755,15379,15379,1.83611952878422e+18,2024-09-17,NEG,not ironic,
22957756,15380,15380,1.836119528725488e+18,2024-09-17,NEU,not ironic,
22957757,15381,15381,1.8361195262930168e+18,2024-09-17,POS,not ironic,
22957758,15382,15382,1.836119525152166e+18,2024-09-17,NEG,not ironic,
22957759,15383,15383,1.8361195239651776e+18,2024-09-17,NEU,not ironic,
22957760,15384,15384,1.83611952244272e+18,2024-09-17,POS,ironic,
22957761,15385,15385,1.8361195223923144e+18,2024-09-17,NEG,not ironic,
22957762,15386,15386,1.8361195222791493e+18,2024-09-17,NEG,ironic,
22957763,15387,15387,1.836119522170008e+18,2024-09-17,NEU,ironic,
22957764,15388,15388,1.8361195217209467e+18,2024-09-17,NEG,ironic,
22957765,15389,15389,1.836119520374604e+18,2024-09-17,NEG,ironic,
22957766,15390,15390,1.8361195203620705e+18,2024-09-17,NEU,not ironic,
22957767,15391,15391,1.836119518910788e+18,2024-09-17,NEU,not ironic,
22957768,15392,15392,1.836119518772396e+18,2024-09-17,NEG,ironic,
22957769,15393,15393,1.8361195181641608e+18,2024-09-17,NEG,not ironic,
22957770,15394,15394,1.8361195176905e+18,2024-09-17,NEG,not ironic,
22957771,15395,15395,1.8361195166880604e+18,2024-09-17,NEU,not ironic,
22957772,15396,15396,1.836119516675478e+18,2024-09-17,NEG,not ironic,
22957773,15397,15397,1.836119515878372e+18,2024-09-17,NEU,not ironic,
22957774,15398,15398,1.836119514989368e+18,2024-09-17,NEG,ironic,
22957775,15399,15399,1.8361195148677368e+18,2024-09-17,NEG,not ironic,
22957776,15400,15400,1.8361195127538035e+18,2024-09-17,POS,ironic,
22957777,15401,15401,1.8361195091254605e+18,2024-09-17,NEU,not ironic,
22957778,15402,15402,1.836119507967824e+18,2024-09-17,NEU,ironic,
22957779,15403,15403,1.8361195064579525e+18,2024-09-17,NEG,ironic,
22957781,15405,15405,1.836119504256209e+18,2024-09-17,NEG,not ironic,
22957782,15406,15406,1.836119503564084e+18,2024-09-17,NEG,not ironic,
22957784,15408,15408,1.83611950204994e+18,2024-09-17,NEG,not ironic,
22957785,15409,15409,1.8361195011355807e+18,2024-09-17,POS,ironic,
22957786,15410,15410,1.836119500808168e+18,2024-09-17,NEU,not ironic,
22957787,15411,15411,1.8361195000744223e+18,2024-09-17,NEG,not ironic,
22957788,15412,15412,1.8361194999192328e+18,2024-09-17,POS,not ironic,
22957789,15413,15413,1.836119495666004e+18,2024-09-17,NEU,ironic,
22957790,15414,15414,1.8361194908592988e+18,2024-09-17,NEG,ironic,
22957791,15415,15415,1.8361194901797809e+18,2024-09-17,NEG,not ironic,
22957792,15416,15416,1.8361194867949688e+18,2024-09-17,POS,not ironic,
22957793,15417,15417,1.836119485507404e+18,2024-09-17,NEU,not ironic,
22957794,15418,15418,1.836119484060324e+18,2024-09-17,NEG,not ironic,
22957795,15419,15419,1.8361194831126856e+18,2024-09-17,NEG,not ironic,
22957796,15420,15420,1.836119482693268e+18,2024-09-17,NEG,not ironic,
22957797,15421,15421,1.8361194824499487e+18,2024-09-17,NEU,not ironic,
22957798,15422,15422,1.8361194800212465e+18,2024-09-17,NEU,not ironic,
22957799,15423,15423,1.8361194789600748e+18,2024-09-17,NEG,not ironic,
22957801,15425,15425,1.8361194766702065e+18,2024-09-17,NEG,not ironic,
22957802,15426,15426,1.8361194758691315e+18,2024-09-17,NEU,not ironic,
22957803,15427,15427,1.8361194748079352e+18,2024-09-17,NEU,not ironic,
22957805,15429,15429,1.836119473193128e+18,2024-09-17,POS,not ironic,
22957806,15430,15430,1.8361194727107835e+18,2024-09-17,NEG,not ironic,
22957807,15431,15431,1.8361194723416845e+18,2024-09-17,NEG,ironic,
22957808,15432,15432,1.8361194711670008e+18,2024-09-17,POS,not ironic,
22957809,15433,15433,1.836119470382936e+18,2024-09-17,NEU,not ironic,
22957810,15434,15434,1.836119469900624e+18,2024-09-17,NEU,not ironic,
22957811,15435,15435,1.8361194681557688e+18,2024-09-17,NEG,ironic,
22957813,15437,15437,1.8361194667464911e+18,2024-09-17,NEG,ironic,
22957814,15438,15438,1.836119466201224e+18,2024-09-17,NEU,ironic,
22957815,15439,15439,1.8361194660754191e+18,2024-09-17,NEU,ironic,
22957816,15440,15440,1.836119465957757e+18,2024-09-17,NEU,not ironic,
22957817,15441,15441,1.8361194643806208e+18,2024-09-17,NEU,ironic,
22957818,15442,15442,1.8361194638479688e+18,2024-09-17,NEG,ironic,
22957819,15443,15443,1.836119460362543e+18,2024-09-17,NEU,ironic,
22957820,15444,15444,1.836119457980388e+18,2024-09-17,NEU,not ironic,
22957821,15445,15445,1.8361194576278203e+18,2024-09-17,NEG,not ironic,
22957822,15446,15446,1.836119457426502e+18,2024-09-17,NEU,ironic,
22957823,15447,15447,1.8361194570574564e+18,2024-09-17,NEG,not ironic,
22957824,15448,15448,1.836119456365654e+18,2024-09-17,NEU,not ironic,
22957825,15449,15449,1.836119456331752e+18,2024-09-17,NEU,not ironic,
22957826,15450,15450,1.8361194556313848e+18,2024-09-17,NEG,not ironic,
22957827,15451,15451,1.836119455073735e+18,2024-09-17,NEU,not ironic,
22957828,15452,15452,1.8361194548849912e+18,2024-09-17,NEG,not ironic,
22957829,15453,15453,1.8361194540377416e+18,2024-09-17,NEG,ironic,
22957830,15454,15454,1.8361194538110323e+18,2024-09-17,NEG,not ironic,
22957831,15455,15455,1.8361194536139208e+18,2024-09-17,NEU,not ironic,
22957832,15456,15456,1.8361194528088023e+18,2024-09-17,NEG,not ironic,
22957833,15457,15457,1.8361194524730737e+18,2024-09-17,NEG,not ironic,
22957834,15458,15458,1.8361194524562025e+18,2024-09-17,NEG,not ironic,
22957835,15459,15459,1.8361194524058703e+18,2024-09-17,NEU,not ironic,
22957836,15460,15460,1.8361194503215885e+18,2024-09-17,NEU,not ironic,
22957837,15461,15461,1.836119449897944e+18,2024-09-17,NEG,ironic,
22957839,15463,15463,1.8361194480521708e+18,2024-09-17,NEG,ironic,
22957840,15464,15464,1.8361194477166267e+18,2024-09-17,POS,ironic,
22957841,15465,15465,1.836119447582708e+18,2024-09-17,NEU,not ironic,
22957842,15466,15466,1.836119447297496e+18,2024-09-17,NEG,ironic,
22957843,15467,15467,1.8361194466097e+18,2024-09-17,NEG,not ironic,
22957844,15468,15468,1.83611944164751e+18,2024-09-17,NEU,not ironic,
22957845,15469,15469,1.8361194410142267e+18,2024-09-17,NEU,not ironic,
22957846,15470,15470,1.836119440053916e+18,2024-09-17,NEG,not ironic,
22957847,15471,15471,1.8361194395839816e+18,2024-09-17,NEU,ironic,
22957848,15472,15472,1.8361194389254188e+18,2024-09-17,NEG,ironic,
22957849,15473,15473,1.8361194371386168e+18,2024-09-17,NEU,ironic,
22957850,15474,15474,1.8361194362327124e+18,2024-09-17,NEG,not ironic,
22957851,15475,15475,1.836119436106904e+18,2024-09-17,NEG,not ironic,
22957852,15476,15476,1.836119435536724e+18,2024-09-17,NEG,not ironic,
22957853,15477,15477,1.8361194331584968e+18,2024-09-17,NEU,ironic,
22957854,15478,15478,1.836119433066201e+18,2024-09-17,NEU,not ironic,
22957855,15479,15479,1.836119432017404e+18,2024-09-17,NEU,not ironic,
22957856,15480,15480,1.8361194314217969e+18,2024-09-17,NEG,ironic,
22957857,15481,15481,1.8361194303483128e+18,2024-09-17,NEU,not ironic,
22957858,15482,15482,1.8361194290061028e+18,2024-09-17,NEG,ironic,
22957859,15483,15483,1.836119428683174e+18,2024-09-17,NEU,not ironic,
22957860,15484,15484,1.8361194282970888e+18,2024-09-17,NEU,not ironic,
22957862,15486,15486,1.8361194271352755e+18,2024-09-17,NEU,not ironic,
22957863,15487,15487,1.836119426997064e+18,2024-09-17,POS,ironic,
22957864,15488,15488,1.8361194265902164e+18,2024-09-17,NEG,ironic,
22957865,15489,15489,1.836119426523108e+18,2024-09-17,NEU,not ironic,
22957866,15490,15490,1.8361194242456617e+18,2024-09-17,NEU,not ironic,
22957867,15491,15491,1.836119422614016e+18,2024-09-17,NEU,not ironic,
22957868,15492,15492,1.8361194225720727e+18,2024-09-17,POS,not ironic,
22957869,15493,15493,1.8361194217119416e+18,2024-09-17,NEG,not ironic,
22957870,15494,15494,1.8361194212844503e+18,2024-09-17,NEG,ironic,
22957871,15495,15495,1.8361194190276529e+18,2024-09-17,NEG,not ironic,
22957872,15496,15496,1.8361194173375816e+18,2024-09-17,NEG,not ironic,
22957874,15498,15498,1.8361194140196045e+18,2024-09-17,NEU,ironic,
22957875,15499,15499,1.8361194130048653e+18,2024-09-17,NEU,not ironic,
22957876,15500,15500,1.8361194128287048e+18,2024-09-17,NEG,not ironic,
22957877,15501,15501,1.836119412090508e+18,2024-09-17,POS,not ironic,
22957878,15502,15502,1.836119411935376e+18,2024-09-17,NEG,not ironic,
22957879,15503,15503,1.8361194117927936e+18,2024-09-17,NEG,ironic,
22957880,15504,15504,1.8361194111845376e+18,2024-09-17,NEU,ironic,
22957881,15505,15505,1.8361194093768049e+18,2024-09-17,NEG,not ironic,
22957882,15506,15506,1.836119409221604e+18,2024-09-17,NEG,ironic,
22957883,15507,15507,1.8361194079423409e+18,2024-09-17,POS,ironic,
22957884,15508,15508,1.8361194058408105e+18,2024-09-17,NEU,not ironic,
22957885,15509,15509,1.8361194048509207e+18,2024-09-17,NEG,not ironic,
22957886,15510,15510,1.8361194044987804e+18,2024-09-17,NEG,not ironic,
22957887,15511,15511,1.836119400530764e+18,2024-09-17,NEU,not ironic,
22957888,15512,15512,1.8361194000193004e+18,2024-09-17,NEG,ironic,
22957889,15513,15513,1.836119399943804e+18,2024-09-17,POS,not ironic,
22957890,15514,15514,1.8361193989410985e+18,2024-09-17,NEU,ironic,
22957891,15515,15515,1.836119398454568e+18,2024-09-17,NEG,ironic,
22957893,15517,15517,1.836119397032956e+18,2024-09-17,POS,ironic,
22957894,15518,15518,1.8361193969826204e+18,2024-09-17,NEG,not ironic,
22957895,15519,15519,1.8361193956402345e+18,2024-09-17,POS,not ironic,
22957896,15520,15520,1.836119395489452e+18,2024-09-17,NEG,ironic,
22957897,15521,15521,1.836119395292389e+18,2024-09-17,NEG,ironic,
22957898,15522,15522,1.836119394524504e+18,2024-09-17,NEG,not ironic,
22957899,15523,15523,1.8361193945118927e+18,2024-09-17,NEG,ironic,
22957900,15524,15524,1.8361193939165924e+18,2024-09-17,NEG,not ironic,
22957901,15525,15525,1.8361193931909696e+18,2024-09-17,NEU,ironic,
22957902,15526,15526,1.8361193922386207e+18,2024-09-17,NEU,ironic,
22957903,15527,15527,1.8361193921672648e+18,2024-09-17,NEG,not ironic,
22957904,15528,15528,1.8361193917689e+18,2024-09-17,NEG,ironic,
22957906,15530,15530,1.836119391454344e+18,2024-09-17,NEG,ironic,
22957907,15531,15531,1.8361193896590748e+18,2024-09-17,NEG,not ironic,
22957908,15532,15532,1.8361193890886533e+18,2024-09-17,NEG,ironic,
22957909,15533,15533,1.8361193874067825e+18,2024-09-17,NEG,ironic,
22957910,15534,15534,1.8361193866644485e+18,2024-09-17,NEU,ironic,
22957911,15535,15535,1.8361193863835853e+18,2024-09-17,POS,ironic,
22957912,15536,15536,1.8361193860729528e+18,2024-09-17,NEG,not ironic,
22957913,15537,15537,1.8361193841268083e+18,2024-09-17,NEU,not ironic,
22957914,15538,15538,1.8361193838667607e+18,2024-09-17,NEG,ironic,
22957915,15539,15539,1.8361193838374464e+18,2024-09-17,NEU,not ironic,
22957916,15540,15540,1.836119383154004e+18,2024-09-17,NEU,not ironic,
22957917,15541,15541,1.836119380788208e+18,2024-09-17,NEU,not ironic,
22957918,15542,15542,1.8361193792239127e+18,2024-09-17,NEG,not ironic,
22957919,15543,15543,1.8361193789597005e+18,2024-09-17,POS,not ironic,
22957920,15544,15544,1.8361193760821248e+18,2024-09-17,POS,not ironic,
22957921,15545,15545,1.83611937138876e+18,2024-09-17,NEU,ironic,
22957922,15546,15546,1.8361193711835016e+18,2024-09-17,NEG,ironic,
22957923,15547,15547,1.8361193709525325e+18,2024-09-17,NEG,not ironic,
22957924,15548,15548,1.8361193704869768e+18,2024-09-17,NEG,not ironic,
22957925,15549,15549,1.836119369966896e+18,2024-09-17,NEU,not ironic,
22957927,15551,15551,1.8361193688217687e+18,2024-09-17,NEG,not ironic,
22957928,15552,15552,1.8361193674167624e+18,2024-09-17,NEG,not ironic,
22957929,15553,15553,1.8361193668337705e+18,2024-09-17,NEG,not ironic,
22957930,15554,15554,1.8361193666662564e+18,2024-09-17,NEG,not ironic,
22957931,15555,15555,1.8361193666578063e+18,2024-09-17,POS,not ironic,
22957932,15556,15556,1.836119365885768e+18,2024-09-17,NEG,not ironic,
22957933,15557,15557,1.8361193651517524e+18,2024-09-17,NEU,not ironic,
22957934,15558,15558,1.8361193650679688e+18,2024-09-17,NEU,not ironic,
22957935,15559,15559,1.8361193644684288e+18,2024-09-17,NEG,not ironic,
22957936,15560,15560,1.836119362689745e+18,2024-09-17,NEG,not ironic,
22957937,15561,15561,1.8361193621657075e+18,2024-09-17,NEG,not ironic,
22957938,15562,15562,1.836119361398149e+18,2024-09-17,POS,ironic,
22957939,15563,15563,1.8361193601061112e+18,2024-09-17,NEU,not ironic,
22957940,15564,15564,1.836119358814257e+18,2024-09-17,NEG,ironic,
22957941,15565,15565,1.8361193574261432e+18,2024-09-17,POS,not ironic,
22957943,15567,15567,1.8361193547122404e+18,2024-09-17,NEG,ironic,
22957944,15568,15568,1.836119354385076e+18,2024-09-17,NEU,ironic,
22957945,15569,15569,1.8361193541671693e+18,2024-09-17,NEG,not ironic,
22957946,15570,15570,1.8361193541668744e+18,2024-09-17,NEU,not ironic,
22957947,15571,15571,1.83611935374327e+18,2024-09-17,NEU,not ironic,
22957948,15572,15572,1.8361191760266893e+18,2024-09-17,NEG,ironic,
22957949,15573,15573,1.8361191753807672e+18,2024-09-17,NEG,not ironic,
22957950,15574,15574,1.8361191751078587e+18,2024-09-17,NEG,ironic,
22957951,15575,15575,1.836119174805848e+18,2024-09-17,NEU,not ironic,
22957952,15576,15576,1.8361191729562708e+18,2024-09-17,NEU,not ironic,
22957953,15577,15577,1.836119172868088e+18,2024-09-17,NEG,ironic,
22957954,15578,15578,1.8361191697352668e+18,2024-09-17,NEU,not ironic,
22957955,15579,15579,1.8361191694832968e+18,2024-09-17,NEU,not ironic,
22957956,15580,15580,1.8361191693826788e+18,2024-09-17,NEG,ironic,
22957957,15581,15581,1.836119169281991e+18,2024-09-17,POS,not ironic,
22957958,15582,15582,1.836119168942572e+18,2024-09-17,NEU,ironic,
22957959,15583,15583,1.836119168636326e+18,2024-09-17,NEG,not ironic,
22957960,15584,15584,1.836119167545807e+18,2024-09-17,POS,ironic,
22957961,15585,15585,1.8361191663669327e+18,2024-09-17,NEG,ironic,
22957962,15586,15586,1.836119165792588e+18,2024-09-17,NEG,not ironic,
22957963,15587,15587,1.8361191644168604e+18,2024-09-17,NEU,not ironic,
22957964,15588,15588,1.83611916364091e+18,2024-09-17,NEU,not ironic,
22957965,15589,15589,1.836119163351257e+18,2024-09-17,NEG,not ironic,
22957966,15590,15590,1.8361191621726743e+18,2024-09-17,NEU,not ironic,
22957967,15591,15591,1.8361191621477376e+18,2024-09-17,NEU,not ironic,
22957968,15592,15592,1.83611916152676e+18,2024-09-17,NEU,not ironic,
22957969,15593,15593,1.8361191610614129e+18,2024-09-17,NEU,not ironic,
22957970,15594,15594,1.8361191600128824e+18,2024-09-17,NEU,not ironic,
22957971,15595,15595,1.8361191597653404e+18,2024-09-17,NEU,ironic,
22957972,15596,15596,1.8361191588635607e+18,2024-09-17,NEG,ironic,
22957973,15597,15597,1.8361191571772293e+18,2024-09-17,NEU,ironic,
22957974,15598,15598,1.8361191567871388e+18,2024-09-17,NEU,not ironic,
22957975,15599,15599,1.8361191567790733e+18,2024-09-17,NEG,ironic,
22957976,15600,15600,1.836119156447482e+18,2024-09-17,POS,not ironic,
22957977,15601,15601,1.8361191562000013e+18,2024-09-17,POS,not ironic,
22957978,15602,15602,1.8361191544637727e+18,2024-09-17,NEU,not ironic,
22957979,15603,15603,1.836119153440424e+18,2024-09-17,NEU,not ironic,
22957980,15604,15604,1.836119151607452e+18,2024-09-17,NEG,not ironic,
22957981,15605,15605,1.8361191507263647e+18,2024-09-17,NEU,not ironic,
22957982,15606,15606,1.836119149766214e+18,2024-09-17,NEG,not ironic,
22957983,15607,15607,1.836119146397856e+18,2024-09-17,NEU,ironic,
22957984,15608,15608,1.83611914526147e+18,2024-09-17,NEG,ironic,
22957985,15609,15609,1.836119145026376e+18,2024-09-17,NEG,ironic,
22957986,15610,15610,1.8361191449634e+18,2024-09-17,NEG,ironic,
22957988,15612,15612,1.8361191436254825e+18,2024-09-17,NEG,ironic,
22957989,15613,15613,1.8361191431895447e+18,2024-09-17,NEG,not ironic,
22957990,15614,15614,1.8361191376320307e+18,2024-09-17,NEU,ironic,
22957991,15615,15615,1.8361191371622807e+18,2024-09-17,NEU,ironic,
22957992,15616,15616,1.8361191363776924e+18,2024-09-17,NEG,ironic,
22957993,15617,15617,1.8361191363150195e+18,2024-09-17,NEU,not ironic,
22957994,15618,15618,1.8361191350564908e+18,2024-09-17,NEU,ironic,
22957995,15619,15619,1.8361191336306647e+18,2024-09-17,NEG,not ironic,
22957996,15620,15620,1.8361191316004247e+18,2024-09-17,NEG,not ironic,
22957997,15621,15621,1.83611913116842e+18,2024-09-17,NEG,ironic,
22957998,15622,15622,1.8361191304513823e+18,2024-09-17,NEU,not ironic,
22957999,15623,15623,1.8361191299816207e+18,2024-09-17,NEU,not ironic,
22958000,15624,15624,1.8361191297339192e+18,2024-09-17,NEG,not ironic,
22958001,15625,15625,1.83611912945732e+18,2024-09-17,POS,not ironic,
22958002,15626,15626,1.8361191273391803e+18,2024-09-17,NEG,ironic,
22958003,15627,15627,1.8361191262484887e+18,2024-09-17,NEG,ironic,
22958004,15628,15628,1.836119125560623e+18,2024-09-17,POS,ironic,
22958005,15629,15629,1.836119122859692e+18,2024-09-17,NEU,ironic,
22958006,15630,15630,1.83611912150884e+18,2024-09-17,NEG,ironic,
22958007,15631,15631,1.8361191212658565e+18,2024-09-17,NEU,not ironic,
22958008,15632,15632,1.8361191202508347e+18,2024-09-17,NEG,not ironic,
22958009,15633,15633,1.8361191202004787e+18,2024-09-17,NEU,ironic,
22958010,15634,15634,1.83611912007866e+18,2024-09-17,NEU,ironic,
22958011,15635,15635,1.8361191199402232e+18,2024-09-17,NEU,ironic,
22958012,15636,15636,1.8361191183043955e+18,2024-09-17,NEU,not ironic,
22958013,15637,15637,1.836119117595612e+18,2024-09-17,NEU,ironic,
22958014,15638,15638,1.836119117503284e+18,2024-09-17,NEG,ironic,
22958015,15639,15639,1.836119115230012e+18,2024-09-17,NEG,not ironic,
22958016,15640,15640,1.836119113887876e+18,2024-09-17,POS,not ironic,
22958017,15641,15641,1.8361191126924247e+18,2024-09-17,NEG,not ironic,
22958018,15642,15642,1.8361191119206976e+18,2024-09-17,NEU,not ironic,
22958019,15643,15643,1.836119111237276e+18,2024-09-17,NEU,not ironic,
22958020,15644,15644,1.8361191109478687e+18,2024-09-17,NEU,ironic,
22958021,15645,15645,1.83611911086796e+18,2024-09-17,NEU,not ironic,
22958022,15646,15646,1.8361191106666327e+18,2024-09-17,NEU,not ironic,
22958023,15647,15647,1.8361191091398904e+18,2024-09-17,NEG,ironic,
22958024,15648,15648,1.8361191089933235e+18,2024-09-17,POS,not ironic,
22958025,15649,15649,1.8361191064306035e+18,2024-09-17,NEU,not ironic,
22958026,15650,15650,1.8361191059019328e+18,2024-09-17,NEG,not ironic,
22958027,15651,15651,1.836119105826436e+18,2024-09-17,NEG,not ironic,
22958028,15652,15652,1.8361191057259607e+18,2024-09-17,NEG,not ironic,
22958029,15653,15653,1.836119104731652e+18,2024-09-17,NEG,not ironic,
22958030,15654,15654,1.8361191028526577e+18,2024-09-17,NEU,not ironic,
22958031,15655,15655,1.836119100302725e+18,2024-09-17,POS,not ironic,
22958032,15656,15656,1.8361190999878607e+18,2024-09-17,NEG,not ironic,
22958033,15657,15657,1.8361190997991795e+18,2024-09-17,NEG,ironic,
22958034,15658,15658,1.83611909904842e+18,2024-09-17,NEU,not ironic,
22958035,15659,15659,1.8361190983186025e+18,2024-09-17,NEG,not ironic,
22958036,15660,15660,1.836119097882612e+18,2024-09-17,NEU,not ironic,
22958037,15661,15661,1.836119097698096e+18,2024-09-17,NEG,not ironic,
22958038,15662,15662,1.8361190972031347e+18,2024-09-17,NEG,not ironic,
22958039,15663,15663,1.836119096120804e+18,2024-09-17,NEG,not ironic,
22958040,15664,15664,1.836119095730934e+18,2024-09-17,NEU,ironic,
22958041,15665,15665,1.836119094673744e+18,2024-09-17,NEU,not ironic,
22958042,15666,15666,1.8361190942084017e+18,2024-09-17,POS,not ironic,
22958043,15667,15667,1.8361190940699896e+18,2024-09-17,NEG,not ironic,
22958044,15668,15668,1.8361190937973844e+18,2024-09-17,NEG,ironic,
22958045,15669,15669,1.8361190934363548e+18,2024-09-17,NEU,not ironic,
22958046,15670,15670,1.836119091846828e+18,2024-09-17,NEU,ironic,
22958047,15671,15671,1.836119090085102e+18,2024-09-17,NEG,ironic,
22958048,15672,15672,1.836119089439515e+18,2024-09-17,NEU,not ironic,
22958049,15673,15673,1.836119085676913e+18,2024-09-17,NEU,ironic,
22958050,15674,15674,1.8361190847541496e+18,2024-09-17,NEG,ironic,
22958051,15675,15675,1.8361190839404795e+18,2024-09-17,POS,ironic,
22958052,15676,15676,1.8361190838440013e+18,2024-09-17,NEG,not ironic,
22958053,15677,15677,1.8361190838023337e+18,2024-09-17,NEG,ironic,
22958054,15678,15678,1.8361190835630533e+18,2024-09-17,POS,ironic,
22958055,15679,15679,1.83611908268637e+18,2024-09-17,POS,not ironic,
22958056,15680,15680,1.8361190818014208e+18,2024-09-17,POS,ironic,
22958057,15681,15681,1.8361190808369605e+18,2024-09-17,NEU,not ironic,
22958058,15682,15682,1.8361190807401925e+18,2024-09-17,NEG,not ironic,
22958059,15683,15683,1.8361190797548296e+18,2024-09-17,NEG,not ironic,
22958060,15684,15684,1.8361190792848305e+18,2024-09-17,POS,ironic,
22958061,15685,15685,1.8361190774647524e+18,2024-09-17,NEG,not ironic,
22958062,15686,15686,1.836119075208241e+18,2024-09-17,POS,not ironic,
22958063,15687,15687,1.83611907397904e+18,2024-09-17,NEG,ironic,
22958064,15688,15688,1.83611907123592e+18,2024-09-17,NEG,ironic,
22958065,15689,15689,1.836119070154068e+18,2024-09-17,POS,not ironic,
22958066,15690,15690,1.8361190696714609e+18,2024-09-17,NEG,ironic,
22958067,15691,15691,1.8361190688706112e+18,2024-09-17,NEG,not ironic,
22958068,15692,15692,1.8361190687948964e+18,2024-09-17,NEU,ironic,
22958069,15693,15693,1.8361190673813832e+18,2024-09-17,NEG,ironic,
22958070,15694,15694,1.836119065993319e+18,2024-09-17,NEU,ironic,
22958071,15695,15695,1.836119065188012e+18,2024-09-17,NEU,not ironic,
22958072,15696,15696,1.8361190651628465e+18,2024-09-17,NEG,ironic,
22958073,15697,15697,1.836119064961266e+18,2024-09-17,NEG,not ironic,
22958074,15698,15698,1.8361190634807048e+18,2024-09-17,NEG,not ironic,
22958075,15699,15699,1.8361190633086807e+18,2024-09-17,POS,ironic,
22958076,15700,15700,1.836119062818034e+18,2024-09-17,NEU,ironic,
22958077,15701,15701,1.8361190627299697e+18,2024-09-17,NEG,ironic,
22958078,15702,15702,1.836119061744288e+18,2024-09-17,NEU,not ironic,
22958079,15703,15703,1.8361190611654487e+18,2024-09-17,NEU,ironic,
22958080,15704,15704,1.8361190609766405e+18,2024-09-17,NEU,not ironic,
22958081,15705,15705,1.8361190608763287e+18,2024-09-17,NEG,not ironic,
22958082,15706,15706,1.8361190597521943e+18,2024-09-17,POS,ironic,
22958083,15707,15707,1.8361190575038671e+18,2024-09-17,NEU,ironic,
22958084,15708,15708,1.836119057365635e+18,2024-09-17,NEG,ironic,
22958085,15709,15709,1.8361190564678044e+18,2024-09-17,POS,ironic,
22958086,15710,15710,1.8361190561700785e+18,2024-09-17,NEU,not ironic,
22958087,15711,15711,1.8361190556834327e+18,2024-09-17,NEU,not ironic,
22958088,15712,15712,1.836119055159432e+18,2024-09-17,NEG,not ironic,
22958089,15713,15713,1.8361190550378703e+18,2024-09-17,NEG,not ironic,
22958090,15714,15714,1.8361190548907912e+18,2024-09-17,NEG,ironic,
22958091,15715,15715,1.8361190545929344e+18,2024-09-17,NEG,ironic,
22958092,15716,15716,1.836119054379012e+18,2024-09-17,NEU,not ironic,
22958093,15717,15717,1.836119053645288e+18,2024-09-17,NEG,ironic,
22958094,15718,15718,1.836119052894208e+18,2024-09-17,NEG,not ironic,
22958095,15719,15719,1.836119052709745e+18,2024-09-17,NEG,not ironic,
22958096,15720,15720,1.8361190515101043e+18,2024-09-17,NEG,ironic,
22958097,15721,15721,1.8361190512249165e+18,2024-09-17,NEU,not ironic,
22958098,15722,15722,1.8361190511285005e+18,2024-09-17,NEG,ironic,
22958099,15723,15723,1.8361190509983823e+18,2024-09-17,NEG,not ironic,
22958100,15724,15724,1.836119050944156e+18,2024-09-17,NEU,ironic,
22958101,15725,15725,1.8361190509145293e+18,2024-09-17,NEU,not ironic,
22958102,15726,15726,1.836119050335732e+18,2024-09-17,NEG,ironic,
22958103,15727,15727,1.8361190500296008e+18,2024-09-17,NEG,not ironic,
22958104,15728,15728,1.836119048364421e+18,2024-09-17,NEU,not ironic,
22958105,15729,15729,1.83611904793684e+18,2024-09-17,NEG,not ironic,
22958106,15730,15730,1.8361190476346368e+18,2024-09-17,NEG,ironic,
22958107,15731,15731,1.836119047093551e+18,2024-09-17,NEG,ironic,
22958108,15732,15732,1.836119046779212e+18,2024-09-17,NEG,not ironic,
22958109,15733,15733,1.8361190459904005e+18,2024-09-17,NEG,not ironic,
22958110,15734,15734,1.8361190457178524e+18,2024-09-17,NEG,not ironic,
22958111,15735,15735,1.8361190453487247e+18,2024-09-17,NEU,ironic,
22958112,15736,15736,1.836119044979856e+18,2024-09-17,NEU,ironic,
22958113,15737,15737,1.8361190437968817e+18,2024-09-17,NEU,not ironic,
22958114,15738,15738,1.8361190431260388e+18,2024-09-17,POS,ironic,
22958115,15739,15739,1.8361190430085327e+18,2024-09-17,NEU,not ironic,
22958116,15740,15740,1.836119042815398e+18,2024-09-17,POS,ironic,
22958117,15741,15741,1.8361190425385577e+18,2024-09-17,NEG,not ironic,
22958118,15742,15742,1.8361190407814144e+18,2024-09-17,NEU,not ironic,
22958119,15743,15743,1.83611904058842e+18,2024-09-17,NEG,ironic,
22958120,15744,15744,1.8361190403954936e+18,2024-09-17,POS,not ironic,
22958121,15745,15745,1.836119039984145e+18,2024-09-17,NEG,ironic,
22958122,15746,15746,1.8361190391498304e+18,2024-09-17,NEG,not ironic,
22958123,15747,15747,1.83611903865904e+18,2024-09-17,NEU,not ironic,
22958124,15748,15748,1.8361190368468915e+18,2024-09-17,NEG,ironic,
22958125,15749,15749,1.83611903678838e+18,2024-09-17,NEG,not ironic,
22958126,15750,15750,1.836119035819537e+18,2024-09-17,NEU,not ironic,
22958127,15751,15751,1.8361190354168425e+18,2024-09-17,NEG,ironic,
22958128,15752,15752,1.83611903537492e+18,2024-09-17,NEG,not ironic,
22958129,15753,15753,1.8361190344059904e+18,2024-09-17,POS,ironic,
22958130,15754,15754,1.8361190342927688e+18,2024-09-17,NEG,not ironic,
22958131,15755,15755,1.8361190322501427e+18,2024-09-17,NEG,ironic,
22958132,15756,15756,1.8361190319227825e+18,2024-09-17,NEG,not ironic,
22958133,15757,15757,1.8361190318640527e+18,2024-09-17,NEG,not ironic,
22958134,15758,15758,1.8361190303875848e+18,2024-09-17,NEU,not ironic,
22958135,15759,15759,1.8361190290415e+18,2024-09-17,NEU,ironic,
22958136,15760,15760,1.836119028688953e+18,2024-09-17,NEG,ironic,
22958137,15761,15761,1.836119027984536e+18,2024-09-17,NEU,ironic,
22958138,15762,15762,1.8361190266421327e+18,2024-09-17,NEG,not ironic,
22958139,15763,15763,1.836119025492902e+18,2024-09-17,NEG,ironic,
22958140,15764,15764,1.8361190250609093e+18,2024-09-17,NEG,not ironic,
22958141,15765,15765,1.8361190242977344e+18,2024-09-17,NEG,not ironic,
22958142,15766,15766,1.836119024259736e+18,2024-09-17,NEG,not ironic,
22958143,15767,15767,1.836119023857316e+18,2024-09-17,NEG,not ironic,
22958144,15768,15768,1.8361190238028104e+18,2024-09-17,NEG,not ironic,
22958145,15769,15769,1.836119022917616e+18,2024-09-17,POS,ironic,
22958146,15770,15770,1.8361190228882107e+18,2024-09-17,NEU,not ironic,
22958147,15771,15771,1.8361190215083377e+18,2024-09-17,NEG,not ironic,
22958148,15772,15772,1.8361190215043364e+18,2024-09-17,NEG,ironic,
22958149,15773,15773,1.8361190210133445e+18,2024-09-17,NEG,not ironic,
22958150,15774,15774,1.836119019138466e+18,2024-09-17,NEU,not ironic,
22958151,15775,15775,1.8361190184047447e+18,2024-09-17,NEG,not ironic,
22958152,15776,15776,1.83611901665543e+18,2024-09-17,NEG,ironic,
22958153,15777,15777,1.8361190160475464e+18,2024-09-17,POS,not ironic,
22958154,15778,15778,1.8361190159214267e+18,2024-09-17,NEG,ironic,
22958155,15779,15779,1.8361190155316145e+18,2024-09-17,POS,ironic,
22958156,15780,15780,1.836119011719025e+18,2024-09-17,NEU,not ironic,
22958157,15781,15781,1.83611901146708e+18,2024-09-17,NEG,ironic,
22958158,15782,15782,1.8361190095379663e+18,2024-09-17,NEG,not ironic,
22958159,15783,15783,1.8361190090302093e+18,2024-09-17,NEG,not ironic,
22958160,15784,15784,1.8361190085440023e+18,2024-09-17,NEU,not ironic,
22958161,15785,15785,1.83611900801971e+18,2024-09-17,NEU,not ironic,
22958162,15786,15786,1.836119007860024e+18,2024-09-17,NEG,ironic,
22958163,15787,15787,1.8361190054399183e+18,2024-09-17,NEU,not ironic,
22958164,15788,15788,1.83611900445841e+18,2024-09-17,NEG,ironic,
22958165,15789,15789,1.836119003745469e+18,2024-09-17,NEU,not ironic,
22958166,15790,15790,1.8361190007551127e+18,2024-09-17,NEG,ironic,
22958167,15791,15791,1.8361189995678764e+18,2024-09-17,NEG,not ironic,
22958168,15792,15792,1.8361189991442432e+18,2024-09-17,NEU,not ironic,
22958169,15793,15793,1.8361189985699064e+18,2024-09-17,NEG,ironic,
22958170,15794,15794,1.8361189980330112e+18,2024-09-17,NEU,ironic,
22958171,15795,15795,1.8361189972443013e+18,2024-09-17,NEG,not ironic,
22958172,15796,15796,1.8361189967411648e+18,2024-09-17,NEG,not ironic,
22958173,15797,15797,1.836118996732564e+18,2024-09-17,NEG,ironic,
22958174,15798,15798,1.8361189944720384e+18,2024-09-17,NEU,not ironic,
22958175,15799,15799,1.8361189937632087e+18,2024-09-17,NEG,not ironic,
22958176,15800,15800,1.8361189935073567e+18,2024-09-17,NEG,not ironic,
22958177,15801,15801,1.8361189928320737e+18,2024-09-17,NEG,not ironic,
22958178,15802,15802,1.836118991330513e+18,2024-09-17,POS,not ironic,
22958179,15803,15803,1.836118990092989e+18,2024-09-17,NEG,not ironic,
22958180,15804,15804,1.836118989862212e+18,2024-09-17,NEG,not ironic,
22958181,15805,15805,1.836118989308859e+18,2024-09-17,NEU,ironic,
22958182,15806,15806,1.836118988574856e+18,2024-09-17,NEU,not ironic,
22958183,15807,15807,1.8361189872365847e+18,2024-09-17,POS,not ironic,
22958184,15808,15808,1.836118986284524e+18,2024-09-17,NEG,ironic,
22958185,15809,15809,1.8361189856011185e+18,2024-09-17,POS,not ironic,
22958186,15810,15810,1.8361189846067776e+18,2024-09-17,NEG,not ironic,
22958187,15811,15811,1.8361189818889093e+18,2024-09-17,NEU,not ironic,
22958188,15812,15812,1.8361189817046185e+18,2024-09-17,NEU,not ironic,
22958189,15813,15813,1.836118980983165e+18,2024-09-17,POS,not ironic,
22958190,15814,15814,1.8361189801191383e+18,2024-09-17,NEU,ironic,
22958191,15815,15815,1.83611897972458e+18,2024-09-17,NEU,ironic,
22958192,15816,15816,1.836118978390844e+18,2024-09-17,NEG,not ironic,
22958193,15817,15817,1.8361189773550925e+18,2024-09-17,NEU,ironic,
22958194,15818,15818,1.8361189771999032e+18,2024-09-17,NEU,not ironic,
22958195,15819,15819,1.8361189769734108e+18,2024-09-17,NEG,ironic,
22958196,15820,15820,1.8361189758577257e+18,2024-09-17,NEG,ironic,
22958197,15821,15821,1.8361189757106296e+18,2024-09-17,NEU,not ironic,
22958198,15822,15822,1.8361189755722468e+18,2024-09-17,NEG,not ironic,
22958199,15823,15823,1.8361189720616305e+18,2024-09-17,NEU,not ironic,
22958200,15824,15824,1.83611897100044e+18,2024-09-17,NEG,ironic,
22958201,15825,15825,1.8361189697254687e+18,2024-09-17,NEG,ironic,
22958202,15826,15826,1.836118966747468e+18,2024-09-17,NEG,ironic,
22958203,15827,15827,1.8361189654388529e+18,2024-09-17,NEG,ironic,
22958204,15828,15828,1.8361189637487693e+18,2024-09-17,NEU,not ironic,
22958205,15829,15829,1.8361189636397133e+18,2024-09-17,NEG,not ironic,
22958206,15830,15830,1.8361189634636063e+18,2024-09-17,POS,not ironic,
22958207,15831,15831,1.8361189624191547e+18,2024-09-17,NEU,not ironic,
22958208,15832,15832,1.8361189613536087e+18,2024-09-17,NEU,not ironic,
22958209,15833,15833,1.8361189609973064e+18,2024-09-17,NEG,ironic,
22958210,15834,15834,1.83611896033049e+18,2024-09-17,NEG,ironic,
22958211,15835,15835,1.8361189582204687e+18,2024-09-17,POS,not ironic,
22958212,15836,15836,1.836118957880935e+18,2024-09-17,NEG,not ironic,
22958213,15837,15837,1.8361189568572828e+18,2024-09-17,POS,not ironic,
22958214,15838,15838,1.8361189560310167e+18,2024-09-17,NEG,not ironic,
22958215,15839,15839,1.8361189553935365e+18,2024-09-17,NEG,not ironic,
22958216,15840,15840,1.836118954705851e+18,2024-09-17,NEG,ironic,
22958217,15841,15841,1.8361189532462328e+18,2024-09-17,NEG,ironic,
22958218,15842,15842,1.8361189528309967e+18,2024-09-17,NEG,ironic,
22958219,15843,15843,1.836118951668925e+18,2024-09-17,NEG,ironic,
22958220,15844,15844,1.8361189504106865e+18,2024-09-17,NEG,not ironic,
22958221,15845,15845,1.836118949378852e+18,2024-09-17,NEG,ironic,
22958222,15846,15846,1.8361189479613768e+18,2024-09-17,NEU,not ironic,
22958223,15847,15847,1.8361189451805696e+18,2024-09-17,NEG,ironic,
22958224,15848,15848,1.836118945163556e+18,2024-09-17,NEU,not ironic,
22958225,15849,15849,1.8361189417032333e+18,2024-09-17,NEG,ironic,
22958226,15850,15850,1.8361189416028687e+18,2024-09-17,NEU,not ironic,
22958227,15851,15851,1.836118940575e+18,2024-09-17,NEG,ironic,
22958228,15852,15852,1.8361189403611087e+18,2024-09-17,NEG,not ironic,
22958229,15853,15853,1.8361189403026107e+18,2024-09-17,NEG,not ironic,
22958230,15854,15854,1.836118940227175e+18,2024-09-17,NEG,ironic,
22958231,15855,15855,1.83611894018073e+18,2024-09-17,NEU,not ironic,
22958232,15856,15856,1.836118939480344e+18,2024-09-17,NEG,ironic,
22958233,15857,15857,1.836118938390008e+18,2024-09-17,NEU,ironic,
22958234,15858,15858,1.836118937731502e+18,2024-09-17,POS,not ironic,
22958235,15859,15859,1.8361189370897736e+18,2024-09-17,NEU,not ironic,
22958236,15860,15860,1.836118936812753e+18,2024-09-17,POS,not ironic,
22958237,15861,15861,1.836118936699704e+18,2024-09-17,NEU,ironic,
22958238,15862,15862,1.8361189359948024e+18,2024-09-17,NEG,not ironic,
22958239,15863,15863,1.8361189329833536e+18,2024-09-17,NEU,not ironic,
22958240,15864,15864,1.8361189312848527e+18,2024-09-17,NEU,not ironic,
22958241,15865,15865,1.8361189308864023e+18,2024-09-17,POS,not ironic,
22958242,15866,15866,1.8361189308065167e+18,2024-09-17,NEG,not ironic,
22958243,15867,15867,1.836118930630545e+18,2024-09-17,POS,ironic,
22958244,15868,15868,1.8361189304837448e+18,2024-09-17,NEG,ironic,
22958245,15869,15869,1.8361189294351688e+18,2024-09-17,NEU,not ironic,
22958246,15870,15870,1.836118929401627e+18,2024-09-17,NEU,not ironic,
22958247,15871,15871,1.8361189281768776e+18,2024-09-17,NEG,not ironic,
22958248,15872,15872,1.8361189279082004e+18,2024-09-17,NEU,ironic,
22958249,15873,15873,1.8361189278159247e+18,2024-09-17,NEG,ironic,
22958250,15874,15874,1.836118927539344e+18,2024-09-17,NEU,not ironic,
22958251,15875,15875,1.8361189274596275e+18,2024-09-17,NEU,ironic,
22958252,15876,15876,1.8361189271489992e+18,2024-09-17,NEU,not ironic,
22958253,15877,15877,1.836118925806887e+18,2024-09-17,NEG,not ironic,
22958254,15878,15878,1.8361189252574129e+18,2024-09-17,NEU,not ironic,
22958255,15879,15879,1.8361189241375089e+18,2024-09-17,NEG,ironic,
22958256,15880,15880,1.8361189216086016e+18,2024-09-17,NEG,not ironic,
22958257,15881,15881,1.8361189214324367e+18,2024-09-17,NEG,ironic,
22958258,15882,15882,1.8361189209123064e+18,2024-09-17,NEG,not ironic,
22958259,15883,15883,1.8361189205807923e+18,2024-09-17,NEG,not ironic,
22958260,15884,15884,1.8361189205303995e+18,2024-09-17,NEG,not ironic,
22958261,15885,15885,1.836118919855384e+18,2024-09-17,NEG,ironic,
22958262,15886,15886,1.8361189198090568e+18,2024-09-17,POS,not ironic,
22958263,15887,15887,1.8361189188275817e+18,2024-09-17,NEG,not ironic,
22958264,15888,15888,1.836118918231933e+18,2024-09-17,NEG,ironic,
22958265,15889,15889,1.836118916583555e+18,2024-09-17,NEG,ironic,
22958266,15890,15890,1.8361189163989847e+18,2024-09-17,NEG,not ironic,
22958267,15891,15891,1.836118916122268e+18,2024-09-17,NEG,ironic,
22958268,15892,15892,1.836118915904418e+18,2024-09-17,NEG,ironic,
22958269,15893,15893,1.836118915555992e+18,2024-09-17,NEU,ironic,
22958270,15894,15894,1.8361189149522368e+18,2024-09-17,NEG,ironic,
22958271,15895,15895,1.836118914725745e+18,2024-09-17,NEG,not ironic,
22958272,15896,15896,1.8361189140795889e+18,2024-09-17,NEU,not ironic,
22958273,15897,15897,1.836118912150262e+18,2024-09-17,NEG,ironic,
22958274,15898,15898,1.8361189113910807e+18,2024-09-17,NEG,not ironic,
22958275,15899,15899,1.8361189085766003e+18,2024-09-17,NEG,not ironic,
22958276,15900,15900,1.8361189081532337e+18,2024-09-17,NEU,not ironic,
22958277,15901,15901,1.836118906991244e+18,2024-09-17,NEG,not ironic,
22958278,15902,15902,1.8361189062952348e+18,2024-09-17,POS,not ironic,
22958279,15903,15903,1.8361189062110656e+18,2024-09-17,NEG,not ironic,
22958280,15904,15904,1.8361189054521388e+18,2024-09-17,NEG,ironic,
22958281,15905,15905,1.8361189039964977e+18,2024-09-17,NEU,not ironic,
22958282,15906,15906,1.8361189034470687e+18,2024-09-17,NEU,not ironic,
22958283,15907,15907,1.8361189034051087e+18,2024-09-17,NEU,not ironic,
22958284,15908,15908,1.836118902570365e+18,2024-09-17,NEU,not ironic,
22958285,15909,15909,1.8361189023145413e+18,2024-09-17,NEU,not ironic,
22958286,15910,15910,1.8361189022729137e+18,2024-09-17,NEG,ironic,
22958287,15911,15911,1.8361189007836529e+18,2024-09-17,NEG,ironic,
22958288,15912,15912,1.836118899240104e+18,2024-09-17,NEG,not ironic,
22958289,15913,15913,1.8361188986990344e+18,2024-09-17,NEG,ironic,
22958290,15914,15914,1.8361188981328776e+18,2024-09-17,POS,ironic,
22958291,15915,15915,1.8361188977094825e+18,2024-09-17,NEG,ironic,
22958292,15916,15916,1.8361188976884493e+18,2024-09-17,NEG,not ironic,
22958293,15917,15917,1.836118897529164e+18,2024-09-17,NEG,ironic,
22958294,15918,15918,1.8361188957378604e+18,2024-09-17,NEG,not ironic,
22958295,15919,15919,1.836118894009864e+18,2024-09-17,NEG,not ironic,
22958296,15920,15920,1.8361188936745e+18,2024-09-17,NEU,ironic,
22958297,15921,15921,1.8361188935235377e+18,2024-09-17,NEU,ironic,
22958298,15922,15922,1.8361188907298857e+18,2024-09-17,NEU,not ironic,
22958299,15923,15923,1.836118890717336e+18,2024-09-17,NEG,not ironic,
22958300,15924,15924,1.8361188907005207e+18,2024-09-17,NEG,ironic,
22958301,15925,15925,1.836118890016838e+18,2024-09-17,NEG,not ironic,
22958302,15926,15926,1.8361188885281224e+18,2024-09-17,NEU,not ironic,
22958303,15927,15927,1.836118888226116e+18,2024-09-17,NEU,not ironic,
22958304,15928,15928,1.836118888179995e+18,2024-09-17,NEU,not ironic,
22958305,15929,15929,1.836118888104497e+18,2024-09-17,NEG,ironic,
22958306,15930,15930,1.8361188880248468e+18,2024-09-17,NEG,ironic,
22958307,15931,15931,1.836118886804025e+18,2024-09-17,NEU,not ironic,
22958308,15932,15932,1.8361188865022728e+18,2024-09-17,NEU,ironic,
22958309,15933,15933,1.8361188861245524e+18,2024-09-17,NEU,not ironic,
22958310,15934,15934,1.8361188856382464e+18,2024-09-17,POS,not ironic,
22958311,15935,15935,1.8361188853572488e+18,2024-09-17,NEG,not ironic,
22958312,15936,15936,1.8361188833565453e+18,2024-09-17,NEG,not ironic,
22958313,15937,15937,1.836118882085672e+18,2024-09-17,POS,not ironic,
22958314,15938,15938,1.836118881267512e+18,2024-09-17,NEG,not ironic,
22958315,15939,15939,1.836118879803704e+18,2024-09-17,NEU,ironic,
22958316,15940,15940,1.836118878864528e+18,2024-09-17,NEG,ironic,
22958317,15941,15941,1.8361188787929208e+18,2024-09-17,NEU,not ironic,
22958318,15942,15942,1.836118877626844e+18,2024-09-17,NEG,not ironic,
22958319,15943,15943,1.836118876742128e+18,2024-09-17,NEG,ironic,
22958320,15944,15944,1.8361188755088013e+18,2024-09-17,NEG,not ironic,
22958321,15945,15945,1.836118874632176e+18,2024-09-17,NEG,not ironic,
22958322,15946,15946,1.8361188743010432e+18,2024-09-17,NEG,ironic,
22958323,15947,15947,1.836118874275644e+18,2024-09-17,NEU,not ironic,
22958324,15948,15948,1.8361188732270472e+18,2024-09-17,NEG,not ironic,
22958325,15949,15949,1.83611887321034e+18,2024-09-17,NEG,ironic,
22958326,15950,15950,1.8361188719313428e+18,2024-09-17,NEG,not ironic,
22958327,15951,15951,1.836118870874014e+18,2024-09-17,NEG,not ironic,
22958328,15952,15952,1.836118870257492e+18,2024-09-17,NEG,not ironic,
22958329,15953,15953,1.83611887021976e+18,2024-09-17,NEG,not ironic,
22958330,15954,15954,1.836118870177784e+18,2024-09-17,NEG,not ironic,
22958331,15955,15955,1.8361188697415885e+18,2024-09-17,NEG,not ironic,
22958332,15956,15956,1.8361188682861489e+18,2024-09-17,NEG,not ironic,
22958333,15957,15957,1.836118867963261e+18,2024-09-17,POS,not ironic,
22958334,15958,15958,1.8361188674769103e+18,2024-09-17,NEG,not ironic,
22958335,15959,15959,1.8361188669649352e+18,2024-09-17,NEG,ironic,
22958336,15960,15960,1.8361188646413724e+18,2024-09-17,NEU,not ironic,
22958337,15961,15961,1.8361188637901169e+18,2024-09-17,NEG,ironic,
22958338,15962,15962,1.8361188634880945e+18,2024-09-17,NEU,ironic,
22958339,15963,15963,1.8361188629132536e+18,2024-09-17,NEG,not ironic,
22958340,15964,15964,1.8361188626241413e+18,2024-09-17,NEG,ironic,
22958341,15965,15965,1.836118862468912e+18,2024-09-17,NEU,not ironic,
22958342,15966,15966,1.83611885973819e+18,2024-09-17,NEG,not ironic,
22958343,15967,15967,1.836118859658728e+18,2024-09-17,NEG,ironic,
22958344,15968,15968,1.8361188590797128e+18,2024-09-17,NEU,not ironic,
22958345,15969,15969,1.836118858689614e+18,2024-09-17,POS,not ironic,
22958346,15970,15970,1.8361188586730783e+18,2024-09-17,NEG,not ironic,
22958347,15971,15971,1.83611885849666e+18,2024-09-17,NEG,ironic,
22958348,15972,15972,1.8361188567434447e+18,2024-09-17,NEU,ironic,
22958349,15973,15973,1.836118855598408e+18,2024-09-17,NEG,not ironic,
22958350,15974,15974,1.836118855229297e+18,2024-09-17,POS,not ironic,
22958351,15975,15975,1.836118854394876e+18,2024-09-17,NEG,not ironic,
22958352,15976,15976,1.8361188539587008e+18,2024-09-17,NEG,ironic,
22958353,15977,15977,1.8361188533504945e+18,2024-09-17,NEG,ironic,
22958354,15978,15978,1.8361188512112028e+18,2024-09-17,NEU,not ironic,
22958355,15979,15979,1.836118850511004e+18,2024-09-17,NEG,ironic,
22958356,15980,15980,1.8361188499321367e+18,2024-09-17,NEU,not ironic,
22958357,15981,15981,1.836118849839862e+18,2024-09-17,NEG,ironic,
22958358,15982,15982,1.836118849521095e+18,2024-09-17,NEG,not ironic,
22958359,15983,15983,1.8361188494118088e+18,2024-09-17,NEG,ironic,
22958360,15984,15984,1.836118849227228e+18,2024-09-17,NEG,not ironic,
22958361,15985,15985,1.836118849134936e+18,2024-09-17,NEU,not ironic,
22958362,15986,15986,1.8361188485938875e+18,2024-09-17,NEG,not ironic,
22958363,15987,15987,1.836118846438277e+18,2024-09-17,NEU,not ironic,
22958364,15988,15988,1.836118846308258e+18,2024-09-17,POS,not ironic,
22958365,15989,15989,1.836118845901386e+18,2024-09-17,POS,ironic,
22958366,15990,15990,1.836118845154792e+18,2024-09-17,NEU,ironic,
22958367,15991,15991,1.836118844878041e+18,2024-09-17,NEU,not ironic,
22958368,15992,15992,1.8361188418832428e+18,2024-09-17,NEG,not ironic,
22958369,15993,15993,1.836118841186788e+18,2024-09-17,NEG,ironic,
22958370,15994,15994,1.8361188402726543e+18,2024-09-17,NEU,not ironic,
22958371,15995,15995,1.83611883919453e+18,2024-09-17,NEG,ironic,
22958372,15996,15996,1.8361188377351247e+18,2024-09-17,NEG,not ironic,
22958373,15997,15997,1.8361188377096563e+18,2024-09-17,NEG,ironic,
22958374,15998,15998,1.8361188362500265e+18,2024-09-17,NEG,ironic,
22958375,15999,15999,1.8361188325129137e+18,2024-09-17,NEG,ironic,
22958376,16000,16000,1.8361188324041403e+18,2024-09-17,NEU,not ironic,
22958377,16001,16001,1.8361188315146893e+18,2024-09-17,NEU,not ironic,
22958378,16002,16002,1.836118671506498e+18,2024-09-17,NEG,not ironic,
22958379,16003,16003,1.8361186714223496e+18,2024-09-17,NEG,ironic,
22958380,16004,16004,1.8361186696648827e+18,2024-09-17,NEG,not ironic,
22958381,16005,16005,1.8361186677525425e+18,2024-09-17,NEU,not ironic,
22958382,16006,16006,1.836118667525763e+18,2024-09-17,NEG,ironic,
22958383,16007,16007,1.8361186663052657e+18,2024-09-17,POS,not ironic,
22958384,16008,16008,1.8361186661668168e+18,2024-09-17,NEU,not ironic,
22958385,16009,16009,1.8361186657055337e+18,2024-09-17,NEG,not ironic,
22958386,16010,16010,1.8361186647071951e+18,2024-09-17,NEG,ironic,
22958387,16011,16011,1.8361186638431767e+18,2024-09-17,NEU,not ironic,
22958388,16012,16012,1.836118662853596e+18,2024-09-17,NEG,ironic,
22958389,16013,16013,1.8361186613475697e+18,2024-09-17,NEG,ironic,
22958390,16014,16014,1.8361186601398769e+18,2024-09-17,NEG,not ironic,
22958391,16015,16015,1.836118659305263e+18,2024-09-17,POS,ironic,
22958392,16016,16016,1.836118658831262e+18,2024-09-17,NEG,ironic,
22958393,16017,16017,1.8361186554549084e+18,2024-09-17,NEG,not ironic,
22958394,16018,16018,1.836118655245128e+18,2024-09-17,NEG,not ironic,
22958395,16019,16019,1.8361186548086705e+18,2024-09-17,POS,ironic,
22958396,16020,16020,1.8361186541294428e+18,2024-09-17,NEU,not ironic,
22958397,16021,16021,1.836118652954796e+18,2024-09-17,POS,not ironic,
22958398,16022,16022,1.8361186513694024e+18,2024-09-17,NEG,not ironic,
22958399,16023,16023,1.8361186512898703e+18,2024-09-17,NEU,ironic,
22958400,16024,16024,1.836118651277124e+18,2024-09-17,POS,not ironic,
22958401,16025,16025,1.8361186508621496e+18,2024-09-17,NEG,ironic,
22958402,16026,16026,1.8361186507695268e+18,2024-09-17,NEG,ironic,
22958403,16027,16027,1.836118649477948e+18,2024-09-17,NEU,not ironic,
22958404,16028,16028,1.83611864909206e+18,2024-09-17,NEG,not ironic,
22958405,16029,16029,1.836118649070846e+18,2024-09-17,NEU,not ironic,
22958406,16030,16030,1.836118648983032e+18,2024-09-17,NEU,ironic,
22958407,16031,16031,1.836118647905096e+18,2024-09-17,POS,not ironic,
22958408,16032,16032,1.8361186477708905e+18,2024-09-17,NEU,not ironic,
22958409,16033,16033,1.8361186462187807e+18,2024-09-17,NEG,ironic,
22958410,16034,16034,1.83611864553112e+18,2024-09-17,NEG,not ironic,
22958411,16035,16035,1.836118643458892e+18,2024-09-17,NEG,not ironic,
22958412,16036,16036,1.8361186428929024e+18,2024-09-17,NEU,not ironic,
22958413,16037,16037,1.836118641974076e+18,2024-09-17,NEU,not ironic,
22958414,16038,16038,1.836118641164849e+18,2024-09-17,NEG,not ironic,
22958415,16039,16039,1.836118640199909e+18,2024-09-17,NEG,not ironic,
22958416,16040,16040,1.8361186384637545e+18,2024-09-17,NEG,not ironic,
22958417,16041,16041,1.836118637016384e+18,2024-09-17,NEG,not ironic,
22958418,16042,16042,1.8361186368195505e+18,2024-09-17,NEU,ironic,
22958419,16043,16043,1.8361186367227825e+18,2024-09-17,NEG,ironic,
22958420,16044,16044,1.836118634567025e+18,2024-09-17,NEU,not ironic,
22958421,16045,16045,1.8361186344497684e+18,2024-09-17,NEG,ironic,
22958422,16046,16046,1.8361186340762053e+18,2024-09-17,NEU,not ironic,
22958423,16047,16047,1.836118634067796e+18,2024-09-17,NEG,ironic,
22958424,16048,16048,1.836118633870746e+18,2024-09-17,NEG,ironic,
22958425,16049,16049,1.8361186338539889e+18,2024-09-17,NEU,not ironic,
22958426,16050,16050,1.836118632511988e+18,2024-09-17,NEG,ironic,
22958427,16051,16051,1.8361186308175007e+18,2024-09-17,NEU,not ironic,
22958428,16052,16052,1.8361186291731287e+18,2024-09-17,NEG,ironic,
22958429,16053,16053,1.8361186290936755e+18,2024-09-17,NEG,not ironic,
22958430,16054,16054,1.8361186287788e+18,2024-09-17,NEG,ironic,
22958431,16055,16055,1.836118628745233e+18,2024-09-17,NEG,ironic,
22958432,16056,16056,1.8361186285314048e+18,2024-09-17,NEG,not ironic,
22958433,16057,16057,1.83611862844772e+18,2024-09-17,NEU,not ironic,
22958434,16058,16058,1.8361186270510167e+18,2024-09-17,NEG,ironic,
22958435,16059,16059,1.836118626748817e+18,2024-09-17,POS,ironic,
22958436,16060,16060,1.836118626249904e+18,2024-09-17,NEU,not ironic,
22958437,16061,16061,1.8361186262415767e+18,2024-09-17,NEG,not ironic,
22958438,16062,16062,1.8361186259941253e+18,2024-09-17,NEG,not ironic,
22958439,16063,16063,1.8361186254949297e+18,2024-09-17,NEG,not ironic,
22958440,16064,16064,1.8361186249832243e+18,2024-09-17,NEU,ironic,
22958441,16065,16065,1.8361186228690908e+18,2024-09-17,NEU,not ironic,
22958442,16066,16066,1.8361186204153608e+18,2024-09-17,NEG,not ironic,
22958443,16067,16067,1.8361186201136663e+18,2024-09-17,NEU,ironic,
22958444,16068,16068,1.836118618544714e+18,2024-09-17,NEU,not ironic,
22958445,16069,16069,1.83611861732862e+18,2024-09-17,NEG,ironic,
22958446,16070,16070,1.836118617227752e+18,2024-09-17,NEU,not ironic,
22958447,16071,16071,1.836118616229528e+18,2024-09-17,POS,not ironic,
22958448,16072,16072,1.836118616057492e+18,2024-09-17,NEU,not ironic,
22958449,16073,16073,1.8361186159319163e+18,2024-09-17,NEG,ironic,
22958450,16074,16074,1.8361186158857628e+18,2024-09-17,NEU,not ironic,
22958451,16075,16075,1.8361186143294628e+18,2024-09-17,NEG,not ironic,
22958452,16076,16076,1.8361186137886272e+18,2024-09-17,NEG,not ironic,
22958453,16077,16077,1.836118612760748e+18,2024-09-17,NEG,not ironic,
22958454,16078,16078,1.8361186122996905e+18,2024-09-17,NEG,ironic,
22958455,16079,16079,1.836118611104076e+18,2024-09-17,POS,not ironic,
22958456,16080,16080,1.836118610571596e+18,2024-09-17,POS,not ironic,
22958457,16081,16081,1.8361186082185912e+18,2024-09-17,NEU,ironic,
22958458,16082,16082,1.8361186060753016e+18,2024-09-17,NEG,ironic,
22958459,16083,16083,1.8361186060625183e+18,2024-09-17,POS,not ironic,
22958460,16084,16084,1.8361186049260623e+18,2024-09-17,NEU,ironic,
22958461,16085,16085,1.8361186003794373e+18,2024-09-17,NEU,ironic,
22958462,16086,16086,1.8361185990454152e+18,2024-09-17,NEG,not ironic,
22958463,16087,16087,1.8361185970657403e+18,2024-09-17,NEU,not ironic,
22958464,16088,16088,1.836118596604564e+18,2024-09-17,POS,not ironic,
22958465,16089,16089,1.836118596499464e+18,2024-09-17,NEU,not ironic,
22958466,16090,16090,1.836118594931077e+18,2024-09-17,NEU,ironic,
22958467,16091,16091,1.8361185931400684e+18,2024-09-17,NEU,not ironic,
22958468,16092,16092,1.83611859191928e+18,2024-09-17,NEG,not ironic,
22958469,16093,16093,1.836118591844012e+18,2024-09-17,NEG,not ironic,
22958470,16094,16094,1.836118591688606e+18,2024-09-17,POS,not ironic,
22958471,16095,16095,1.8361185905731543e+18,2024-09-17,NEG,not ironic,
22958472,16096,16096,1.836118587045745e+18,2024-09-17,POS,not ironic,
22958473,16097,16097,1.836118586919678e+18,2024-09-17,NEG,not ironic,
22958474,16098,16098,1.8361185861859656e+18,2024-09-17,NEG,not ironic,
22958475,16099,16099,1.83611858609762e+18,2024-09-17,NEU,not ironic,
22958476,16100,16100,1.8361185859007e+18,2024-09-17,NEG,not ironic,
22958477,16101,16101,1.8361185855061527e+18,2024-09-17,NEG,not ironic,
22958478,16102,16102,1.836118585028285e+18,2024-09-17,NEU,ironic,
22958479,16103,16103,1.8361185847011784e+18,2024-09-17,NEG,ironic,
22958480,16104,16104,1.83611858431112e+18,2024-09-17,NEG,not ironic,
22958481,16105,16105,1.8361185837448689e+18,2024-09-17,NEU,not ironic,
22958482,16106,16106,1.836118582662464e+18,2024-09-17,NEG,not ironic,
22958483,16107,16107,1.8361185809217905e+18,2024-09-17,NEG,ironic,
22958484,16108,16108,1.8361185806242647e+18,2024-09-17,NEG,ironic,
22958485,16109,16109,1.8361185760524736e+18,2024-09-17,POS,not ironic,
22958486,16110,16110,1.83611857601892e+18,2024-09-17,NEG,ironic,
22958487,16111,16111,1.8361185749074657e+18,2024-09-17,POS,ironic,
22958488,16112,16112,1.83611857426156e+18,2024-09-17,NEU,not ironic,
22958489,16113,16113,1.8361185739175736e+18,2024-09-17,NEG,not ironic,
22958490,16114,16114,1.83611857171556e+18,2024-09-17,NEG,ironic,
22958491,16115,16115,1.8361185695006968e+18,2024-09-17,NEU,ironic,
22958492,16116,16116,1.8361185675587384e+18,2024-09-17,POS,not ironic,
22958493,16117,16117,1.836118567240241e+18,2024-09-17,NEG,not ironic,
22958494,16118,16118,1.8361185664642952e+18,2024-09-17,NEG,ironic,
22958495,16119,16119,1.836118566094918e+18,2024-09-17,NEG,ironic,
22958496,16120,16120,1.8361185657177088e+18,2024-09-17,NEU,not ironic,
22958497,16121,16121,1.8361185654406185e+18,2024-09-17,NEU,not ironic,
22958498,16122,16122,1.8361185631046577e+18,2024-09-17,NEG,ironic,
22958499,16123,16123,1.836118562047505e+18,2024-09-17,NEG,ironic,
22958500,16124,16124,1.8361185619384404e+18,2024-09-17,NEG,not ironic,
22958501,16125,16125,1.8361185606801577e+18,2024-09-17,NEG,not ironic,
22958502,16126,16126,1.8361185601896164e+18,2024-09-17,NEG,not ironic,
22958503,16127,16127,1.8361185601225075e+18,2024-09-17,NEU,not ironic,
22958504,16128,16128,1.8361185599796265e+18,2024-09-17,NEG,not ironic,
22958505,16129,16129,1.836118559979606e+18,2024-09-17,NEG,not ironic,
22958506,16130,16130,1.8361185596737167e+18,2024-09-17,NEU,not ironic,
22958507,16131,16131,1.8361185592836467e+18,2024-09-17,NEG,ironic,
22958508,16132,16132,1.836118559253996e+18,2024-09-17,NEU,not ironic,
22958509,16133,16133,1.8361185591702203e+18,2024-09-17,NEG,not ironic,
22958510,16134,16134,1.8361185589814643e+18,2024-09-17,POS,not ironic,
22958511,16135,16135,1.83611855895226e+18,2024-09-17,NEU,ironic,
22958512,16136,16136,1.8361185565822285e+18,2024-09-17,NEG,not ironic,
22958513,16137,16137,1.8361185563725908e+18,2024-09-17,NEU,not ironic,
22958514,16138,16138,1.83611855572668e+18,2024-09-17,NEG,ironic,
22958515,16139,16139,1.83611855257675e+18,2024-09-17,NEG,not ironic,
22958516,16140,16140,1.8361185518930125e+18,2024-09-17,POS,not ironic,
22958517,16141,16141,1.8361185496364608e+18,2024-09-17,POS,ironic,
22958518,16142,16142,1.836118549477348e+18,2024-09-17,NEU,not ironic,
22958519,16143,16143,1.836118548164358e+18,2024-09-17,NEG,ironic,
22958520,16144,16144,1.8361185481601065e+18,2024-09-17,NEG,not ironic,
22958521,16145,16145,1.8361185478916503e+18,2024-09-17,NEG,not ironic,
22958522,16146,16146,1.8361185476694016e+18,2024-09-17,NEU,not ironic,
22958523,16147,16147,1.83611854597512e+18,2024-09-17,NEU,ironic,
22958524,16148,16148,1.836118545261896e+18,2024-09-17,NEU,not ironic,
22958525,16149,16149,1.8361185452118223e+18,2024-09-17,NEG,not ironic,
22958526,16150,16150,1.836118544041292e+18,2024-09-17,NEU,ironic,
22958527,16151,16151,1.836118542971712e+18,2024-09-17,NEU,ironic,
22958528,16152,16152,1.8361185427580887e+18,2024-09-17,NEU,not ironic,
22958529,16153,16153,1.836118542481265e+18,2024-09-17,NEG,not ironic,
22958530,16154,16154,1.83611854235963e+18,2024-09-17,NEG,not ironic,
22958531,16155,16155,1.836118542074417e+18,2024-09-17,NEG,not ironic,
22958532,16156,16156,1.8361185419693133e+18,2024-09-17,NEU,not ironic,
22958533,16157,16157,1.8361185418979607e+18,2024-09-17,NEU,not ironic,
22958534,16158,16158,1.836118540694524e+18,2024-09-17,NEU,not ironic,
22958535,16159,16159,1.8361185400947057e+18,2024-09-17,NEU,ironic,
22958536,16160,16160,1.836118539389784e+18,2024-09-17,NEG,not ironic,
22958537,16161,16161,1.8361185389161065e+18,2024-09-17,NEG,not ironic,
22958538,16162,16162,1.8361185388612813e+18,2024-09-17,POS,not ironic,
22958539,16163,16163,1.836118536923624e+18,2024-09-17,NEU,not ironic,
22958540,16164,16164,1.8361185367180943e+18,2024-09-17,NEU,not ironic,
22958541,16165,16165,1.8361185354935544e+18,2024-09-17,NEG,not ironic,
22958542,16166,16166,1.8361185350825613e+18,2024-09-17,NEU,not ironic,
22958543,16167,16167,1.8361185341846733e+18,2024-09-17,NEG,not ironic,
22958544,16168,16168,1.8361185333964024e+18,2024-09-17,POS,not ironic,
22958545,16169,16169,1.8361185326792376e+18,2024-09-17,NEU,ironic,
22958546,16170,16170,1.8361185325363569e+18,2024-09-17,NEG,ironic,
22958547,16171,16171,1.8361185306617165e+18,2024-09-17,NEG,not ironic,
22958548,16172,16172,1.836118529344676e+18,2024-09-17,NEG,not ironic,
22958549,16173,16173,1.8361185288914289e+18,2024-09-17,NEG,not ironic,
22958550,16174,16174,1.8361185284762417e+18,2024-09-17,POS,not ironic,
22958551,16175,16175,1.8361185272137608e+18,2024-09-17,NEU,ironic,
22958552,16176,16176,1.836118525984829e+18,2024-09-17,NEU,not ironic,
22958553,16177,16177,1.8361185258969864e+18,2024-09-17,NEG,ironic,
22958554,16178,16178,1.836118525678592e+18,2024-09-17,NEU,not ironic,
22958555,16179,16179,1.836118525032768e+18,2024-09-17,POS,ironic,
22958556,16180,16180,1.8361185247058616e+18,2024-09-17,NEU,ironic,
22958557,16181,16181,1.8361185246216973e+18,2024-09-17,NEG,ironic,
22958558,16182,16182,1.836118523195609e+18,2024-09-17,NEG,not ironic,
22958559,16183,16183,1.8361185217446464e+18,2024-09-17,NEG,not ironic,
22958560,16184,16184,1.8361185211361528e+18,2024-09-17,POS,not ironic,
22958561,16185,16185,1.836118520574415e+18,2024-09-17,NEG,not ironic,
22958562,16186,16186,1.836118517411709e+18,2024-09-17,NEG,not ironic,
22958563,16187,16187,1.836118517160252e+18,2024-09-17,NEG,ironic,
22958564,16188,16188,1.8361185170847544e+18,2024-09-17,NEG,ironic,
22958565,16189,16189,1.8361185167617928e+18,2024-09-17,NEU,ironic,
22958566,16190,16190,1.8361185162960325e+18,2024-09-17,NEG,ironic,
22958567,16191,16191,1.8361185139807764e+18,2024-09-17,NEU,not ironic,
22958568,16192,16192,1.8361185127353144e+18,2024-09-17,NEG,not ironic,
22958569,16193,16193,1.8361185126723256e+18,2024-09-17,POS,ironic,
22958570,16194,16194,1.8361185107304607e+18,2024-09-17,NEG,not ironic,
22958571,16195,16195,1.8361185102058417e+18,2024-09-17,NEU,not ironic,
22958572,16196,16196,1.8361185095518533e+18,2024-09-17,POS,ironic,
22958573,16197,16197,1.836118508901376e+18,2024-09-17,NEU,ironic,
22958574,16198,16198,1.8361185074460183e+18,2024-09-17,NEG,not ironic,
22958575,16199,16199,1.836118506129232e+18,2024-09-17,NEU,not ironic,
22958576,16200,16200,1.8361185056384988e+18,2024-09-17,NEG,ironic,
22958577,16201,16201,1.836118504455729e+18,2024-09-17,NEU,not ironic,
22958578,16202,16202,1.8361185040908567e+18,2024-09-17,NEU,ironic,
22958579,16203,16203,1.836118501934928e+18,2024-09-17,NEU,not ironic,
22958580,16204,16204,1.8361185001018e+18,2024-09-17,NEU,ironic,
22958581,16205,16205,1.8361184976313423e+18,2024-09-17,NEU,ironic,
22958582,16206,16206,1.836118494569456e+18,2024-09-17,NEG,not ironic,
22958583,16207,16207,1.836118494057755e+18,2024-09-17,POS,ironic,
22958584,16208,16208,1.836118493466628e+18,2024-09-17,NEU,not ironic,
22958585,16209,16209,1.83611849313498e+18,2024-09-17,POS,not ironic,
22958586,16210,16210,1.836118491612746e+18,2024-09-17,NEG,ironic,
22958587,16211,16211,1.8361184902157768e+18,2024-09-17,NEG,ironic,
22958588,16212,16212,1.8361184900564585e+18,2024-09-17,NEU,not ironic,
22958589,16213,16213,1.8361184900105216e+18,2024-09-17,NEG,ironic,
22958590,16214,16214,1.8361184899432328e+18,2024-09-17,POS,not ironic,
22958591,16215,16215,1.836118489066799e+18,2024-09-17,NEU,not ironic,
22958592,16216,16216,1.8361184887897047e+18,2024-09-17,NEU,not ironic,
22958593,16217,16217,1.8361184887858296e+18,2024-09-17,NEG,not ironic,
22958594,16218,16218,1.836118488383128e+18,2024-09-17,NEG,not ironic,
22958595,16219,16219,1.836118487694992e+18,2024-09-17,POS,not ironic,
22958596,16220,16220,1.836118487342748e+18,2024-09-17,NEG,not ironic,
22958597,16221,16221,1.8361184846586148e+18,2024-09-17,NEU,ironic,
22958598,16222,16222,1.8361184845370125e+18,2024-09-17,NEU,not ironic,
22958599,16223,16223,1.836118481240236e+18,2024-09-17,NEG,ironic,
22958600,16224,16224,1.8361184792099315e+18,2024-09-17,NEG,not ironic,
22958601,16225,16225,1.8361184791135155e+18,2024-09-17,NEG,not ironic,
22958602,16226,16226,1.8361184778805944e+18,2024-09-17,POS,ironic,
22958603,16227,16227,1.8361184775408435e+18,2024-09-17,NEU,not ironic,
22958604,16228,16228,1.8361184768652943e+18,2024-09-17,NEG,not ironic,
22958605,16229,16229,1.83611847593416e+18,2024-09-17,NEG,ironic,
22958606,16230,16230,1.836118474860716e+18,2024-09-17,POS,ironic,
22958607,16231,16231,1.8361184740553887e+18,2024-09-17,NEU,ironic,
22958608,16232,16232,1.836118473459852e+18,2024-09-17,NEG,ironic,
22958609,16233,16233,1.8361184718447987e+18,2024-09-17,POS,not ironic,
22958610,16234,16234,1.836118471081628e+18,2024-09-17,NEG,not ironic,
22958611,16235,16235,1.836118470699651e+18,2024-09-17,NEG,not ironic,
22958612,16236,16236,1.83611847019663e+18,2024-09-17,NEG,ironic,
22958613,16237,16237,1.8361184680782195e+18,2024-09-17,NEU,ironic,
22958614,16238,16238,1.8361184680279409e+18,2024-09-17,NEG,ironic,
22958615,16239,16239,1.8361184678058765e+18,2024-09-17,NEU,not ironic,
22958616,16240,16240,1.836118467801489e+18,2024-09-17,NEG,not ironic,
22958617,16241,16241,1.8361184674323213e+18,2024-09-17,NEG,not ironic,
22958618,16242,16242,1.836118466967004e+18,2024-09-17,NEG,not ironic,
22958619,16243,16243,1.8361184667531064e+18,2024-09-17,NEG,not ironic,
22958620,16244,16244,1.8361184665263145e+18,2024-09-17,NEU,ironic,
22958621,16245,16245,1.836118466203472e+18,2024-09-17,NEU,not ironic,
22958622,16246,16246,1.8361184650753848e+18,2024-09-17,NEU,not ironic,
22958623,16247,16247,1.8361184646011576e+18,2024-09-17,POS,ironic,
22958624,16248,16248,1.836118464592839e+18,2024-09-17,POS,not ironic,
22958625,16249,16249,1.8361184638377697e+18,2024-09-17,NEG,not ironic,
22958626,16250,16250,1.8361184636787185e+18,2024-09-17,NEU,not ironic,
22958627,16251,16251,1.836118463091249e+18,2024-09-17,NEG,not ironic,
22958628,16252,16252,1.8361184630117875e+18,2024-09-17,NEG,ironic,
22958629,16253,16253,1.836118462730826e+18,2024-09-17,NEU,ironic,
22958630,16254,16254,1.8361184623152333e+18,2024-09-17,NEG,not ironic,
22958631,16255,16255,1.836118461862548e+18,2024-09-17,NEG,ironic,
22958632,16256,16256,1.8361184599373624e+18,2024-09-17,NEG,not ironic,
22958633,16257,16257,1.8361184575214428e+18,2024-09-17,NEU,not ironic,
22958634,16258,16258,1.8361184574037489e+18,2024-09-17,NEG,ironic,
22958635,16259,16259,1.8361184556549773e+18,2024-09-17,NEU,ironic,
22958636,16260,16260,1.8361184555708367e+18,2024-09-17,NEU,ironic,
22958637,16261,16261,1.8361184554746227e+18,2024-09-17,NEG,not ironic,
22958638,16262,16262,1.836118455428518e+18,2024-09-17,NEG,not ironic,
22958639,16263,16263,1.836118455361127e+18,2024-09-17,NEU,not ironic,
22958640,16264,16264,1.8361184552774943e+18,2024-09-17,NEU,not ironic,
22958641,16265,16265,1.8361184552226944e+18,2024-09-17,NEG,not ironic,
22958642,16266,16266,1.8361184547657887e+18,2024-09-17,POS,not ironic,
22958643,16267,16267,1.8361184546357453e+18,2024-09-17,NEU,not ironic,
22958644,16268,16268,1.836118454383805e+18,2024-09-17,NEU,ironic,
22958645,16269,16269,1.8361184540989484e+18,2024-09-17,NEG,ironic,
22958646,16270,16270,1.836118453549437e+18,2024-09-17,NEU,not ironic,
22958647,16271,16271,1.836118453083648e+18,2024-09-17,NEU,not ironic,
22958648,16272,16272,1.8361184525215872e+18,2024-09-17,NEU,not ironic,
22958649,16273,16273,1.8361184517414167e+18,2024-09-17,NEU,ironic,
22958650,16274,16274,1.83611845073506e+18,2024-09-17,POS,ironic,
22958651,16275,16275,1.8361184491160576e+18,2024-09-17,NEU,not ironic,
22958652,16276,16276,1.836118448587576e+18,2024-09-17,NEU,not ironic,
22958653,16277,16277,1.836118448306557e+18,2024-09-17,NEG,not ironic,
22958654,16278,16278,1.836118447748424e+18,2024-09-17,NEU,not ironic,
22958655,16279,16279,1.836118446335284e+18,2024-09-17,POS,ironic,
22958656,16280,16280,1.8361184455255288e+18,2024-09-17,NEG,not ironic,
22958657,16281,16281,1.836118445156401e+18,2024-09-17,NEG,ironic,
22958658,16282,16282,1.836118444485349e+18,2024-09-17,NEU,not ironic,
22958659,16283,16283,1.836118443000464e+18,2024-09-17,NEG,ironic,
22958660,16284,16284,1.8361184427404984e+18,2024-09-17,NEG,ironic,
22958661,16285,16285,1.8361184401693903e+18,2024-09-17,NEG,ironic,
22958662,16286,16286,1.83611843983408e+18,2024-09-17,NEG,ironic,
22958663,16287,16287,1.8361184385380232e+18,2024-09-17,NEG,ironic,
22958664,16288,16288,1.8361184381185928e+18,2024-09-17,NEG,ironic,
22958665,16289,16289,1.836118437178844e+18,2024-09-17,NEG,ironic,
22958666,16290,16290,1.8361184360001943e+18,2024-09-17,POS,not ironic,
22958667,16291,16291,1.8361184355179195e+18,2024-09-17,NEU,ironic,
22958668,16292,16292,1.8361184350983951e+18,2024-09-17,NEU,not ironic,
22958669,16293,16293,1.8361184340627008e+18,2024-09-17,NEG,ironic,
22958670,16294,16294,1.836118433924072e+18,2024-09-17,NEG,ironic,
22958671,16295,16295,1.836118433068462e+18,2024-09-17,NEG,ironic,
22958672,16296,16296,1.8361184330600369e+18,2024-09-17,NEG,not ironic,
22958673,16297,16297,1.8361184327957548e+18,2024-09-17,NEU,not ironic,
22958674,16298,16298,1.836118431843697e+18,2024-09-17,NEU,not ironic,
22958675,16299,16299,1.8361184317097288e+18,2024-09-17,NEG,not ironic,
22958676,16300,16300,1.8361184316130468e+18,2024-09-17,POS,not ironic,
22958677,16301,16301,1.8361184310467297e+18,2024-09-17,POS,not ironic,
22958678,16302,16302,1.8361184301032776e+18,2024-09-17,NEG,not ironic,
22958679,16303,16303,1.8361184257621768e+18,2024-09-17,NEG,ironic,
22958680,16304,16304,1.83611842406348e+18,2024-09-17,NEG,not ironic,
22958681,16305,16305,1.8361184237321293e+18,2024-09-17,NEU,not ironic,
22958682,16306,16306,1.8361184219493253e+18,2024-09-17,POS,ironic,
22958683,16307,16307,1.8361184214291743e+18,2024-09-17,NEU,not ironic,
22958684,16308,16308,1.836118419982168e+18,2024-09-17,NEG,ironic,
22958685,16309,16309,1.836118419608945e+18,2024-09-17,NEG,not ironic,
22958686,16310,16310,1.8361184168448576e+18,2024-09-17,NEU,not ironic,
22958687,16311,16311,1.8361184163249687e+18,2024-09-17,NEG,ironic,
22958688,16312,16312,1.8361184162366671e+18,2024-09-17,NEG,not ironic,
22958689,16313,16313,1.836118415401972e+18,2024-09-17,NEG,not ironic,
22958690,16314,16314,1.836118414194e+18,2024-09-17,POS,not ironic,
22958691,16315,16315,1.8361184138839045e+18,2024-09-17,NEG,not ironic,
22958692,16316,16316,1.836118413107958e+18,2024-09-17,NEU,not ironic,
22958693,16317,16317,1.8361184130324524e+18,2024-09-17,NEU,not ironic,
22958694,16318,16318,1.8361184117697416e+18,2024-09-17,NEG,not ironic,
22958695,16319,16319,1.836118411388048e+18,2024-09-17,POS,ironic,
22958696,16320,16320,1.8361184103478643e+18,2024-09-17,NEG,not ironic,
22958697,16321,16321,1.8361184103310792e+18,2024-09-17,NEG,not ironic,
22958698,16322,16322,1.836118409852977e+18,2024-09-17,NEU,not ironic,
22958699,16323,16323,1.836118407646978e+18,2024-09-17,NEG,not ironic,
22958700,16324,16324,1.8361184051721303e+18,2024-09-17,NEG,not ironic,
22958701,16325,16325,1.836118402458358e+18,2024-09-17,NEU,not ironic,
22958702,16326,16326,1.8361184020976847e+18,2024-09-17,NEG,not ironic,
22958703,16327,16327,1.8361184019131315e+18,2024-09-17,POS,not ironic,
22958704,16328,16328,1.8361184006464023e+18,2024-09-17,NEG,not ironic,
22958705,16329,16329,1.8361184003654497e+18,2024-09-17,NEU,not ironic,
22958706,16330,16330,1.836118398574461e+18,2024-09-17,NEG,not ironic,
22958707,16331,16331,1.836118397232284e+18,2024-09-17,NEG,not ironic,
22958708,16332,16332,1.8361183964188265e+18,2024-09-17,NEU,not ironic,
22958709,16333,16333,1.836118396124975e+18,2024-09-17,NEG,ironic,
22958710,16334,16334,1.8361183958355889e+18,2024-09-17,NEG,not ironic,
22958711,16335,16335,1.8361183953115423e+18,2024-09-17,NEG,not ironic,
22958712,16336,16336,1.8361183951102e+18,2024-09-17,NEU,not ironic,
22958713,16337,16337,1.8361183947827853e+18,2024-09-17,NEG,not ironic,
22958714,16338,16338,1.8361183945605568e+18,2024-09-17,POS,not ironic,
22958715,16339,16339,1.836118393428284e+18,2024-09-17,NEU,ironic,
22958716,16340,16340,1.8361183931218537e+18,2024-09-17,POS,not ironic,
22958717,16341,16341,1.8361183928450665e+18,2024-09-17,NEG,not ironic,
22958718,16342,16342,1.836118392220144e+18,2024-09-17,NEG,ironic,
22958719,16343,16343,1.8361183915911785e+18,2024-09-17,POS,ironic,
22958720,16344,16344,1.8361183913562767e+18,2024-09-17,NEG,not ironic,
22958721,16345,16345,1.8361183913353093e+18,2024-09-17,NEG,not ironic,
22958722,16346,16346,1.8361183912092347e+18,2024-09-17,POS,ironic,
22958723,16347,16347,1.8361183912050767e+18,2024-09-17,NEU,not ironic,
22958724,16348,16348,1.836118391125406e+18,2024-09-17,NEU,not ironic,
22958725,16349,16349,1.8361183909702203e+18,2024-09-17,NEU,not ironic,
22958726,16350,16350,1.8361183906810355e+18,2024-09-17,NEG,not ironic,
22958727,16351,16351,1.8361183904125627e+18,2024-09-17,NEG,ironic,
22958728,16352,16352,1.836118390315921e+18,2024-09-17,NEG,not ironic,
22958729,16353,16353,1.83611839009362e+18,2024-09-17,NEU,ironic,
22958730,16354,16354,1.836118389213008e+18,2024-09-17,NEG,not ironic,
22958731,16355,16355,1.836118387631756e+18,2024-09-17,NEG,not ironic,
22958732,16356,16356,1.8361183874640364e+18,2024-09-17,NEU,not ironic,
22958733,16357,16357,1.8361183868432264e+18,2024-09-17,NEU,not ironic,
22958734,16358,16358,1.8361183865454267e+18,2024-09-17,NEU,not ironic,
22958735,16359,16359,1.836118384976516e+18,2024-09-17,NEG,not ironic,
22958736,16360,16360,1.8361183849010668e+18,2024-09-17,POS,ironic,
22958737,16361,16361,1.8361183834836544e+18,2024-09-17,NEU,ironic,
22958738,16362,16362,1.83611838226276e+18,2024-09-17,NEG,not ironic,
22958739,16363,16363,1.8361183817930588e+18,2024-09-17,NEG,ironic,
22958740,16364,16364,1.836118381725992e+18,2024-09-17,NEG,not ironic,
22958741,16365,16365,1.8361183814116111e+18,2024-09-17,NEU,not ironic,
22958742,16366,16366,1.8361183799436447e+18,2024-09-17,POS,ironic,
22958743,16367,16367,1.8361183792134884e+18,2024-09-17,NEG,ironic,
22958744,16368,16368,1.8361183775106665e+18,2024-09-17,NEG,ironic,
22958745,16369,16369,1.8361183774771528e+18,2024-09-17,NEG,ironic,
22958746,16370,16370,1.8361183772464407e+18,2024-09-17,NEU,not ironic,
22958747,16371,16371,1.836118377179308e+18,2024-09-17,NEU,not ironic,
22958748,16372,16372,1.8361183767767163e+18,2024-09-17,NEG,ironic,
22958749,16373,16373,1.8361183756863767e+18,2024-09-17,NEG,not ironic,
22958750,16374,16374,1.8361183744026872e+18,2024-09-17,NEU,not ironic,
22958751,16375,16375,1.836118374151324e+18,2024-09-17,NEU,not ironic,
22958752,16376,16376,1.8361183724315807e+18,2024-09-17,NEG,not ironic,
22958753,16377,16377,1.83611837215058e+18,2024-09-17,NEU,ironic,
22958754,16378,16378,1.8361183718818447e+18,2024-09-17,NEG,not ironic,
22958755,16379,16379,1.8361183717563151e+18,2024-09-17,NEU,not ironic,
22958756,16380,16380,1.836118370778744e+18,2024-09-17,NEG,not ironic,
22958757,16381,16381,1.8361183688829463e+18,2024-09-17,NEG,not ironic,
22958758,16382,16382,1.836118368610587e+18,2024-09-17,NEG,not ironic,
22958759,16383,16383,1.836118368434479e+18,2024-09-17,NEG,not ironic,
22958760,16384,16384,1.8361183673604388e+18,2024-09-17,NEU,not ironic,
22958761,16385,16385,1.8361183647727987e+18,2024-09-17,NEU,not ironic,
22958762,16386,16386,1.8361183646508933e+18,2024-09-17,NEG,ironic,
22958763,16387,16387,1.8361183645379177e+18,2024-09-17,NEG,not ironic,
22958764,16388,16388,1.8361183637242225e+18,2024-09-17,NEG,ironic,
22958765,16389,16389,1.836118363648455e+18,2024-09-17,NEG,ironic,
22958766,16390,16390,1.8361183619790927e+18,2024-09-17,NEG,not ironic,
22958767,16391,16391,1.8361183605866253e+18,2024-09-17,NEU,not ironic,
22958768,16392,16392,1.836118358783308e+18,2024-09-17,NEG,ironic,
22958769,16393,16393,1.836118357394744e+18,2024-09-17,NEU,not ironic,
22958770,16394,16394,1.836118355536913e+18,2024-09-17,NEG,not ironic,
22958771,16395,16395,1.8361183553146432e+18,2024-09-17,NEU,ironic,
22958772,16396,16396,1.836118354689692e+18,2024-09-17,NEU,not ironic,
22958773,16397,16397,1.8361183535066404e+18,2024-09-17,NEG,not ironic,
22958774,16398,16398,1.83611835298236e+18,2024-09-17,NEU,not ironic,
22958775,16399,16399,1.8361183527729032e+18,2024-09-17,NEG,ironic,
22958776,16400,16400,1.836118352521028e+18,2024-09-17,NEG,ironic,
22958777,16401,16401,1.83611835101522e+18,2024-09-17,NEG,not ironic,
22958778,16402,16402,1.8361183495348923e+18,2024-09-17,NEG,not ironic,
22958779,16403,16403,1.836118349408829e+18,2024-09-17,NEU,ironic,
22958780,16404,16404,1.8361183486163028e+18,2024-09-17,NEU,ironic,
22958781,16405,16405,1.8361183468000087e+18,2024-09-17,NEG,not ironic,
22958782,16406,16406,1.8361183465148088e+18,2024-09-17,NEU,ironic,
22958783,16407,16407,1.8361183457052552e+18,2024-09-17,NEG,not ironic,
22958784,16408,16408,1.8361183447323853e+18,2024-09-17,NEG,ironic,
22958785,16409,16409,1.836118344560448e+18,2024-09-17,NEU,not ironic,
22958786,16410,16410,1.8361183444640568e+18,2024-09-17,NEG,not ironic,
22958787,16411,16411,1.836118344325272e+18,2024-09-17,NEU,not ironic,
22958788,16412,16412,1.8361183423456013e+18,2024-09-17,NEU,not ironic,
22958789,16413,16413,1.8361183422075008e+18,2024-09-17,NEG,ironic,
22958790,16414,16414,1.8361183413096328e+18,2024-09-17,POS,ironic,
22958791,16415,16415,1.8361183409911035e+18,2024-09-17,POS,not ironic,
22958792,16416,16416,1.8361183403155704e+18,2024-09-17,NEU,not ironic,
22958793,16417,16417,1.8361183397412493e+18,2024-09-17,NEU,ironic,
22958794,16418,16418,1.8361183388603889e+18,2024-09-17,NEG,ironic,
22958795,16419,16419,1.8361183382522511e+18,2024-09-17,NEG,not ironic,
22958796,16420,16420,1.8361183366835328e+18,2024-09-17,NEU,ironic,
22958797,16421,16421,1.8361183360415951e+18,2024-09-17,NEG,ironic,
22958798,16422,16422,1.836118335915988e+18,2024-09-17,NEU,ironic,
22958799,16423,16423,1.8361183325815155e+18,2024-09-17,NEG,not ironic,
22958800,16424,16424,1.836118332178862e+18,2024-09-17,NEU,not ironic,
22958801,16425,16425,1.8361183313861225e+18,2024-09-17,NEG,ironic,
22958802,16426,16426,1.8361183302786127e+18,2024-09-17,POS,not ironic,
22958803,16427,16427,1.83611833014442e+18,2024-09-17,NEU,not ironic,
22958804,16428,16428,1.836118329221878e+18,2024-09-17,NEG,not ironic,
22958805,16429,16429,1.8361183281395223e+18,2024-09-17,NEG,not ironic,
22958806,16430,16430,1.836118327963636e+18,2024-09-17,NEG,not ironic,
22958807,16431,16431,1.8361183270028657e+18,2024-09-17,POS,not ironic,
22958808,16432,16432,1.8361183246499023e+18,2024-09-17,NEG,ironic,
22958809,16433,16433,1.8361183242180728e+18,2024-09-17,NEG,not ironic,
22958810,16434,16434,1.8361183236098831e+18,2024-09-17,NEU,not ironic,
22958811,16435,16435,1.8361183229553912e+18,2024-09-17,POS,ironic,
22958812,16436,16436,1.8361183218524567e+18,2024-09-17,POS,ironic,
22958813,16437,16437,1.8361183216719503e+18,2024-09-17,NEG,not ironic,
22958814,16438,16438,1.8361183197721108e+18,2024-09-17,NEU,ironic,
22958815,16439,16439,1.8361183181948644e+18,2024-09-17,NEU,not ironic,
22958816,16440,16440,1.8361183168442168e+18,2024-09-17,NEG,ironic,
22958817,16441,16441,1.8361183149906207e+18,2024-09-17,NEG,ironic,
22958818,16442,16442,1.8361183130444764e+18,2024-09-17,NEG,ironic,
22958819,16443,16443,1.8361183103684813e+18,2024-09-17,NEG,not ironic,
22958820,16444,16444,1.8361183086528143e+18,2024-09-17,POS,not ironic,
22958821,16445,16445,1.8361183076167803e+18,2024-09-17,NEG,not ironic,
22958822,16446,16446,1.836118307109508e+18,2024-09-17,NEU,not ironic,
22958823,16447,16447,1.836118306887004e+18,2024-09-17,NEG,ironic,
22958824,16448,16448,1.8361183052010988e+18,2024-09-17,NEU,not ironic,
22958825,16449,16449,1.836118304651645e+18,2024-09-17,NEG,not ironic,
22958826,16450,16450,1.8361183039593352e+18,2024-09-17,POS,not ironic,
22958827,16451,16451,1.8361183039258424e+18,2024-09-17,NEU,not ironic,
22958828,16452,16452,1.8361183037038016e+18,2024-09-17,POS,ironic,
22958829,16453,16453,1.8361183034814344e+18,2024-09-17,NEG,not ironic,
22958830,16454,16454,1.8361183010988887e+18,2024-09-17,NEU,not ironic,
22958831,16455,16455,1.8361183010277545e+18,2024-09-17,NEG,ironic,
22958832,16456,16456,1.836118300503204e+18,2024-09-17,POS,ironic,
22958833,16457,16457,1.8361182980495808e+18,2024-09-17,NEU,not ironic,
22958834,16458,16458,1.8361182978315187e+18,2024-09-17,NEG,not ironic,
22958835,16459,16459,1.836118296892244e+18,2024-09-17,NEU,ironic,
22958836,16460,16460,1.836118293704508e+18,2024-09-17,NEG,not ironic,
22958837,16461,16461,1.836118293578449e+18,2024-09-17,NEU,not ironic,
22958838,16462,16462,1.8361182934528527e+18,2024-09-17,NEG,ironic,
22958839,16463,16463,1.8361182925172736e+18,2024-09-17,NEU,not ironic,
22958840,16464,16464,1.836118292161008e+18,2024-09-17,NEU,not ironic,
22958841,16465,16465,1.8361182906718129e+18,2024-09-17,NEU,not ironic,
22958842,16466,16466,1.8361182887969047e+18,2024-09-17,NEG,not ironic,
22958843,16467,16467,1.8361182883441915e+18,2024-09-17,NEU,not ironic,
22958844,16468,16468,1.836118288029426e+18,2024-09-17,NEU,ironic,
22958845,16469,16469,1.8361182862680105e+18,2024-09-17,POS,not ironic,
22958846,16470,16470,1.836118285521228e+18,2024-09-17,NEG,ironic,
22958847,16471,16471,1.8361182852824315e+18,2024-09-17,NEU,not ironic,
22958848,16472,16472,1.836118282337649e+18,2024-09-17,POS,not ironic,
22958849,16473,16473,1.836118281905681e+18,2024-09-17,NEG,not ironic,
22958850,16474,16474,1.8361182814442988e+18,2024-09-17,NEG,not ironic,
22958851,16475,16475,1.8361182782314545e+18,2024-09-17,NEG,not ironic,
22958852,16476,16476,1.836118277300335e+18,2024-09-17,NEG,ironic,
22958853,16477,16477,1.8361182762436244e+18,2024-09-17,NEG,not ironic,
22958854,16478,16478,1.8361182758616883e+18,2024-09-17,NEG,not ironic,
22958855,16479,16479,1.8361182755642168e+18,2024-09-17,NEU,ironic,
22958856,16480,16480,1.8361182747334656e+18,2024-09-17,NEG,ironic,
22958857,16481,16481,1.836118273760645e+18,2024-09-17,NEG,ironic,
22958858,16482,16482,1.8361182718857423e+18,2024-09-17,NEG,not ironic,
22958859,16483,16483,1.8361182714073167e+18,2024-09-17,NEG,not ironic,
22958860,16484,16484,1.836118269985469e+18,2024-09-17,NEU,not ironic,
22958861,16485,16485,1.836118269641605e+18,2024-09-17,NEU,not ironic,
22958862,16486,16486,1.8361182692892344e+18,2024-09-17,NEU,ironic,
22958863,16487,16487,1.836118269180498e+18,2024-09-17,NEG,ironic,
22958864,16488,16488,1.8361182691049884e+18,2024-09-17,NEU,not ironic,
22958865,16489,16489,1.836118268093809e+18,2024-09-17,NEU,not ironic,
22958866,16490,16490,1.8361182668526185e+18,2024-09-17,NEU,not ironic,
22958867,16491,16491,1.836118266663641e+18,2024-09-17,POS,not ironic,
22958868,16492,16492,1.8361182658459443e+18,2024-09-17,NEG,not ironic,
22958869,16493,16493,1.8361182650865167e+18,2024-09-17,NEG,not ironic,
22958870,16494,16494,1.836118264704828e+18,2024-09-17,NEG,not ironic,
22958871,16495,16495,1.8361182632200689e+18,2024-09-17,NEG,not ironic,
22958872,16496,16496,1.8361182624650488e+18,2024-09-17,NEU,not ironic,
22958873,16497,16497,1.836118261697528e+18,2024-09-17,NEU,ironic,
22958874,16498,16498,1.8361182610224952e+18,2024-09-17,NEG,ironic,
22958875,16499,16499,1.836118260334629e+18,2024-09-17,POS,ironic,
22958876,16500,16500,1.836118258757571e+18,2024-09-17,NEG,ironic,
22958877,16501,16501,1.8361182582668367e+18,2024-09-17,NEU,not ironic,
22958878,16502,16502,1.836118258120012e+18,2024-09-17,NEG,not ironic,
22958879,16503,16503,1.8361182578306447e+18,2024-09-17,NEG,not ironic,
22958880,16504,16504,1.8361182576836485e+18,2024-09-17,NEU,not ironic,
22958881,16505,16505,1.836118257654461e+18,2024-09-17,NEG,ironic,
22958882,16506,16506,1.8361182570756216e+18,2024-09-17,NEU,not ironic,
22958883,16507,16507,1.8361182562323825e+18,2024-09-17,NEG,not ironic,
22958884,16508,16508,1.8361182560480504e+18,2024-09-17,NEG,ironic,
22958885,16509,16509,1.8361182538795955e+18,2024-09-17,NEU,not ironic,
22958886,16510,16510,1.836118253556687e+18,2024-09-17,NEG,not ironic,
22958887,16511,16511,1.8361182531202376e+18,2024-09-17,POS,not ironic,
22958888,16512,16512,1.8361182529023224e+18,2024-09-17,NEG,not ironic,
22958889,16513,16513,1.8361182524155948e+18,2024-09-17,POS,not ironic,
22958890,16514,16514,1.836118250826142e+18,2024-09-17,NEG,not ironic,
22958891,16515,16515,1.8361182506245448e+18,2024-09-17,NEU,not ironic,
22958892,16516,16516,1.836118249886618e+18,2024-09-17,NEU,not ironic,
22958893,16517,16517,1.8361182493872456e+18,2024-09-17,NEU,not ironic,
22958894,16518,16518,1.836118248758076e+18,2024-09-17,NEG,not ironic,
22958895,16519,16519,1.836118246925226e+18,2024-09-17,NEG,ironic,
22958896,16520,16520,1.836118246610686e+18,2024-09-17,NEU,not ironic,
22958897,16521,16521,1.8361182463464248e+18,2024-09-17,NEG,not ironic,
22958898,16522,16522,1.8361182447485952e+18,2024-09-17,NEU,ironic,
22958899,16523,16523,1.8361182441194496e+18,2024-09-17,NEU,not ironic,
22958900,16524,16524,1.8361182437374807e+18,2024-09-17,NEG,not ironic,
22958901,16525,16525,1.8361182436913728e+18,2024-09-17,NEG,ironic,
22958902,16526,16526,1.83611824258014e+18,2024-09-17,NEG,not ironic,
22958903,16527,16527,1.83611824255078e+18,2024-09-17,NEG,ironic,
22958904,16528,16528,1.83611824185872e+18,2024-09-17,NEU,not ironic,
22958905,16529,16529,1.836118241170904e+18,2024-09-17,NEG,ironic,
22958906,16530,16530,1.8361182411540767e+18,2024-09-17,POS,not ironic,
22958907,16531,16531,1.8361182409066616e+18,2024-09-17,NEG,ironic,
22958908,16532,16532,1.8361182382261576e+18,2024-09-17,NEG,ironic,
22958909,16533,16533,1.836118237924463e+18,2024-09-17,NEG,not ironic,
22958910,16534,16534,1.836118237521809e+18,2024-09-17,NEU,not ironic,
22958911,16535,16535,1.836118236418524e+18,2024-09-17,NEG,not ironic,
22958912,16536,16536,1.836118236250936e+18,2024-09-17,NEG,ironic,
22958913,16537,16537,1.8361182360957952e+18,2024-09-17,NEG,ironic,
22958914,16538,16538,1.8361182349588977e+18,2024-09-17,NEG,ironic,
22958915,16539,16539,1.836118234824606e+18,2024-09-17,POS,not ironic,
22958916,16540,16540,1.8361182339524567e+18,2024-09-17,POS,not ironic,
22958917,16541,16541,1.8361182332727708e+18,2024-09-17,NEU,not ironic,
22958918,16542,16542,1.8361182332142592e+18,2024-09-17,NEG,ironic,
22958919,16543,16543,1.836118232740094e+18,2024-09-17,NEG,ironic,
22958920,16544,16544,1.836118232685552e+18,2024-09-17,NEG,not ironic,
22958921,16545,16545,1.836118232446452e+18,2024-09-17,NEG,ironic,
22958922,16546,16546,1.8361182321487007e+18,2024-09-17,NEG,ironic,
22958923,16547,16547,1.8361182319476204e+18,2024-09-17,NEG,not ironic,
22958924,16548,16548,1.8361182297620849e+18,2024-09-17,NEU,ironic,
22958925,16549,16549,1.8361182288896448e+18,2024-09-17,NEG,ironic,
22958926,16550,16550,1.8361182276861668e+18,2024-09-17,NEG,not ironic,
22958927,16551,16551,1.8361182265450824e+18,2024-09-17,NEU,not ironic,
22958928,16552,16552,1.8361182262810752e+18,2024-09-17,NEG,not ironic,
22958929,16553,16553,1.8361182261675336e+18,2024-09-17,NEU,ironic,
22958930,16554,16554,1.8361182258071183e+18,2024-09-17,NEU,not ironic,
22958931,16555,16555,1.8361182251819336e+18,2024-09-17,NEG,ironic,
22958932,16556,16556,1.8361182243010683e+18,2024-09-17,NEG,ironic,
22958933,16557,16557,1.8361182242213967e+18,2024-09-17,NEG,not ironic,
22958934,16558,16558,1.836118223617692e+18,2024-09-17,NEG,not ironic,
22958935,16559,16559,1.836118223562872e+18,2024-09-17,NEG,ironic,
22958936,16560,16560,1.8361182230763848e+18,2024-09-17,NEG,not ironic,
22958937,16561,16561,1.8361182213359903e+18,2024-09-17,NEU,ironic,
22958938,16562,16562,1.8361182207611576e+18,2024-09-17,NEG,not ironic,
22958939,16563,16563,1.836118219830236e+18,2024-09-17,NEU,not ironic,
22958940,16564,16564,1.836118218705969e+18,2024-09-17,NEG,not ironic,
22958941,16565,16565,1.8361182175692147e+18,2024-09-17,NEU,not ironic,
22958942,16566,16566,1.8361182172421164e+18,2024-09-17,NEG,not ironic,
22958943,16567,16567,1.8361182169820736e+18,2024-09-17,NEU,not ironic,
22958944,16568,16568,1.836118216533324e+18,2024-09-17,POS,not ironic,
22958945,16569,16569,1.836118216499704e+18,2024-09-17,POS,not ironic,
22958946,16570,16570,1.83611821621894e+18,2024-09-17,NEG,not ironic,
22958947,16571,16571,1.8361182161390016e+18,2024-09-17,NEG,not ironic,
22958948,16572,16572,1.8361182157785367e+18,2024-09-17,NEG,not ironic,
22958949,16573,16573,1.836118214914257e+18,2024-09-17,NEG,not ironic,
22958950,16574,16574,1.836118213748528e+18,2024-09-17,NEG,not ironic,
22958951,16575,16575,1.836118212590928e+18,2024-09-17,NEU,ironic,
22958952,16576,16576,1.8361182123937344e+18,2024-09-17,NEG,not ironic,
22958953,16577,16577,1.8361182106948283e+18,2024-09-17,NEG,ironic,
22958954,16578,16578,1.8361182097262392e+18,2024-09-17,NEG,ironic,
22958955,16579,16579,1.836118209218724e+18,2024-09-17,NEG,ironic,
22958956,16580,16580,1.8361182078510776e+18,2024-09-17,NEU,not ironic,
22958957,16581,16581,1.8361182068237148e+18,2024-09-17,POS,not ironic,
22958958,16582,16582,1.8361182059093404e+18,2024-09-17,NEU,not ironic,
22958959,16583,16583,1.8361182050954363e+18,2024-09-17,NEU,not ironic,
22958960,16584,16584,1.836118204919485e+18,2024-09-17,NEG,ironic,
22958961,16585,16585,1.836118204877541e+18,2024-09-17,NEG,ironic,
22958962,16586,16586,1.83611820304858e+18,2024-09-17,NEG,ironic,
22958963,16587,16587,1.8361182029689e+18,2024-09-17,NEG,not ironic,
22958964,16588,16588,1.8361182029437875e+18,2024-09-17,NEG,not ironic,
22958965,16589,16589,1.8361182026710472e+18,2024-09-17,POS,not ironic,
22958966,16590,16590,1.8361182025578783e+18,2024-09-17,NEG,not ironic,
22958967,16591,16591,1.8361182023439808e+18,2024-09-17,NEG,not ironic,
22958968,16592,16592,1.8361182011653568e+18,2024-09-17,NEU,not ironic,
22958969,16593,16593,1.836118201052337e+18,2024-09-17,NEG,ironic,
22958970,16594,16594,1.8361181986531945e+18,2024-09-17,NEG,not ironic,
22958971,16595,16595,1.836118198372176e+18,2024-09-17,NEG,ironic,
22958972,16596,16596,1.8361181965894088e+18,2024-09-17,NEU,not ironic,
22958973,16597,16597,1.836118196522545e+18,2024-09-17,NEG,ironic,
22958974,16598,16598,1.836118195524244e+18,2024-09-17,NEU,not ironic,
22958975,16599,16599,1.836118195519869e+18,2024-09-17,NEG,ironic,
22958976,16600,16600,1.836118194899313e+18,2024-09-17,NEG,not ironic,
22958977,16601,16601,1.836118193225524e+18,2024-09-17,NEG,ironic,
22958978,16602,16602,1.8361181923323784e+18,2024-09-17,POS,ironic,
22958979,16603,16603,1.8361181920094167e+18,2024-09-17,NEG,not ironic,
22958980,16604,16604,1.8361181918833293e+18,2024-09-17,NEG,ironic,
22958981,16605,16605,1.8361181903063447e+18,2024-09-17,NEG,not ironic,
22958982,16606,16606,1.8361181892999327e+18,2024-09-17,NEG,not ironic,
22958983,16607,16607,1.836118188645352e+18,2024-09-17,NEG,not ironic,
22958984,16608,16608,1.8361181886159304e+18,2024-09-17,POS,ironic,
22958985,16609,16609,1.8361181880122447e+18,2024-09-17,NEG,not ironic,
22958986,16610,16610,1.8361181878738537e+18,2024-09-17,NEG,ironic,
22958987,16611,16611,1.8361181868839767e+18,2024-09-17,NEG,not ironic,
22958988,16612,16612,1.8361181863344865e+18,2024-09-17,NEU,ironic,
22958989,16613,16613,1.836118185642464e+18,2024-09-17,NEG,ironic,
22958990,16614,16614,1.8361181848495148e+18,2024-09-17,NEU,not ironic,
22958991,16615,16615,1.8361181847697687e+18,2024-09-17,NEU,not ironic,
22958992,16616,16616,1.836118183801156e+18,2024-09-17,NEG,ironic,
22958993,16617,16617,1.83611818270652e+18,2024-09-17,NEG,not ironic,
22958994,16618,16618,1.8361181824671168e+18,2024-09-17,POS,not ironic,
22958995,16619,16619,1.836118182383244e+18,2024-09-17,NEG,ironic,
22958996,16620,16620,1.836118181099823e+18,2024-09-17,NEU,ironic,
22958997,16621,16621,1.8361181810536164e+18,2024-09-17,NEU,not ironic,
22958998,16622,16622,1.836118178897826e+18,2024-09-17,NEG,ironic,
22958999,16623,16623,1.836118178230948e+18,2024-09-17,NEG,not ironic,
22959000,16624,16624,1.8361181774593764e+18,2024-09-17,NEU,not ironic,
22959001,16625,16625,1.8361181772285048e+18,2024-09-17,POS,not ironic,
22959002,16626,16626,1.836118174699524e+18,2024-09-17,NEG,ironic,
22959003,16627,16627,1.8361181746198323e+18,2024-09-17,NEG,ironic,
22959004,16628,16628,1.8361181744814733e+18,2024-09-17,NEG,ironic,
22959005,16629,16629,1.836118173814342e+18,2024-09-17,NEG,ironic,
22959006,16630,16630,1.8361181728327887e+18,2024-09-17,NEG,ironic,
22959007,16631,16631,1.836118172359132e+18,2024-09-17,NEG,not ironic,
22959008,16632,16632,1.8361181720904087e+18,2024-09-17,NEU,not ironic,
22959009,16633,16633,1.8361181719522552e+18,2024-09-17,NEU,not ironic,
22959010,16634,16634,1.836118171646072e+18,2024-09-17,NEG,ironic,
22959011,16635,16635,1.8361181698383247e+18,2024-09-17,NEU,not ironic,
22959012,16636,16636,1.8361181698215324e+18,2024-09-17,NEU,ironic,
22959013,16637,16637,1.836118169712288e+18,2024-09-17,POS,not ironic,
22959014,16638,16638,1.8361181676698708e+18,2024-09-17,NEU,not ironic,
22959015,16639,16639,1.836118167615345e+18,2024-09-17,NEG,not ironic,
22959016,16640,16640,1.8361181674893235e+18,2024-09-17,NEG,ironic,
22959017,16641,16641,1.8361181674221647e+18,2024-09-17,POS,ironic,
22959018,16642,16642,1.8361181666716265e+18,2024-09-17,NEG,not ironic,
22959019,16643,16643,1.8361181665203528e+18,2024-09-17,NEU,ironic,
22959020,16644,16644,1.836118164964348e+18,2024-09-17,NEG,not ironic,
22959021,16645,16645,1.8361181646706488e+18,2024-09-17,NEG,not ironic,
22959022,16646,16646,1.8361181643561288e+18,2024-09-17,NEG,not ironic,
22959023,16647,16647,1.8361181635804247e+18,2024-09-17,POS,ironic,
22959024,16648,16648,1.8361181614662497e+18,2024-09-17,NEG,not ironic,
22959025,16649,16649,1.836118160602272e+18,2024-09-17,NEG,not ironic,
22959026,16650,16650,1.8361181592183483e+18,2024-09-17,NEG,ironic,
22959027,16651,16651,1.836118157813256e+18,2024-09-17,NEU,ironic,
22959028,16652,16652,1.836118156068156e+18,2024-09-17,NEU,not ironic,
22959029,16653,16653,1.8361181559635684e+18,2024-09-17,NEU,not ironic,
22959030,16654,16654,1.8361181555609807e+18,2024-09-17,NEU,not ironic,
22959031,16655,16655,1.8361181554305928e+18,2024-09-17,NEU,not ironic,
22959032,16656,16656,1.8361181546463729e+18,2024-09-17,NEG,ironic,
22959033,16657,16657,1.836118154415673e+18,2024-09-17,NEU,not ironic,
22959034,16658,16658,1.8361181543611272e+18,2024-09-17,NEG,ironic,
22959035,16659,16659,1.8361181527633144e+18,2024-09-17,POS,not ironic,
22959036,16660,16660,1.8361181524695045e+18,2024-09-17,NEU,not ironic,
22959037,16661,16661,1.8361181514798656e+18,2024-09-17,NEG,ironic,
22959038,16662,16662,1.8361181500242004e+18,2024-09-17,NEG,not ironic,
22959039,16663,16663,1.8361181496005307e+18,2024-09-17,NEG,ironic,
22959040,16664,16664,1.836118149512532e+18,2024-09-17,NEU,not ironic,
22959041,16665,16665,1.8361181494288428e+18,2024-09-17,POS,ironic,
22959042,16666,16666,1.836118148816184e+18,2024-09-17,NEU,ironic,
22959043,16667,16667,1.836118147948004e+18,2024-09-17,NEG,not ironic,
22959044,16668,16668,1.836118146723259e+18,2024-09-17,NEG,ironic,
22959045,16669,16669,1.836118145171608e+18,2024-09-17,NEU,ironic,
22959046,16670,16670,1.8361181446347528e+18,2024-09-17,NEG,ironic,
22959047,16671,16671,1.8361181442531e+18,2024-09-17,NEU,not ironic,
22959048,16672,16672,1.836118142151496e+18,2024-09-17,NEG,not ironic,
22959049,16673,16673,1.836118141992125e+18,2024-09-17,NEG,ironic,
22959050,16674,16674,1.836118141983953e+18,2024-09-17,NEG,not ironic,
22959051,16675,16675,1.8361181407799624e+18,2024-09-17,NEG,not ironic,
22959052,16676,16676,1.8361181404740687e+18,2024-09-17,NEU,not ironic,
22959053,16677,16677,1.836118139991655e+18,2024-09-17,NEU,ironic,
22959054,16678,16678,1.8361181398238863e+18,2024-09-17,NEU,ironic,
22959055,16679,16679,1.836118138100028e+18,2024-09-17,NEG,not ironic,
22959056,16680,16680,1.8361181361874573e+18,2024-09-17,NEG,ironic,
22959057,16681,16681,1.836118135646364e+18,2024-09-17,POS,not ironic,
22959058,16682,16682,1.8361181350256028e+18,2024-09-17,NEG,not ironic,
22959059,16683,16683,1.8361181333392348e+18,2024-09-17,NEU,not ironic,
22959060,16684,16684,1.8361181329911155e+18,2024-09-17,NEU,not ironic,
22959061,16685,16685,1.836118132974588e+18,2024-09-17,NEG,ironic,
22959062,16686,16686,1.8361181316953825e+18,2024-09-17,NEU,ironic,
22959063,16687,16687,1.8361181311374835e+18,2024-09-17,NEU,not ironic,
22959064,16688,16688,1.836118128612512e+18,2024-09-17,NEG,not ironic,
22959065,16689,16689,1.8361181285915407e+18,2024-09-17,NEG,ironic,
22959066,16690,16690,1.836118128561992e+18,2024-09-17,NEG,ironic,
22959067,16691,16691,1.836118128008532e+18,2024-09-17,NEU,not ironic,
22959068,16692,16692,1.8361181274087468e+18,2024-09-17,NEG,not ironic,
22959069,16693,16693,1.8361181271612664e+18,2024-09-17,NEG,ironic,
22959070,16694,16694,1.836118126762885e+18,2024-09-17,NEG,not ironic,
22959071,16695,16695,1.8361181239146168e+18,2024-09-17,NEG,ironic,
22959072,16696,16696,1.8361181231345009e+18,2024-09-17,NEU,ironic,
22959073,16697,16697,1.8361181211089352e+18,2024-09-17,POS,not ironic,
22959074,16698,16698,1.836118121003824e+18,2024-09-17,POS,not ironic,
22959075,16699,16699,1.8361181206768888e+18,2024-09-17,NEG,ironic,
22959076,16700,16700,1.836118119787434e+18,2024-09-17,NEG,ironic,
22959077,16701,16701,1.8361181196450609e+18,2024-09-17,NEG,not ironic,
22959078,16702,16702,1.8361181196283128e+18,2024-09-17,NEU,ironic,
22959079,16703,16703,1.836118116927214e+18,2024-09-17,POS,not ironic,
22959080,16704,16704,1.8361181160506289e+18,2024-09-17,NEU,not ironic,
22959081,16705,16705,1.836118115924554e+18,2024-09-17,NEG,ironic,
22959082,16706,16706,1.836118115228209e+18,2024-09-17,NEU,not ironic,
22959083,16707,16707,1.8361181141044145e+18,2024-09-17,NEG,ironic,
22959084,16708,16708,1.8361181140748045e+18,2024-09-17,POS,not ironic,
22959085,16709,16709,1.8361181133704115e+18,2024-09-17,POS,not ironic,
22959086,16710,16710,1.8361181129426004e+18,2024-09-17,POS,not ironic,
22959087,16711,16711,1.836118112942592e+18,2024-09-17,NEG,ironic,
22959088,16712,16712,1.836118112812348e+18,2024-09-17,NEG,ironic,
22959089,16713,16713,1.8361181115249705e+18,2024-09-17,NEG,not ironic,
22959090,16714,16714,1.8361181100944013e+18,2024-09-17,NEU,not ironic,
22959091,16715,16715,1.8361181084714888e+18,2024-09-17,NEG,not ironic,
22959092,16716,16716,1.8361181084085576e+18,2024-09-17,NEU,not ironic,
22959093,16717,16717,1.836118107456209e+18,2024-09-17,NEU,ironic,
22959094,16718,16718,1.83611810683571e+18,2024-09-17,NEG,not ironic,
22959095,16719,16719,1.8361181067935127e+18,2024-09-17,NEG,not ironic,
22959096,16720,16720,1.836118106391089e+18,2024-09-17,POS,not ironic,
22959097,16721,16721,1.8361181050402368e+18,2024-09-17,NEU,not ironic,
22959098,16722,16722,1.836118104344015e+18,2024-09-17,NEG,ironic,
22959099,16723,16723,1.8361181022469284e+18,2024-09-17,NEG,ironic,
22959100,16724,16724,1.8361181016554867e+18,2024-09-17,NEG,ironic,
22959101,16725,16725,1.836118101257265e+18,2024-09-17,NEU,not ironic,
22959102,16726,16726,1.836118100652999e+18,2024-09-17,POS,not ironic,
22959103,16727,16727,1.836118100439372e+18,2024-09-17,NEG,ironic,
22959104,16728,16728,1.8361180998728952e+18,2024-09-17,NEG,not ironic,
22959105,16729,16729,1.8361180986314007e+18,2024-09-17,NEG,not ironic,
22959106,16730,16730,1.8361180966686927e+18,2024-09-17,NEG,not ironic,
22959107,16731,16731,1.8361180964548324e+18,2024-09-17,NEG,not ironic,
22959108,16732,16732,1.836118096114811e+18,2024-09-17,NEG,ironic,
22959109,16733,16733,1.836118095414596e+18,2024-09-17,POS,ironic,
22959110,16734,16734,1.8361180921721487e+18,2024-09-17,NEG,not ironic,
22959111,16735,16735,1.8361180920339868e+18,2024-09-17,NEU,not ironic,
22959112,16736,16736,1.8361180913626e+18,2024-09-17,POS,not ironic,
22959113,16737,16737,1.836118090230412e+18,2024-09-17,NEU,ironic,
22959114,16738,16738,1.836118089936601e+18,2024-09-17,NEG,not ironic,
22959115,16739,16739,1.836118089173464e+18,2024-09-17,NEU,not ironic,
22959116,16740,16740,1.8361180885188728e+18,2024-09-17,NEG,ironic,
22959117,16741,16741,1.8361180884856056e+18,2024-09-17,NEG,ironic,
22959118,16742,16742,1.836118087277728e+18,2024-09-17,NEU,not ironic,
22959119,16743,16743,1.836118086413595e+18,2024-09-17,NEG,ironic,
22959120,16744,16744,1.836118086333723e+18,2024-09-17,NEU,not ironic,
22959121,16745,16745,1.8361180861239373e+18,2024-09-17,NEU,not ironic,
22959122,16746,16746,1.836118085884908e+18,2024-09-17,NEG,ironic,
22959123,16747,16747,1.8361180849917504e+18,2024-09-17,POS,not ironic,
22959124,16748,16748,1.836118082517082e+18,2024-09-17,NEG,ironic,
22959125,16749,16749,1.8361180802099976e+18,2024-09-17,NEG,ironic,
22959126,16750,16750,1.836118078444454e+18,2024-09-17,POS,ironic,
22959127,16751,16751,1.8361180783602688e+18,2024-09-17,NEG,ironic,
22959128,16752,16752,1.836118077383082e+18,2024-09-17,NEG,not ironic,
22959129,16753,16753,1.8361180773117007e+18,2024-09-17,NEG,not ironic,
22959130,16754,16754,1.8361180771609848e+18,2024-09-17,NEG,ironic,
22959131,16755,16755,1.8361180769467848e+18,2024-09-17,NEG,ironic,
22959132,16756,16756,1.836118076489634e+18,2024-09-17,NEG,ironic,
22959133,16757,16757,1.836118074396918e+18,2024-09-17,NEU,not ironic,
22959134,16758,16758,1.8361180738598257e+18,2024-09-17,NEG,ironic,
22959135,16759,16759,1.836118073213854e+18,2024-09-17,NEU,ironic,
22959136,16760,16760,1.8361180723540216e+18,2024-09-17,NEG,ironic,
22959137,16761,16761,1.8361180714020247e+18,2024-09-17,POS,not ironic,
22959138,16762,16762,1.8361180713812337e+18,2024-09-17,POS,ironic,
22959139,16763,16763,1.83611807130552e+18,2024-09-17,NEG,not ironic,
22959140,16764,16764,1.8361180712634985e+18,2024-09-17,NEG,ironic,
22959141,16765,16765,1.8361180694935145e+18,2024-09-17,NEG,ironic,
22959142,16766,16766,1.8361180682188063e+18,2024-09-17,NEG,not ironic,
22959143,16767,16767,1.8361180667297508e+18,2024-09-17,NEU,not ironic,
22959144,16768,16768,1.83611806671274e+18,2024-09-17,NEG,ironic,
22959145,16769,16769,1.8361180662513792e+18,2024-09-17,NEU,ironic,
22959146,16770,16770,1.836118065592808e+18,2024-09-17,NEG,ironic,
22959147,16771,16771,1.8361180645151373e+18,2024-09-17,POS,not ironic,
22959148,16772,16772,1.8361180634788948e+18,2024-09-17,POS,not ironic,
22959149,16773,16773,1.8361180629252467e+18,2024-09-17,NEG,ironic,
22959150,16774,16774,1.8361180626235187e+18,2024-09-17,NEU,not ironic,
22959151,16775,16775,1.83611806193542e+18,2024-09-17,POS,ironic,
22959152,16776,16776,1.8361180616966351e+18,2024-09-17,NEG,not ironic,
22959153,16777,16777,1.836118061004288e+18,2024-09-17,NEG,not ironic,
22959154,16778,16778,1.836118060425712e+18,2024-09-17,NEU,not ironic,
22959155,16779,16779,1.836118060161241e+18,2024-09-17,NEU,not ironic,
22959156,16780,16780,1.836118057397228e+18,2024-09-17,NEG,ironic,
22959157,16781,16781,1.8361180568228047e+18,2024-09-17,NEG,not ironic,
22959158,16782,16782,1.8361180567305464e+18,2024-09-17,NEG,not ironic,
22959159,16783,16783,1.836118056264942e+18,2024-09-17,NEG,ironic,
22959160,16784,16784,1.836118055711064e+18,2024-09-17,NEU,not ironic,
22959161,16785,16785,1.8361180553800087e+18,2024-09-17,NEU,not ironic,
22959162,16786,16786,1.8361180553673807e+18,2024-09-17,POS,not ironic,
22959163,16787,16787,1.836118054654096e+18,2024-09-17,NEG,not ironic,
22959164,16788,16788,1.836118053106684e+18,2024-09-17,NEG,not ironic,
22959165,16789,16789,1.836118052565336e+18,2024-09-17,POS,ironic,
22959166,16790,16790,1.836118051466724e+18,2024-09-17,POS,not ironic,
22959167,16791,16791,1.8361180510891584e+18,2024-09-17,NEU,not ironic,
22959168,16792,16792,1.8361180505690967e+18,2024-09-17,NEU,not ironic,
22959169,16793,16793,1.8361180477589133e+18,2024-09-17,NEG,not ironic,
22959170,16794,16794,1.8361180431116247e+18,2024-09-17,NEU,not ironic,
22959171,16795,16795,1.83611804256612e+18,2024-09-17,NEG,not ironic,
22959172,16796,16796,1.836118042193072e+18,2024-09-17,NEU,ironic,
22959173,16797,16797,1.8361180421046927e+18,2024-09-17,NEG,ironic,
22959174,16798,16798,1.836118040578032e+18,2024-09-17,NEG,ironic,
22959175,16799,16799,1.8361180404606367e+18,2024-09-17,NEG,not ironic,
22959176,16800,16800,1.8361180402047304e+18,2024-09-17,NEG,not ironic,
22959177,16801,16801,1.8361180374029071e+18,2024-09-17,NEG,not ironic,
22959178,16802,16802,1.8361180347691663e+18,2024-09-17,NEU,not ironic,
22959179,16803,16803,1.8361180340852567e+18,2024-09-17,NEG,not ironic,
22959180,16804,16804,1.8361180340309568e+18,2024-09-17,NEG,not ironic,
22959181,16805,16805,1.836118033988756e+18,2024-09-17,POS,not ironic,
22959182,16806,16806,1.836118033418388e+18,2024-09-17,NEG,ironic,
22959183,16807,16807,1.836118033338897e+18,2024-09-17,POS,not ironic,
22959184,16808,16808,1.8361180311450788e+18,2024-09-17,NEG,not ironic,
22959185,16809,16809,1.83611803114086e+18,2024-09-17,NEU,ironic,
22959186,16810,16810,1.836118029102424e+18,2024-09-17,NEU,not ironic,
22959187,16811,16811,1.8361180287165524e+18,2024-09-17,NEG,not ironic,
22959188,16812,16812,1.8361180272065613e+18,2024-09-17,NEU,not ironic,
22959189,16813,16813,1.8361180251807048e+18,2024-09-17,NEG,ironic,
22959190,16814,16814,1.836118024983552e+18,2024-09-17,NEU,not ironic,
22959191,16815,16815,1.8361180240611003e+18,2024-09-17,NEG,not ironic,
22959192,16816,16816,1.8361180239517527e+18,2024-09-17,NEG,not ironic,
22959193,16817,16817,1.8361180236960115e+18,2024-09-17,NEG,ironic,
22959194,16818,16818,1.8361180227815547e+18,2024-09-17,NEU,not ironic,
22959195,16819,16819,1.836118020827013e+18,2024-09-17,NEG,not ironic,
22959196,16820,16820,1.8361180197700936e+18,2024-09-17,NEG,ironic,
22959197,16821,16821,1.8361180197616888e+18,2024-09-17,NEG,not ironic,
22959198,16822,16822,1.8361180187970028e+18,2024-09-17,NEG,not ironic,
22959199,16823,16823,1.836118017047978e+18,2024-09-17,NEG,not ironic,
22959200,16824,16824,1.836118016834364e+18,2024-09-17,NEU,not ironic,
22959201,16825,16825,1.836118016666608e+18,2024-09-17,NEG,ironic,
22959202,16826,16826,1.8361180156596265e+18,2024-09-17,NEU,not ironic,
22959203,16827,16827,1.8361180152947428e+18,2024-09-17,POS,not ironic,
22959204,16828,16828,1.836118014980428e+18,2024-09-17,NEG,ironic,
22959205,16829,16829,1.8361180146868265e+18,2024-09-17,POS,not ironic,
22959206,16830,16830,1.8361180146197176e+18,2024-09-17,NEU,not ironic,
22959207,16831,16831,1.836118014170952e+18,2024-09-17,NEG,not ironic,
22959208,16832,16832,1.836118012962968e+18,2024-09-17,NEG,ironic,
22959209,16833,16833,1.836118012564472e+18,2024-09-17,NEU,not ironic,
22959210,16834,16834,1.836118012002472e+18,2024-09-17,NEU,not ironic,
22959211,16835,16835,1.8361180108656315e+18,2024-09-17,NEU,ironic,
22959212,16836,16836,1.836118008277713e+18,2024-09-17,NEG,not ironic,
22959213,16837,16837,1.8361180081308467e+18,2024-09-17,NEU,not ironic,
22959214,16838,16838,1.8361180073467945e+18,2024-09-17,NEG,ironic,
22959215,16839,16839,1.8361180048135089e+18,2024-09-17,NEU,not ironic,
22959216,16840,16840,1.836118002850214e+18,2024-09-17,NEU,ironic,
22959217,16841,16841,1.8361180023513787e+18,2024-09-17,NEU,not ironic,
22959218,16842,16842,1.8361180012396751e+18,2024-09-17,NEG,ironic,
22959219,16843,16843,1.8361180012273708e+18,2024-09-17,NEG,ironic,
22959220,16844,16844,1.8361180010299924e+18,2024-09-17,NEG,ironic,
22959221,16845,16845,1.836118000295879e+18,2024-09-17,POS,not ironic,
22959222,16846,16846,1.8361179994699328e+18,2024-09-17,NEG,ironic,
22959223,16847,16847,1.8361179993563835e+18,2024-09-17,NEG,not ironic,
22959224,16848,16848,1.836117999251792e+18,2024-09-17,NEG,not ironic,
22959225,16849,16849,1.836117998480036e+18,2024-09-17,POS,ironic,
22959226,16850,16850,1.836117997720868e+18,2024-09-17,NEU,not ironic,
22959227,16851,16851,1.8361179976747748e+18,2024-09-17,NEG,not ironic,
22959228,16852,16852,1.8361179957873664e+18,2024-09-17,NEG,ironic,
22959229,16853,16853,1.836117995720184e+18,2024-09-17,POS,ironic,
22959230,16854,16854,1.8361179947890647e+18,2024-09-17,NEG,ironic,
22959231,16855,16855,1.8361179922766605e+18,2024-09-17,NEU,not ironic,
22959232,16856,16856,1.836117990573757e+18,2024-09-17,NEU,not ironic,
22959233,16857,16857,1.8361179889041984e+18,2024-09-17,NEG,not ironic,
22959234,16858,16858,1.836117988769981e+18,2024-09-17,NEU,not ironic,
22959235,16859,16859,1.8361179887576392e+18,2024-09-17,NEG,not ironic,
22959236,16860,16860,1.836117987465544e+18,2024-09-17,NEU,not ironic,
22959237,16861,16861,1.8361179867441644e+18,2024-09-17,NEG,not ironic,
22959238,16862,16862,1.836117986421404e+18,2024-09-17,NEU,not ironic,
22959239,16863,16863,1.8361179851838093e+18,2024-09-17,NEU,not ironic,
22959240,16864,16864,1.8361179849824955e+18,2024-09-17,NEU,not ironic,
22959241,16865,16865,1.8361179840430287e+18,2024-09-17,NEG,ironic,
22959242,16866,16866,1.836117983913021e+18,2024-09-17,NEG,not ironic,
22959243,16867,16867,1.836117982319161e+18,2024-09-17,NEG,not ironic,
22959244,16868,16868,1.836117982319104e+18,2024-09-17,NEG,not ironic,
22959245,16869,16869,1.836117982293918e+18,2024-09-17,NEG,not ironic,
22959246,16870,16870,1.8361179800670413e+18,2024-09-17,NEU,not ironic,
22959247,16871,16871,1.836117979919946e+18,2024-09-17,NEU,ironic,
22959248,16872,16872,1.836117979576308e+18,2024-09-17,NEG,ironic,
22959249,16873,16873,1.8361179790939635e+18,2024-09-17,NEG,ironic,
22959250,16874,16874,1.8361179790601792e+18,2024-09-17,NEU,not ironic,
22959251,16875,16875,1.836117977915364e+18,2024-09-17,NEG,not ironic,
22959252,16876,16876,1.836117977428824e+18,2024-09-17,NEG,not ironic,
22959253,16877,16877,1.8361179755747328e+18,2024-09-17,NEG,not ironic,
22959254,16878,16878,1.8361179751803863e+18,2024-09-17,NEU,not ironic,
22959255,16879,16879,1.8361179751009856e+18,2024-09-17,NEG,ironic,
22959256,16880,16880,1.8361179747610253e+18,2024-09-17,NEG,not ironic,
22959257,16881,16881,1.83611797444248e+18,2024-09-17,NEG,ironic,
22959258,16882,16882,1.8361179743289551e+18,2024-09-17,NEU,ironic,
22959259,16883,16883,1.836117973893092e+18,2024-09-17,NEU,ironic,
22959260,16884,16884,1.83611797387604e+18,2024-09-17,NEG,ironic,
22959261,16885,16885,1.8361179738047608e+18,2024-09-17,NEG,ironic,
22959262,16886,16886,1.8361179733519608e+18,2024-09-17,NEG,not ironic,
22959263,16887,16887,1.8361179732680545e+18,2024-09-17,NEG,not ironic,
22959264,16888,16888,1.8361179720766671e+18,2024-09-17,NEU,not ironic,
22959265,16889,16889,1.8361179715903944e+18,2024-09-17,NEU,not ironic,
22959266,16890,16890,1.836117971426776e+18,2024-09-17,POS,ironic,
22959267,16891,16891,1.836117970168197e+18,2024-09-17,NEU,ironic,
22959268,16892,16892,1.836117969681908e+18,2024-09-17,NEU,not ironic,
22959269,16893,16893,1.836117969673617e+18,2024-09-17,NEG,ironic,
22959270,16894,16894,1.83611796799164e+18,2024-09-17,NEG,not ironic,
22959271,16895,16895,1.836117967370883e+18,2024-09-17,NEU,not ironic,
22959272,16896,16896,1.8361179673412283e+18,2024-09-17,NEU,not ironic,
22959273,16897,16897,1.8361179670938217e+18,2024-09-17,NEG,not ironic,
22959274,16898,16898,1.8361179654708884e+18,2024-09-17,NEU,not ironic,
22959275,16899,16899,1.836117965462184e+18,2024-09-17,NEG,ironic,
22959276,16900,16900,1.8361179650847089e+18,2024-09-17,NEG,not ironic,
22959277,16901,16901,1.8361179638854167e+18,2024-09-17,NEG,not ironic,
22959278,16902,16902,1.8361179621780644e+18,2024-09-17,NEU,ironic,
22959279,16903,16903,1.8361179614944463e+18,2024-09-17,POS,not ironic,
22959280,16904,16904,1.836117960072528e+18,2024-09-17,NEG,ironic,
22959281,16905,16905,1.836117958617371e+18,2024-09-17,NEU,not ironic,
22959282,16906,16906,1.8361179577617736e+18,2024-09-17,NEG,ironic,
22959283,16907,16907,1.836117957623292e+18,2024-09-17,NEU,not ironic,
22959284,16908,16908,1.836117956226617e+18,2024-09-17,NEG,ironic,
22959285,16909,16909,1.8361179558071788e+18,2024-09-17,POS,not ironic,
22959286,16910,16910,1.8361179552535388e+18,2024-09-17,NEG,not ironic,
22959287,16911,16911,1.836117954959708e+18,2024-09-17,NEU,not ironic,
22959288,16912,16912,1.836117954229904e+18,2024-09-17,NEG,not ironic,
22959289,16913,16913,1.8361179531060183e+18,2024-09-17,NEU,not ironic,
22959290,16914,16914,1.8361179522711475e+18,2024-09-17,NEU,not ironic,
22959291,16915,16915,1.8361179519397809e+18,2024-09-17,NEU,not ironic,
22959292,16916,16916,1.8361179513905848e+18,2024-09-17,NEG,not ironic,
22959293,16917,16917,1.836117951134712e+18,2024-09-17,NEG,ironic,
22959294,16918,16918,1.8361179482027256e+18,2024-09-17,NEG,not ironic,
22959295,16919,16919,1.836117947519279e+18,2024-09-17,NEU,not ironic,
22959296,16920,16920,1.836117946470736e+18,2024-09-17,NEG,ironic,
22959297,16921,16921,1.836117945644446e+18,2024-09-17,NEG,ironic,
22959298,16922,16922,1.8361179412946944e+18,2024-09-17,NEU,not ironic,
22959299,16923,16923,1.8361179411813875e+18,2024-09-17,NEG,not ironic,
22959300,16924,16924,1.836117941068419e+18,2024-09-17,NEU,not ironic,
22959301,16925,16925,1.836117940992648e+18,2024-09-17,NEG,not ironic,
22959302,16926,16926,1.8361179404183475e+18,2024-09-17,NEU,not ironic,
22959303,16927,16927,1.8361179388580047e+18,2024-09-17,NEU,not ironic,
22959304,16928,16928,1.836117938522256e+18,2024-09-17,NEG,ironic,
22959305,16929,16929,1.836117937260012e+18,2024-09-17,NEG,not ironic,
22959306,16930,16930,1.8361179357500247e+18,2024-09-17,NEG,not ironic,
22959307,16931,16931,1.8361179355526925e+18,2024-09-17,NEU,ironic,
22959308,16932,16932,1.8361179352677327e+18,2024-09-17,NEU,not ironic,
22959309,16933,16933,1.8361179339968064e+18,2024-09-17,POS,not ironic,
22959310,16934,16934,1.836117933656793e+18,2024-09-17,NEG,not ironic,
22959311,16935,16935,1.836117933140968e+18,2024-09-17,NEG,ironic,
22959312,16936,16936,1.8361179326879992e+18,2024-09-17,NEG,not ironic,
22959313,16937,16937,1.836117932004484e+18,2024-09-17,NEU,not ironic,
22959314,16938,16938,1.8361179311192804e+18,2024-09-17,POS,ironic,
22959315,16939,16939,1.8361179303559168e+18,2024-09-17,NEG,not ironic,
22959316,16940,16940,1.8361179293408343e+18,2024-09-17,NEG,not ironic,
22959317,16941,16941,1.8361179274157176e+18,2024-09-17,POS,not ironic,
22959318,16942,16942,1.8361179258053304e+18,2024-09-17,NEU,not ironic,
22959319,16943,16943,1.83611792568796e+18,2024-09-17,NEU,not ironic,
22959320,16944,16944,1.8361179252892224e+18,2024-09-17,NEU,not ironic,
22959321,16945,16945,1.836117924840608e+18,2024-09-17,NEG,ironic,
22959322,16946,16946,1.8361179247691407e+18,2024-09-17,NEU,not ironic,
22959323,16947,16947,1.8361179240563057e+18,2024-09-17,NEG,not ironic,
22959324,16948,16948,1.8361179239847936e+18,2024-09-17,NEG,ironic,
22959325,16949,16949,1.8361179236494584e+18,2024-09-17,POS,not ironic,
22959326,16950,16950,1.8361179228986767e+18,2024-09-17,NEU,not ironic,
22959327,16951,16951,1.8361179228145377e+18,2024-09-17,POS,not ironic,
22959328,16952,16952,1.8361179223406024e+18,2024-09-17,NEU,ironic,
22959329,16953,16953,1.83611792232804e+18,2024-09-17,NEG,ironic,
22959330,16954,16954,1.8361179218207828e+18,2024-09-17,NEU,not ironic,
22959331,16955,16955,1.8361179216655524e+18,2024-09-17,NEG,ironic,
22959332,16956,16956,1.8361179216485663e+18,2024-09-17,NEU,not ironic,
22959333,16957,16957,1.8361179211704404e+18,2024-09-17,NEU,not ironic,
22959334,16958,16958,1.836117921111884e+18,2024-09-17,NEU,not ironic,
22959335,16959,16959,1.836117920608588e+18,2024-09-17,NEU,ironic,
22959336,16960,16960,1.836117920444817e+18,2024-09-17,NEU,not ironic,
22959337,16961,16961,1.8361179204156872e+18,2024-09-17,NEU,not ironic,
22959338,16962,16962,1.836117920054686e+18,2024-09-17,NEG,not ironic,
22959339,16963,16963,1.8361179197107727e+18,2024-09-17,NEU,not ironic,
22959340,16964,16964,1.836117919312286e+18,2024-09-17,NEU,not ironic,
22959341,16965,16965,1.8361179191990807e+18,2024-09-17,NEU,not ironic,
22959342,16966,16966,1.836117919094223e+18,2024-09-17,NEU,ironic,
22959343,16967,16967,1.836117917710385e+18,2024-09-17,NEG,not ironic,
22959344,16968,16968,1.8361179176054664e+18,2024-09-17,NEG,ironic,
22959345,16969,16969,1.836117917483606e+18,2024-09-17,NEG,ironic,
22959346,16970,16970,1.8361179169341404e+18,2024-09-17,NEG,not ironic,
22959347,16971,16971,1.8361179166449708e+18,2024-09-17,NEU,ironic,
22959348,16972,16972,1.8361179160533563e+18,2024-09-17,NEG,not ironic,
22959349,16973,16973,1.836117914971444e+18,2024-09-17,NEG,not ironic,
22959350,16974,16974,1.8361179143252664e+18,2024-09-17,POS,not ironic,
22959351,16975,16975,1.8361179142038807e+18,2024-09-17,NEU,not ironic,
22959352,16976,16976,1.8361179140149453e+18,2024-09-17,NEG,ironic,
22959353,16977,16977,1.836117912928564e+18,2024-09-17,NEG,not ironic,
22959354,16978,16978,1.836117912605856e+18,2024-09-17,NEG,not ironic,
22959355,16979,16979,1.836117911242457e+18,2024-09-17,NEU,not ironic,
22959356,16980,16980,1.836117909879264e+18,2024-09-17,POS,not ironic,
22959357,16981,16981,1.836117909757669e+18,2024-09-17,NEU,not ironic,
22959358,16982,16982,1.8361179090113367e+18,2024-09-17,NEU,not ironic,
22959359,16983,16983,1.83611790814283e+18,2024-09-17,NEU,not ironic,
22959360,16984,16984,1.8361179073252275e+18,2024-09-17,NEU,ironic,
22959361,16985,16985,1.836117906700276e+18,2024-09-17,NEU,not ironic,
22959362,16986,16986,1.836117906037368e+18,2024-09-17,NEG,ironic,
22959363,16987,16987,1.8361179050099428e+18,2024-09-17,NEG,not ironic,
22959364,16988,16988,1.8361179043933965e+18,2024-09-17,POS,ironic,
22959365,16989,16989,1.836117904028504e+18,2024-09-17,NEG,not ironic,
22959366,16990,16990,1.8361179033235784e+18,2024-09-17,NEU,ironic,
22959367,16991,16991,1.8361179024975872e+18,2024-09-17,NEG,ironic,
22959368,16992,16992,1.8361179011551603e+18,2024-09-17,NEU,ironic,
22959369,16993,16993,1.8361179007734664e+18,2024-09-17,NEG,ironic,
22959370,16994,16994,1.8361179004463104e+18,2024-09-17,NEU,not ironic,
22959371,16995,16995,1.8361178994858068e+18,2024-09-17,NEU,ironic,
22959372,16996,16996,1.8361178985297925e+18,2024-09-17,NEU,not ironic,
22959373,16997,16997,1.8361178980936133e+18,2024-09-17,NEU,not ironic,
22959374,16998,16998,1.8361178978290445e+18,2024-09-17,NEU,not ironic,
22959375,16999,16999,1.8361178971957865e+18,2024-09-17,POS,ironic,
22959376,17000,17000,1.83611789644945e+18,2024-09-17,NEG,ironic,
22959377,17001,17001,1.8361178963823089e+18,2024-09-17,NEG,not ironic,
22959378,17002,17002,1.836117892925936e+18,2024-09-17,NEG,not ironic,
22959379,17003,17003,1.8361178928381545e+18,2024-09-17,NEG,not ironic,
22959380,17004,17004,1.83611789258197e+18,2024-09-17,NEG,not ironic,
22959381,17005,17005,1.836117891260822e+18,2024-09-17,NEG,not ironic,
22959382,17006,17006,1.8361178890758103e+18,2024-09-17,POS,not ironic,
22959383,17007,17007,1.83611788853894e+18,2024-09-17,NEG,not ironic,
22959384,17008,17008,1.836117886915748e+18,2024-09-17,NEG,ironic,
22959385,17009,17009,1.8361178866682924e+18,2024-09-17,NEG,ironic,
22959386,17010,17010,1.8361178860600773e+18,2024-09-17,NEU,not ironic,
22959387,17011,17011,1.83611788565742e+18,2024-09-17,NEG,not ironic,
22959388,17012,17012,1.836117885116416e+18,2024-09-17,NEG,ironic,
22959389,17013,17013,1.8361178843362388e+18,2024-09-17,NEU,not ironic,
22959390,17014,17014,1.8361178840384512e+18,2024-09-17,NEU,ironic,
22959391,17015,17015,1.836117883635508e+18,2024-09-17,NEU,not ironic,
22959392,17016,17016,1.836117881957839e+18,2024-09-17,POS,not ironic,
22959393,17017,17017,1.8361178818867727e+18,2024-09-17,NEG,not ironic,
22959394,17018,17018,1.8361178814002345e+18,2024-09-17,NEU,not ironic,
22959395,17019,17019,1.8361178801419963e+18,2024-09-17,NEU,not ironic,
22959396,17020,17020,1.836117879328064e+18,2024-09-17,NEG,not ironic,
22959397,17021,17021,1.8361178791562816e+18,2024-09-17,NEG,ironic,
22959398,17022,17022,1.8361178783381297e+18,2024-09-17,NEG,not ironic,
22959399,17023,17023,1.8361178772811656e+18,2024-09-17,NEG,not ironic,
22959400,17024,17024,1.8361178770801009e+18,2024-09-17,NEU,ironic,
22959401,17025,17025,1.836117876366832e+18,2024-09-17,NEU,ironic,
22959402,17026,17026,1.8361178752847544e+18,2024-09-17,NEU,not ironic,
22959403,17027,17027,1.8361178740392307e+18,2024-09-17,NEG,ironic,
22959404,17028,17028,1.8361178737330468e+18,2024-09-17,NEG,not ironic,
22959405,17029,17029,1.8361178733430088e+18,2024-09-17,NEU,ironic,
22959406,17030,17030,1.836117872709448e+18,2024-09-17,NEU,ironic,
22959407,17031,17031,1.8361178720762964e+18,2024-09-17,NEU,ironic,
22959408,17032,17032,1.8361178706670103e+18,2024-09-17,NEG,ironic,
22959409,17033,17033,1.8361178695091164e+18,2024-09-17,NEG,ironic,
22959410,17034,17034,1.83611786931198e+18,2024-09-17,NEG,not ironic,
22959411,17035,17035,1.8361178679823767e+18,2024-09-17,NEU,not ironic,
22959412,17036,17036,1.8361178673742152e+18,2024-09-17,NEG,not ironic,
22959413,17037,17037,1.8361178656881544e+18,2024-09-17,NEU,not ironic,
22959414,17038,17038,1.83611786554996e+18,2024-09-17,POS,ironic,
22959415,17039,17039,1.8361178649583447e+18,2024-09-17,NEG,ironic,
22959416,17040,17040,1.8361178641571515e+18,2024-09-17,NEG,ironic,
22959417,17041,17041,1.836117863452808e+18,2024-09-17,NEG,not ironic,
22959418,17042,17042,1.8361178619090248e+18,2024-09-17,POS,not ironic,
22959419,17043,17043,1.8361178618923213e+18,2024-09-17,NEG,not ironic,
22959420,17044,17044,1.8361178617876685e+18,2024-09-17,NEG,not ironic,
22959421,17045,17045,1.836117860747481e+18,2024-09-17,NEG,not ironic,
22959422,17046,17046,1.836117859241701e+18,2024-09-17,NEG,ironic,
22959423,17047,17047,1.836117858868188e+18,2024-09-17,NEG,ironic,
22959424,17048,17048,1.8361178577820795e+18,2024-09-17,NEG,not ironic,
22959425,17049,17049,1.8361178576101417e+18,2024-09-17,NEG,not ironic,
22959426,17050,17050,1.836117857278546e+18,2024-09-17,NEG,ironic,
22959427,17051,17051,1.836117855982752e+18,2024-09-17,NEG,not ironic,
22959428,17052,17052,1.8361178549758856e+18,2024-09-17,NEG,not ironic,
22959429,17053,17053,1.836117854917424e+18,2024-09-17,NEU,not ironic,
22959430,17054,17054,1.836117852954432e+18,2024-09-17,NEG,ironic,
22959431,17055,17055,1.8361178522749875e+18,2024-09-17,NEU,ironic,
22959432,17056,17056,1.8361178517253e+18,2024-09-17,NEG,not ironic,
22959433,17057,17057,1.836117850722808e+18,2024-09-17,NEU,not ironic,
22959434,17058,17058,1.8361178503582272e+18,2024-09-17,NEG,not ironic,
22959435,17059,17059,1.836117849493885e+18,2024-09-17,NEG,not ironic,
22959436,17060,17060,1.8361178492802376e+18,2024-09-17,NEG,ironic,
22959437,17061,17061,1.836117846272938e+18,2024-09-17,NEG,not ironic,
22959438,17062,17062,1.836117846239384e+18,2024-09-17,NEG,not ironic,
22959439,17063,17063,1.8361178462142177e+18,2024-09-17,POS,not ironic,
22959440,17064,17064,1.836117845945508e+18,2024-09-17,POS,ironic,
22959441,17065,17065,1.8361178455890168e+18,2024-09-17,NEG,not ironic,
22959442,17066,17066,1.8361178455515791e+18,2024-09-17,NEG,not ironic,
22959443,17067,17067,1.8361178451446705e+18,2024-09-17,NEU,not ironic,
22959444,17068,17068,1.8361178449011305e+18,2024-09-17,NEU,ironic,
22959445,17069,17069,1.836117844896997e+18,2024-09-17,NEG,ironic,
22959446,17070,17070,1.836117844398162e+18,2024-09-17,NEG,ironic,
22959447,17071,17071,1.8361178426404536e+18,2024-09-17,NEG,ironic,
22959448,17072,17072,1.8361178423132283e+18,2024-09-17,NEG,ironic,
22959449,17073,17073,1.8361178400021627e+18,2024-09-17,NEG,ironic,
22959450,17074,17074,1.8361178391006784e+18,2024-09-17,NEG,not ironic,
22959451,17075,17075,1.8361178384045007e+18,2024-09-17,POS,not ironic,
22959452,17076,17076,1.8361178375990927e+18,2024-09-17,NEU,not ironic,
22959453,17077,17077,1.8361178375194253e+18,2024-09-17,NEU,not ironic,
22959454,17078,17078,1.8361178373514245e+18,2024-09-17,POS,not ironic,
22959455,17079,17079,1.8361178370161664e+18,2024-09-17,NEG,not ironic,
22959456,17080,17080,1.8361178365127928e+18,2024-09-17,NEG,ironic,
22959457,17081,17081,1.8361178361057608e+18,2024-09-17,NEG,ironic,
22959458,17082,17082,1.836117831974524e+18,2024-09-17,NEU,not ironic,
22959459,17083,17083,1.8361178313789645e+18,2024-09-17,NEG,ironic,
22959460,17084,17084,1.8361178304855944e+18,2024-09-17,NEG,ironic,
22959461,17085,17085,1.8361178292399475e+18,2024-09-17,NEU,ironic,
22959462,17086,17086,1.836117828883088e+18,2024-09-17,POS,ironic,
22959463,17087,17087,1.836117828296152e+18,2024-09-17,NEG,not ironic,
22959464,17088,17088,1.8361178278303457e+18,2024-09-17,NEG,not ironic,
22959465,17089,17089,1.8361178275032064e+18,2024-09-17,NEU,not ironic,
22959466,17090,17090,1.8361178263290967e+18,2024-09-17,NEU,not ironic,
22959467,17091,17091,1.836117823124644e+18,2024-09-17,NEU,not ironic,
22959468,17092,17092,1.836117822931448e+18,2024-09-17,NEU,not ironic,
22959469,17093,17093,1.8361178193704512e+18,2024-09-17,NEU,not ironic,
22959470,17094,17094,1.8361178190265388e+18,2024-09-17,NEU,not ironic,
22959471,17095,17095,1.8361178182424049e+18,2024-09-17,NEU,not ironic,
22959472,17096,17096,1.8361178182128192e+18,2024-09-17,NEG,not ironic,
22959473,17097,17097,1.8361178174116536e+18,2024-09-17,NEG,ironic,
22959474,17098,17098,1.8361178164094927e+18,2024-09-17,POS,not ironic,
22959475,17099,17099,1.836117813616088e+18,2024-09-17,NEU,not ironic,
22959476,17100,17100,1.8361178126469737e+18,2024-09-17,NEU,ironic,
22959477,17101,17101,1.836117812344988e+18,2024-09-17,NEG,not ironic,
22959478,17102,17102,1.8361178116783188e+18,2024-09-17,NEU,ironic,
22959479,17103,17103,1.8361178109524915e+18,2024-09-17,NEG,not ironic,
22959480,17104,17104,1.836117810805691e+18,2024-09-17,NEG,not ironic,
22959481,17105,17105,1.8361178104281912e+18,2024-09-17,NEG,not ironic,
22959482,17106,17106,1.836117808205218e+18,2024-09-17,NEU,not ironic,
22959483,17107,17107,1.8361178077818104e+18,2024-09-17,NEU,not ironic,
22959484,17108,17108,1.8361178074124905e+18,2024-09-17,NEG,not ironic,
22959485,17109,17109,1.8361178062215247e+18,2024-09-17,NEU,not ironic,
22959486,17110,17110,1.836117805365891e+18,2024-09-17,NEU,ironic,
22959487,17111,17111,1.836117805298492e+18,2024-09-17,NEG,not ironic,
22959488,17112,17112,1.836117803499504e+18,2024-09-17,POS,not ironic,
22959489,17113,17113,1.8361178031720164e+18,2024-09-17,NEG,not ironic,
22959490,17114,17114,1.8361178021066263e+18,2024-09-17,NEU,not ironic,
22959491,17115,17115,1.8361178018678413e+18,2024-09-17,NEG,ironic,
22959492,17116,17116,1.8361178014355333e+18,2024-09-17,NEG,not ironic,
22959493,17117,17117,1.8361178013813023e+18,2024-09-17,NEG,ironic,
22959494,17118,17118,1.8361177981430413e+18,2024-09-17,NEU,not ironic,
22959495,17119,17119,1.8361177977616184e+18,2024-09-17,NEG,ironic,
22959496,17120,17120,1.8361177968176049e+18,2024-09-17,NEU,not ironic,
22959497,17121,17121,1.8361177957899963e+18,2024-09-17,NEU,not ironic,
22959498,17122,17122,1.836117794695357e+18,2024-09-17,NEU,ironic,
22959499,17123,17123,1.836117792447148e+18,2024-09-17,NEG,not ironic,
22959500,17124,17124,1.8361177917677284e+18,2024-09-17,NEU,not ironic,
22959501,17125,17125,1.836117789842592e+18,2024-09-17,NEU,not ironic,
22959502,17126,17126,1.8361177874097848e+18,2024-09-17,NEU,not ironic,
22959503,17127,17127,1.8361177867639524e+18,2024-09-17,NEG,not ironic,
22959504,17128,17128,1.8361177866548183e+18,2024-09-17,NEG,not ironic,
22959505,17129,17129,1.836117786629935e+18,2024-09-17,NEG,ironic,
22959506,17130,17130,1.836117786369668e+18,2024-09-17,POS,ironic,
22959507,17131,17131,1.8361177861851087e+18,2024-09-17,NEG,not ironic,
22959508,17132,17132,1.8361177861221624e+18,2024-09-17,NEG,ironic,
22959509,17133,17133,1.836117786093064e+18,2024-09-17,NEG,not ironic,
22959510,17134,17134,1.8361177859588465e+18,2024-09-17,NEG,ironic,
22959511,17135,17135,1.8361177859544064e+18,2024-09-17,NEG,not ironic,
22959512,17136,17136,1.8361177853129e+18,2024-09-17,NEU,not ironic,
22959513,17137,17137,1.8361177835007104e+18,2024-09-17,NEG,ironic,
22959514,17138,17138,1.836117782712456e+18,2024-09-17,NEU,ironic,
22959515,17139,17139,1.836117781387056e+18,2024-09-17,NEG,not ironic,
22959516,17140,17140,1.8361176669535644e+18,2024-09-17,NEG,not ironic,
22959517,17141,17141,1.836117666806764e+18,2024-09-17,NEU,ironic,
22959518,17142,17142,1.8361176644373007e+18,2024-09-17,NEU,ironic,
22959519,17143,17143,1.8361176615135808e+18,2024-09-17,NEU,not ironic,
22959520,17144,17144,1.8361176615094272e+18,2024-09-17,NEG,ironic,
22959521,17145,17145,1.836117660754449e+18,2024-09-17,NEU,not ironic,
22959522,17146,17146,1.836117660548891e+18,2024-09-17,NEG,ironic,
22959523,17147,17147,1.8361176594206968e+18,2024-09-17,NEU,not ironic,
22959524,17148,17148,1.8361176586030085e+18,2024-09-17,NEG,not ironic,
22959525,17149,17149,1.8361176563254927e+18,2024-09-17,NEU,not ironic,
22959526,17150,17150,1.836117655465452e+18,2024-09-17,NEG,not ironic,
22959527,17151,17151,1.836117654215758e+18,2024-09-17,POS,not ironic,
22959528,17152,17152,1.8361176536576945e+18,2024-09-17,NEG,not ironic,
22959529,17153,17153,1.836117653171376e+18,2024-09-17,NEG,not ironic,
22959530,17154,17154,1.8361176525170808e+18,2024-09-17,NEG,ironic,
22959531,17155,17155,1.8361176521018988e+18,2024-09-17,NEG,ironic,
22959532,17156,17156,1.836117648993583e+18,2024-09-17,NEG,not ironic,
22959533,17157,17157,1.8361176486412288e+18,2024-09-17,POS,not ironic,
22959534,17158,17158,1.8361176483730929e+18,2024-09-17,POS,not ironic,
22959535,17159,17159,1.836117647345488e+18,2024-09-17,NEG,ironic,
22959536,17160,17160,1.8361176458981952e+18,2024-09-17,NEG,not ironic,
22959537,17161,17161,1.8361176445017743e+18,2024-09-17,NEG,ironic,
22959538,17162,17162,1.836117644199768e+18,2024-09-17,NEG,not ironic,
22959539,17163,17163,1.836117643335496e+18,2024-09-17,POS,ironic,
22959540,17164,17164,1.8361176431386007e+18,2024-09-17,NEU,ironic,
22959541,17165,17165,1.8361176421697167e+18,2024-09-17,NEU,not ironic,
22959542,17166,17166,1.8361176421233628e+18,2024-09-17,NEU,not ironic,
22959543,17167,17167,1.836117642052039e+18,2024-09-17,POS,not ironic,
22959544,17168,17168,1.836117640810472e+18,2024-09-17,NEG,not ironic,
22959545,17169,17169,1.8361176402191e+18,2024-09-17,NEG,not ironic,
22959546,17170,17170,1.8361176399716024e+18,2024-09-17,POS,not ironic,
22959547,17171,17171,1.836117639757992e+18,2024-09-17,NEG,not ironic,
22959548,17172,17172,1.8361176396905843e+18,2024-09-17,NEG,ironic,
22959549,17173,17173,1.836117638965044e+18,2024-09-17,NEU,not ironic,
22959550,17174,17174,1.8361176380215503e+18,2024-09-17,NEU,ironic,
22959551,17175,17175,1.8361176369936507e+18,2024-09-17,NEU,ironic,
22959552,17176,17176,1.8361176361341133e+18,2024-09-17,NEU,ironic,
22959553,17177,17177,1.8361176357564168e+18,2024-09-17,NEG,not ironic,
22959554,17178,17178,1.836117635714429e+18,2024-09-17,NEG,ironic,
22959555,17179,17179,1.836117635051778e+18,2024-09-17,NEG,not ironic,
22959556,17180,17180,1.836117634783368e+18,2024-09-17,NEU,ironic,
22959557,17181,17181,1.836117634384856e+18,2024-09-17,POS,not ironic,
22959558,17182,17182,1.836117632916792e+18,2024-09-17,NEG,ironic,
22959559,17183,17183,1.836117631922852e+18,2024-09-17,NEU,ironic,
22959560,17184,17184,1.836117631805592e+18,2024-09-17,NEU,not ironic,
22959561,17185,17185,1.836117631473972e+18,2024-09-17,NEU,not ironic,
22959562,17186,17186,1.8361176291503475e+18,2024-09-17,NEG,not ironic,
22959563,17187,17187,1.836117628542181e+18,2024-09-17,NEU,not ironic,
22959564,17188,17188,1.836117628500296e+18,2024-09-17,POS,not ironic,
22959565,17189,17189,1.8361176274603407e+18,2024-09-17,NEU,ironic,
22959566,17190,17190,1.8361176264114752e+18,2024-09-17,NEG,ironic,
22959567,17191,17191,1.836117625589408e+18,2024-09-17,NEG,ironic,
22959568,17192,17192,1.8361176248134487e+18,2024-09-17,NEG,ironic,
22959569,17193,17193,1.8361176247046351e+18,2024-09-17,NEG,not ironic,
22959570,17194,17194,1.836117622464586e+18,2024-09-17,NEG,ironic,
22959571,17195,17195,1.8361176220242168e+18,2024-09-17,NEG,ironic,
22959572,17196,17196,1.8361176211688369e+18,2024-09-17,NEG,not ironic,
22959573,17197,17197,1.8361176200236e+18,2024-09-17,NEG,not ironic,
22959574,17198,17198,1.8361176193734943e+18,2024-09-17,NEG,not ironic,
22959575,17199,17199,1.836117617494328e+18,2024-09-17,NEU,ironic,
22959576,17200,17200,1.836117616609698e+18,2024-09-17,NEG,not ironic,
22959577,17201,17201,1.8361176164209088e+18,2024-09-17,NEG,not ironic,
22959578,17202,17202,1.8361176162698893e+18,2024-09-17,NEG,not ironic,
22959579,17203,17203,1.83611761619864e+18,2024-09-17,POS,not ironic,
22959580,17204,17204,1.8361176138959127e+18,2024-09-17,POS,ironic,
22959581,17205,17205,1.8361176132833e+18,2024-09-17,NEG,ironic,
22959582,17206,17206,1.836117611999884e+18,2024-09-17,NEU,not ironic,
22959583,17207,17207,1.836117611806896e+18,2024-09-17,NEG,ironic,
22959584,17208,17208,1.8361176108089057e+18,2024-09-17,NEG,not ironic,
22959585,17209,17209,1.836117610125201e+18,2024-09-17,NEG,ironic,
22959586,17210,17210,1.8361176099952108e+18,2024-09-17,NEG,not ironic,
22959587,17211,17211,1.8361176079442289e+18,2024-09-17,NEG,ironic,
22959588,17212,17212,1.83611760731485e+18,2024-09-17,NEG,ironic,
22959589,17213,17213,1.8361176065221184e+18,2024-09-17,NEG,ironic,
22959590,17214,17214,1.8361176059517048e+18,2024-09-17,NEU,not ironic,
22959591,17215,17215,1.8361176046430487e+18,2024-09-17,NEU,not ironic,
22959592,17216,17216,1.8361176046390848e+18,2024-09-17,NEG,not ironic,
22959593,17217,17217,1.8361176044500787e+18,2024-09-17,NEG,not ironic,
22959594,17218,17218,1.8361176038044431e+18,2024-09-17,NEG,not ironic,
22959595,17219,17219,1.8361176032633528e+18,2024-09-17,NEG,ironic,
22959596,17220,17220,1.8361176025209613e+18,2024-09-17,NEU,ironic,
22959597,17221,17221,1.836117602273223e+18,2024-09-17,NEU,not ironic,
22959598,17222,17222,1.8361176016905585e+18,2024-09-17,NEU,not ironic,
22959599,17223,17223,1.8361176016527404e+18,2024-09-17,NEG,ironic,
22959600,17224,17224,1.8361176012372465e+18,2024-09-17,NEG,not ironic,
22959601,17225,17225,1.8361176004951616e+18,2024-09-17,NEG,ironic,
22959602,17226,17226,1.836117598989128e+18,2024-09-17,NEU,not ironic,
22959603,17227,17227,1.8361175987293143e+18,2024-09-17,NEU,not ironic,
22959604,17228,17228,1.8361175974540493e+18,2024-09-17,NEG,not ironic,
22959605,17229,17229,1.836117596577411e+18,2024-09-17,NEU,ironic,
22959606,17230,17230,1.83611759612024e+18,2024-09-17,NEG,ironic,
22959607,17231,17231,1.8361175956671985e+18,2024-09-17,NEG,not ironic,
22959608,17232,17232,1.8361175946440584e+18,2024-09-17,POS,ironic,
22959609,17233,17233,1.8361175938009948e+18,2024-09-17,NEG,not ironic,
22959610,17234,17234,1.8361175930124616e+18,2024-09-17,NEG,not ironic,
22959611,17235,17235,1.8361175928822287e+18,2024-09-17,NEG,not ironic,
22959612,17236,17236,1.8361175925760044e+18,2024-09-17,NEG,not ironic,
22959613,17237,17237,1.836117591909184e+18,2024-09-17,NEU,not ironic,
22959614,17238,17238,1.8361175904623823e+18,2024-09-17,NEU,ironic,
22959615,17239,17239,1.83611758978286e+18,2024-09-17,NEU,not ironic,
22959616,17240,17240,1.8361175897616097e+18,2024-09-17,POS,ironic,
22959617,17241,17241,1.8361175886082327e+18,2024-09-17,NEG,not ironic,
22959618,17242,17242,1.8361175884907604e+18,2024-09-17,NEU,ironic,
22959619,17243,17243,1.8361175883775631e+18,2024-09-17,NEG,not ironic,
22959620,17244,17244,1.8361175883355548e+18,2024-09-17,NEU,not ironic,
22959621,17245,17245,1.8361175881887247e+18,2024-09-17,NEG,ironic,
22959622,17246,17246,1.8361175878996173e+18,2024-09-17,NEG,not ironic,
22959623,17247,17247,1.8361175861673697e+18,2024-09-17,POS,not ironic,
22959624,17248,17248,1.836117585332704e+18,2024-09-17,NEU,not ironic,
22959625,17249,17249,1.8361175843176817e+18,2024-09-17,NEG,not ironic,
22959626,17250,17250,1.8361175837808108e+18,2024-09-17,POS,not ironic,
22959627,17251,17251,1.836117583399129e+18,2024-09-17,NEG,not ironic,
22959628,17252,17252,1.836117580844872e+18,2024-09-17,NEU,ironic,
22959629,17253,17253,1.836117580492546e+18,2024-09-17,NEU,not ironic,
22959630,17254,17254,1.836117578604848e+18,2024-09-17,NEG,not ironic,
22959631,17255,17255,1.8361175781476685e+18,2024-09-17,NEU,not ironic,
22959632,17256,17256,1.836117578034426e+18,2024-09-17,POS,ironic,
22959633,17257,17257,1.836117576696632e+18,2024-09-17,NEU,not ironic,
22959634,17258,17258,1.8361175756396424e+18,2024-09-17,NEU,not ironic,
22959635,17259,17259,1.8361175755051748e+18,2024-09-17,NEU,not ironic,
22959636,17260,17260,1.8361175754131743e+18,2024-09-17,NEU,not ironic,
22959637,17261,17261,1.8361175752579853e+18,2024-09-17,NEG,ironic,
22959638,17262,17262,1.836117574616028e+18,2024-09-17,NEG,not ironic,
22959639,17263,17263,1.836117574473376e+18,2024-09-17,NEG,ironic,
22959640,17264,17264,1.836117574272324e+18,2024-09-17,NEG,not ironic,
22959641,17265,17265,1.836117573152199e+18,2024-09-17,NEG,ironic,
22959642,17266,17266,1.8361175728546488e+18,2024-09-17,NEU,ironic,
22959643,17267,17267,1.836117572724593e+18,2024-09-17,NEU,ironic,
22959644,17268,17268,1.836117572543984e+18,2024-09-17,NEU,not ironic,
22959645,17269,17269,1.836117572388852e+18,2024-09-17,NEG,ironic,
22959646,17270,17270,1.836117571751547e+18,2024-09-17,NEG,not ironic,
22959647,17271,17271,1.836117570723943e+18,2024-09-17,NEG,not ironic,
22959648,17272,17272,1.8361175703171564e+18,2024-09-17,NEG,not ironic,
22959649,17273,17273,1.8361175676241224e+18,2024-09-17,POS,not ironic,
22959650,17274,17274,1.8361175666470792e+18,2024-09-17,NEG,not ironic,
22959651,17275,17275,1.8361175663826573e+18,2024-09-17,NEU,not ironic,
22959652,17276,17276,1.8361175653342377e+18,2024-09-17,NEU,not ironic,
22959653,17277,17277,1.8361175643232008e+18,2024-09-17,NEG,ironic,
22959654,17278,17278,1.836117563593376e+18,2024-09-17,NEG,not ironic,
22959655,17279,17279,1.836117563199096e+18,2024-09-17,NEG,not ironic,
22959656,17280,17280,1.836117561597137e+18,2024-09-17,NEG,not ironic,
22959657,17281,17281,1.8361175613580616e+18,2024-09-17,NEG,not ironic,
22959658,17282,17282,1.836117560384984e+18,2024-09-17,NEU,not ironic,
22959659,17283,17283,1.8361175587951447e+18,2024-09-17,NEG,not ironic,
22959660,17284,17284,1.8361175561568827e+18,2024-09-17,NEU,not ironic,
22959661,17285,17285,1.8361175546975068e+18,2024-09-17,POS,ironic,
22959662,17286,17286,1.836117554022224e+18,2024-09-17,NEG,not ironic,
22959663,17287,17287,1.836117553770628e+18,2024-09-17,NEU,ironic,
22959664,17288,17288,1.8361175534140828e+18,2024-09-17,NEG,not ironic,
22959665,17289,17289,1.8361175531456148e+18,2024-09-17,NEU,not ironic,
22959666,17290,17290,1.8361175529650545e+18,2024-09-17,NEU,not ironic,
22959667,17291,17291,1.8361175522899763e+18,2024-09-17,NEG,ironic,
22959668,17292,17292,1.8361175513166195e+18,2024-09-17,NEU,not ironic,
22959669,17293,17293,1.8361175508720804e+18,2024-09-17,NEG,not ironic,
22959670,17294,17294,1.8361175491777784e+18,2024-09-17,NEG,not ironic,
22959671,17295,17295,1.8361175483386844e+18,2024-09-17,NEG,not ironic,
22959672,17296,17296,1.836117548242182e+18,2024-09-17,NEG,ironic,
22959673,17297,17297,1.8361175477769047e+18,2024-09-17,POS,ironic,
22959674,17298,17298,1.836117546237596e+18,2024-09-17,NEU,ironic,
22959675,17299,17299,1.836117546128544e+18,2024-09-17,NEU,not ironic,
22959676,17300,17300,1.8361175460150152e+18,2024-09-17,NEU,ironic,
22959677,17301,17301,1.836117545050424e+18,2024-09-17,NEU,not ironic,
22959678,17302,17302,1.8361175446057613e+18,2024-09-17,POS,not ironic,
22959679,17303,17303,1.836117544043688e+18,2024-09-17,NEG,ironic,
22959680,17304,17304,1.8361175406046456e+18,2024-09-17,NEG,not ironic,
22959681,17305,17305,1.8361175403781527e+18,2024-09-17,NEG,not ironic,
22959682,17306,17306,1.836117539752948e+18,2024-09-17,NEG,not ironic,
22959683,17307,17307,1.8361175390189816e+18,2024-09-17,POS,not ironic,
22959684,17308,17308,1.836117536330384e+18,2024-09-17,NEG,not ironic,
22959685,17309,17309,1.8361175357432384e+18,2024-09-17,NEG,not ironic,
22959686,17310,17310,1.8361175355880284e+18,2024-09-17,NEU,ironic,
22959687,17311,17311,1.836117534841381e+18,2024-09-17,NEU,not ironic,
22959688,17312,17312,1.836117534744977e+18,2024-09-17,NEG,not ironic,
22959689,17313,17313,1.8361175346780813e+18,2024-09-17,NEU,not ironic,
22959690,17314,17314,1.836117534472332e+18,2024-09-17,NEG,ironic,
22959691,17315,17315,1.836117534212248e+18,2024-09-17,NEU,not ironic,
22959692,17316,17316,1.836117533465916e+18,2024-09-17,NEG,not ironic,
22959693,17317,17317,1.836117532610306e+18,2024-09-17,NEG,not ironic,
22959694,17318,17318,1.8361175324044948e+18,2024-09-17,NEU,ironic,
22959695,17319,17319,1.8361175306849e+18,2024-09-17,NEG,not ironic,
22959696,17320,17320,1.836117529313337e+18,2024-09-17,NEG,ironic,
22959697,17321,17321,1.836117526285292e+18,2024-09-17,NEG,ironic,
22959698,17322,17322,1.8361175258026929e+18,2024-09-17,NEU,ironic,
22959699,17323,17323,1.8361175256517555e+18,2024-09-17,NEG,ironic,
22959700,17324,17324,1.836117524854833e+18,2024-09-17,NEG,ironic,
22959701,17325,17325,1.836117523991028e+18,2024-09-17,NEG,not ironic,
22959702,17326,17326,1.8361175238733207e+18,2024-09-17,NEG,not ironic,
22959703,17327,17327,1.8361175238358185e+18,2024-09-17,NEG,not ironic,
22959704,17328,17328,1.836117522959184e+18,2024-09-17,NEG,not ironic,
22959705,17329,17329,1.8361175225691384e+18,2024-09-17,NEG,not ironic,
22959706,17330,17330,1.8361175199264484e+18,2024-09-17,NEG,ironic,
22959707,17331,17331,1.8361175194021809e+18,2024-09-17,NEG,not ironic,
22959708,17332,17332,1.8361175176995884e+18,2024-09-17,NEG,not ironic,
22959709,17333,17333,1.83611751573221e+18,2024-09-17,NEG,not ironic,
22959710,17334,17334,1.836117515053016e+18,2024-09-17,NEG,ironic,
22959711,17335,17335,1.836117514146976e+18,2024-09-17,POS,ironic,
22959712,17336,17336,1.8361175139330665e+18,2024-09-17,NEG,not ironic,
22959713,17337,17337,1.836117513132024e+18,2024-09-17,NEG,ironic,
22959714,17338,17338,1.8361175130981417e+18,2024-09-17,NEU,not ironic,
22959715,17339,17339,1.836117511412314e+18,2024-09-17,NEG,not ironic,
22959716,17340,17340,1.8361175106531607e+18,2024-09-17,NEG,ironic,
22959717,17341,17341,1.8361175080568463e+18,2024-09-17,NEU,not ironic,
22959718,17342,17342,1.836117508010484e+18,2024-09-17,NEG,ironic,
22959719,17343,17343,1.8361175072639145e+18,2024-09-17,NEG,ironic,
22959720,17344,17344,1.8361175057625623e+18,2024-09-17,NEG,ironic,
22959721,17345,17345,1.8361175043407631e+18,2024-09-17,NEU,not ironic,
22959722,17346,17346,1.8361175028514816e+18,2024-09-17,NEG,not ironic,
22959723,17347,17347,1.8361175027340567e+18,2024-09-17,NEG,ironic,
22959724,17348,17348,1.8361175025411364e+18,2024-09-17,NEU,ironic,
22959725,17349,17349,1.8361175025117105e+18,2024-09-17,NEU,ironic,
22959726,17350,17350,1.83611750197912e+18,2024-09-17,NEG,not ironic,
22959727,17351,17351,1.836117501513732e+18,2024-09-17,NEG,not ironic,
22959728,17352,17352,1.8361175014463247e+18,2024-09-17,NEU,not ironic,
22959729,17353,17353,1.8361174991314289e+18,2024-09-17,NEG,not ironic,
22959730,17354,17354,1.836117497894048e+18,2024-09-17,NEU,not ironic,
22959731,17355,17355,1.8361174974744044e+18,2024-09-17,NEG,ironic,
22959732,17356,17356,1.8361174968494533e+18,2024-09-17,NEU,not ironic,
22959733,17357,17357,1.8361174949999785e+18,2024-09-17,NEG,ironic,
22959734,17358,17358,1.836117494488273e+18,2024-09-17,NEG,ironic,
22959735,17359,17359,1.836117494118888e+18,2024-09-17,NEG,not ironic,
22959736,17360,17360,1.8361174934061425e+18,2024-09-17,POS,not ironic,
22959737,17361,17361,1.8361174930664044e+18,2024-09-17,NEG,ironic,
22959738,17362,17362,1.8361174920346053e+18,2024-09-17,NEG,not ironic,
22959739,17363,17363,1.836117491841667e+18,2024-09-17,NEU,not ironic,
22959740,17364,17364,1.8361174912458675e+18,2024-09-17,NEG,not ironic,
22959741,17365,17365,1.8361174904827044e+18,2024-09-17,NEG,ironic,
22959742,17366,17366,1.8361174901637248e+18,2024-09-17,POS,ironic,
22959743,17367,17367,1.8361174891111752e+18,2024-09-17,NEU,not ironic,
22959744,17368,17368,1.8361174890606351e+18,2024-09-17,NEU,not ironic,
22959745,17369,17369,1.8361174870683484e+18,2024-09-17,NEG,ironic,
22959746,17370,17370,1.836117485957063e+18,2024-09-17,NEU,not ironic,
22959747,17371,17371,1.8361174850214505e+18,2024-09-17,NEU,ironic,
22959748,17372,17372,1.8361174846900964e+18,2024-09-17,NEG,not ironic,
22959749,17373,17373,1.836117482496804e+18,2024-09-17,NEU,not ironic,
22959750,17374,17374,1.8361174817627177e+18,2024-09-17,NEU,not ironic,
22959751,17375,17375,1.836117481687028e+18,2024-09-17,POS,not ironic,
22959752,17376,17376,1.836117478893654e+18,2024-09-17,POS,ironic,
22959753,17377,17377,1.8361174779415268e+18,2024-09-17,NEU,not ironic,
22959754,17378,17378,1.83611747756406e+18,2024-09-17,NEG,not ironic,
22959755,17379,17379,1.8361174775220923e+18,2024-09-17,NEU,ironic,
22959756,17380,17380,1.836117476276605e+18,2024-09-17,POS,ironic,
22959757,17381,17381,1.8361174748377167e+18,2024-09-17,NEG,not ironic,
22959758,17382,17382,1.8361174740869527e+18,2024-09-17,NEG,not ironic,
22959759,17383,17383,1.8361174729589107e+18,2024-09-17,NEG,ironic,
22959760,17384,17384,1.8361174727070267e+18,2024-09-17,NEU,ironic,
22959761,17385,17385,1.836117471981351e+18,2024-09-17,NEU,ironic,
22959762,17386,17386,1.8361174707275407e+18,2024-09-17,NEU,not ironic,
22959763,17387,17387,1.8361174699767928e+18,2024-09-17,NEG,ironic,
22959764,17388,17388,1.8361174686303887e+18,2024-09-17,NEG,not ironic,
22959765,17389,17389,1.8361174682232468e+18,2024-09-17,NEG,ironic,
22959766,17390,17390,1.8361174665706908e+18,2024-09-17,NEG,ironic,
22959767,17391,17391,1.8361174664913308e+18,2024-09-17,NEG,not ironic,
22959768,17392,17392,1.8361174658996472e+18,2024-09-17,NEG,not ironic,
22959769,17393,17393,1.8361174649352072e+18,2024-09-17,NEU,ironic,
22959770,17394,17394,1.8361174641087e+18,2024-09-17,NEU,not ironic,
22959771,17395,17395,1.8361174622841324e+18,2024-09-17,NEG,not ironic,
22959772,17396,17396,1.8361174617349773e+18,2024-09-17,NEG,not ironic,
22959773,17397,17397,1.836117461521044e+18,2024-09-17,POS,not ironic,
22959774,17398,17398,1.836117461445575e+18,2024-09-17,NEG,not ironic,
22959775,17399,17399,1.83611745997754e+18,2024-09-17,NEG,not ironic,
22959776,17400,17400,1.836117459876602e+18,2024-09-17,NEG,not ironic,
22959777,17401,17401,1.836117459511972e+18,2024-09-17,NEG,ironic,
22959778,17402,17402,1.8361174593691528e+18,2024-09-17,NEU,not ironic,
22959779,17403,17403,1.836117458761192e+18,2024-09-17,NEG,ironic,
22959780,17404,17404,1.836117457419044e+18,2024-09-17,NEG,not ironic,
22959781,17405,17405,1.83611745701612e+18,2024-09-17,NEU,ironic,
22959782,17406,17406,1.836117456903164e+18,2024-09-17,NEU,ironic,
22959783,17407,17407,1.8361174548353231e+18,2024-09-17,NEG,not ironic,
22959784,17408,17408,1.836117454562493e+18,2024-09-17,NEU,ironic,
22959785,17409,17409,1.83611745343416e+18,2024-09-17,POS,ironic,
22959786,17410,17410,1.8361174531156585e+18,2024-09-17,NEG,not ironic,
22959787,17411,17411,1.8361174527172e+18,2024-09-17,NEG,ironic,
22959788,17412,17412,1.836117450993341e+18,2024-09-17,NEG,not ironic,
22959789,17413,17413,1.836117450942812e+18,2024-09-17,NEG,ironic,
22959790,17414,17414,1.836117450489816e+18,2024-09-17,NEG,not ironic,
22959791,17415,17415,1.8361174489213176e+18,2024-09-17,NEG,not ironic,
22959792,17416,17416,1.8361174478557555e+18,2024-09-17,NEG,ironic,
22959793,17417,17417,1.8361174451506752e+18,2024-09-17,NEG,not ironic,
22959794,17418,17418,1.8361174444122767e+18,2024-09-17,POS,not ironic,
22959795,17419,17419,1.8361174441353628e+18,2024-09-17,NEU,not ironic,
22959796,17420,17420,1.836117443523015e+18,2024-09-17,NEG,not ironic,
22959797,17421,17421,1.8361174427766991e+18,2024-09-17,NEU,not ironic,
22959798,17422,17422,1.836117442621231e+18,2024-09-17,POS,ironic,
22959799,17423,17423,1.8361174425921487e+18,2024-09-17,NEU,not ironic,
22959800,17424,17424,1.8361174424870835e+18,2024-09-17,NEG,not ironic,
22959801,17425,17425,1.8361174420469307e+18,2024-09-17,NEG,ironic,
22959802,17426,17426,1.8361174414133128e+18,2024-09-17,NEU,not ironic,
22959803,17427,17427,1.836117438397584e+18,2024-09-17,NEG,ironic,
22959804,17428,17428,1.8361174381627064e+18,2024-09-17,NEG,not ironic,
22959805,17429,17429,1.8361174376260936e+18,2024-09-17,NEG,ironic,
22959806,17430,17430,1.8361174365940408e+18,2024-09-17,NEU,not ironic,
22959807,17431,17431,1.836117436464345e+18,2024-09-17,NEG,not ironic,
22959808,17432,17432,1.8361174359022308e+18,2024-09-17,POS,ironic,
22959809,17433,17433,1.8361174347110523e+18,2024-09-17,NEU,not ironic,
22959810,17434,17434,1.8361174346313608e+18,2024-09-17,NEU,not ironic,
22959811,17435,17435,1.836117434127848e+18,2024-09-17,NEG,not ironic,
22959812,17436,17436,1.8361174330205263e+18,2024-09-17,NEG,ironic,
22959813,17437,17437,1.8361174330037453e+18,2024-09-17,NEU,not ironic,
22959814,17438,17438,1.83611743219848e+18,2024-09-17,NEG,not ironic,
22959815,17439,17439,1.8361174316489807e+18,2024-09-17,NEG,not ironic,
22959816,17440,17440,1.836117431590269e+18,2024-09-17,NEG,not ironic,
22959817,17441,17441,1.8361174297408023e+18,2024-09-17,POS,ironic,
22959818,17442,17442,1.8361174295730583e+18,2024-09-17,NEU,not ironic,
22959819,17443,17443,1.8361174293420687e+18,2024-09-17,NEU,ironic,
22959820,17444,17444,1.83611742888514e+18,2024-09-17,NEU,not ironic,
22959821,17445,17445,1.836117428406744e+18,2024-09-17,NEU,ironic,
22959822,17446,17446,1.836117427522016e+18,2024-09-17,NEU,not ironic,
22959823,17447,17447,1.8361174262091983e+18,2024-09-17,NEG,not ironic,
22959824,17448,17448,1.8361174256259848e+18,2024-09-17,NEU,not ironic,
22959825,17449,17449,1.8361174247912527e+18,2024-09-17,POS,ironic,
22959826,17450,17450,1.836117424489533e+18,2024-09-17,NEU,not ironic,
22959827,17451,17451,1.836117423419708e+18,2024-09-17,POS,not ironic,
22959828,17452,17452,1.8361174211296097e+18,2024-09-17,NEG,not ironic,
22959829,17453,17453,1.83611742076088e+18,2024-09-17,NEG,not ironic,
22959830,17454,17454,1.8361174198423104e+18,2024-09-17,POS,ironic,
22959831,17455,17455,1.8361174198128845e+18,2024-09-17,NEG,not ironic,
22959832,17456,17456,1.8361174150523497e+18,2024-09-17,NEG,not ironic,
22959833,17457,17457,1.8361174148090803e+18,2024-09-17,POS,not ironic,
22959834,17458,17458,1.8361174146494423e+18,2024-09-17,NEU,not ironic,
22959835,17459,17459,1.8361174142176832e+18,2024-09-17,NEG,not ironic,
22959836,17460,17460,1.8361174135885087e+18,2024-09-17,NEG,not ironic,
22959837,17461,17461,1.8361174132569367e+18,2024-09-17,NEU,not ironic,
22959838,17462,17462,1.836117412883612e+18,2024-09-17,NEU,not ironic,
22959839,17463,17463,1.8361174118602225e+18,2024-09-17,NEG,ironic,
22959840,17464,17464,1.836117411260662e+18,2024-09-17,NEU,not ironic,
22959841,17465,17465,1.8361174097840287e+18,2024-09-17,NEG,ironic,
22959842,17466,17466,1.8361174087776712e+18,2024-09-17,NEU,not ironic,
22959843,17467,17467,1.836117408622269e+18,2024-09-17,NEG,not ironic,
22959844,17468,17468,1.8361174057913592e+18,2024-09-17,NEU,not ironic,
22959845,17469,17469,1.83611740568617e+18,2024-09-17,NEG,ironic,
22959846,17470,17470,1.836117405380072e+18,2024-09-17,NEG,not ironic,
22959847,17471,17471,1.8361174039834007e+18,2024-09-17,NEG,ironic,
22959848,17472,17472,1.83611740124894e+18,2024-09-17,POS,not ironic,
22959849,17473,17473,1.8361174005442808e+18,2024-09-17,NEG,not ironic,
22959850,17474,17474,1.8361174002587896e+18,2024-09-17,NEU,ironic,
22959851,17475,17475,1.836117399642256e+18,2024-09-17,NEG,not ironic,
22959852,17476,17476,1.836117398887216e+18,2024-09-17,POS,not ironic,
22959853,17477,17477,1.836117398661009e+18,2024-09-17,NEG,not ironic,
22959854,17478,17478,1.8361173986526208e+18,2024-09-17,NEG,not ironic,
22959855,17479,17479,1.8361173980735816e+18,2024-09-17,NEG,ironic,
22959856,17480,17480,1.8361173965344973e+18,2024-09-17,NEG,not ironic,
22959857,17481,17481,1.8361173944748488e+18,2024-09-17,NEG,not ironic,
22959858,17482,17482,1.836117392617009e+18,2024-09-17,NEG,ironic,
22959859,17483,17483,1.836117392101118e+18,2024-09-17,NEU,not ironic,
22959860,17484,17484,1.836117391455196e+18,2024-09-17,NEG,not ironic,
22959861,17485,17485,1.8361173905783565e+18,2024-09-17,NEG,not ironic,
22959862,17486,17486,1.836117388707926e+18,2024-09-17,NEU,ironic,
22959863,17487,17487,1.8361173883136617e+18,2024-09-17,NEG,not ironic,
22959864,17488,17488,1.8361173842239647e+18,2024-09-17,POS,ironic,
22959865,17489,17489,1.8361173839474647e+18,2024-09-17,POS,not ironic,
22959866,17490,17490,1.8361173835993416e+18,2024-09-17,NEU,not ironic,
22959867,17491,17491,1.8361173829866865e+18,2024-09-17,NEG,not ironic,
22959868,17492,17492,1.8361173811956616e+18,2024-09-17,NEG,not ironic,
22959869,17493,17493,1.8361173811118408e+18,2024-09-17,NEG,ironic,
22959870,17494,17494,1.8361173792956664e+18,2024-09-17,NEU,not ironic,
22959871,17495,17495,1.8361173777356268e+18,2024-09-17,NEG,not ironic,
22959872,17496,17496,1.836117377685296e+18,2024-09-17,NEG,ironic,
22959873,17497,17497,1.8361173754788288e+18,2024-09-17,NEG,not ironic,
22959874,17498,17498,1.8361173733733376e+18,2024-09-17,NEU,ironic,
22959875,17499,17499,1.836117371720996e+18,2024-09-17,NEU,not ironic,
22959876,17500,17500,1.836117371230065e+18,2024-09-17,NEU,not ironic,
22959877,17501,17501,1.836117370483676e+18,2024-09-17,NEU,not ironic,
22959878,17502,17502,1.8361173700388905e+18,2024-09-17,NEG,ironic,
22959879,17503,17503,1.836117369808392e+18,2024-09-17,NEU,not ironic,
22959880,17504,17504,1.836117369715868e+18,2024-09-17,POS,not ironic,
22959881,17505,17505,1.8361173691414976e+18,2024-09-17,NEU,not ironic,
22959882,17506,17506,1.8361173678830144e+18,2024-09-17,NEU,not ironic,
22959883,17507,17507,1.836117367543468e+18,2024-09-17,NEU,not ironic,
22959884,17508,17508,1.836117366243234e+18,2024-09-17,NEG,ironic,
22959885,17509,17509,1.836117366196872e+18,2024-09-17,NEG,ironic,
22959886,17510,17510,1.8361173658278047e+18,2024-09-17,NEU,ironic,
22959887,17511,17511,1.83611736539578e+18,2024-09-17,NEU,not ironic,
22959888,17512,17512,1.836117364691096e+18,2024-09-17,NEG,ironic,
22959889,17513,17513,1.8361173632862743e+18,2024-09-17,NEG,not ironic,
22959890,17514,17514,1.8361173621242432e+18,2024-09-17,NEU,not ironic,
22959891,17515,17515,1.8361173618937408e+18,2024-09-17,NEG,ironic,
22959892,17516,17516,1.836117361075815e+18,2024-09-17,POS,not ironic,
22959893,17517,17517,1.8361173578459712e+18,2024-09-17,NEG,not ironic,
22959894,17518,17518,1.836117357443376e+18,2024-09-17,POS,ironic,
22959895,17519,17519,1.836117354763207e+18,2024-09-17,NEU,ironic,
22959896,17520,17520,1.8361173546037407e+18,2024-09-17,NEG,ironic,
22959897,17521,17521,1.836117353513521e+18,2024-09-17,NEG,ironic,
22959898,17522,17522,1.8361173524647409e+18,2024-09-17,NEG,not ironic,
22959899,17523,17523,1.8361173522130447e+18,2024-09-17,NEG,not ironic,
22959900,17524,17524,1.8361173521417047e+18,2024-09-17,POS,ironic,
22959901,17525,17525,1.836117352032752e+18,2024-09-17,NEU,not ironic,
22959902,17526,17526,1.836117351466406e+18,2024-09-17,NEG,not ironic,
22959903,17527,17527,1.8361173513071127e+18,2024-09-17,NEG,not ironic,
22959904,17528,17528,1.8361173490885304e+18,2024-09-17,NEG,not ironic,
22959905,17529,17529,1.8361173479264376e+18,2024-09-17,NEG,ironic,
22959906,17530,17530,1.836117347742159e+18,2024-09-17,NEU,not ironic,
22959907,17531,17531,1.836117347280556e+18,2024-09-17,NEU,not ironic,
22959908,17532,17532,1.8361173469536297e+18,2024-09-17,NEU,not ironic,
22959909,17533,17533,1.836117346601009e+18,2024-09-17,NEG,ironic,
22959910,17534,17534,1.8361173461567647e+18,2024-09-17,NEG,not ironic,
22959911,17535,17535,1.836117345980552e+18,2024-09-17,NEU,ironic,
22959912,17536,17536,1.8361173454563085e+18,2024-09-17,NEG,not ironic,
22959913,17537,17537,1.8361173452336788e+18,2024-09-17,NEU,not ironic,
22959914,17538,17538,1.8361173421175967e+18,2024-09-17,NEG,not ironic,
22959915,17539,17539,1.836117340028625e+18,2024-09-17,NEU,ironic,
22959916,17540,17540,1.8361173371848207e+18,2024-09-17,NEG,not ironic,
22959917,17541,17541,1.836117335494812e+18,2024-09-17,POS,not ironic,
22959918,17542,17542,1.836117334924366e+18,2024-09-17,NEG,not ironic,
22959919,17543,17543,1.836117334454604e+18,2024-09-17,NEG,not ironic,
22959920,17544,17544,1.836117332961186e+18,2024-09-17,NEG,not ironic,
22959921,17545,17545,1.8361173328605844e+18,2024-09-17,NEG,not ironic,
22959922,17546,17546,1.8361173328228152e+18,2024-09-17,NEG,ironic,
22959923,17547,17547,1.8361173322064568e+18,2024-09-17,NEG,not ironic,
22959924,17548,17548,1.836117330071364e+18,2024-09-17,NEU,not ironic,
22959925,17549,17549,1.836117329152795e+18,2024-09-17,NEU,not ironic,
22959926,17550,17550,1.8361173284733207e+18,2024-09-17,POS,not ironic,
22959927,17551,17551,1.8361173281506225e+18,2024-09-17,NEG,not ironic,
22959928,17552,17552,1.8361173281463708e+18,2024-09-17,NEU,not ironic,
22959929,17553,17553,1.8361173278650647e+18,2024-09-17,NEG,not ironic,
22959930,17554,17554,1.8361173261203128e+18,2024-09-17,NEG,not ironic,
22959931,17555,17555,1.836117325986304e+18,2024-09-17,NEG,not ironic,
22959932,17556,17556,1.8361173257847035e+18,2024-09-17,NEU,not ironic,
22959933,17557,17557,1.8361173251893865e+18,2024-09-17,NEG,ironic,
22959934,17558,17558,1.83611732508851e+18,2024-09-17,NEG,not ironic,
22959935,17559,17559,1.8361173246899853e+18,2024-09-17,NEG,not ironic,
22959936,17560,17560,1.8361173245057152e+18,2024-09-17,NEU,not ironic,
22959937,17561,17561,1.836117323242968e+18,2024-09-17,NEG,not ironic,
22959938,17562,17562,1.8361173226892905e+18,2024-09-17,NEG,not ironic,
22959939,17563,17563,1.8361173215316544e+18,2024-09-17,NEG,not ironic,
22959940,17564,17564,1.8361173212719068e+18,2024-09-17,NEU,not ironic,
22959941,17565,17565,1.8361173166705377e+18,2024-09-17,NEG,ironic,
22959942,17566,17566,1.8361173163726769e+18,2024-09-17,NEU,ironic,
22959943,17567,17567,1.836117316163244e+18,2024-09-17,NEG,not ironic,
22959944,17568,17568,1.8361173147875128e+18,2024-09-17,NEG,not ironic,
22959945,17569,17569,1.836117314712015e+18,2024-09-17,NEU,ironic,
22959946,17570,17570,1.836117314149978e+18,2024-09-17,NEU,not ironic,
22959947,17571,17571,1.836117313692861e+18,2024-09-17,NEU,ironic,
22959948,17572,17572,1.8361173101483827e+18,2024-09-17,POS,not ironic,
22959949,17573,17573,1.8361173080638587e+18,2024-09-17,NEU,not ironic,
22959950,17574,17574,1.836117305207436e+18,2024-09-17,NEG,not ironic,
22959951,17575,17575,1.8361173049054825e+18,2024-09-17,POS,ironic,
22959952,17576,17576,1.8361173045825743e+18,2024-09-17,NEG,not ironic,
22959953,17577,17577,1.8361173033999767e+18,2024-09-17,NEU,not ironic,
22959954,17578,17578,1.836117300967281e+18,2024-09-17,NEG,not ironic,
22959955,17579,17579,1.836117299427783e+18,2024-09-17,NEG,ironic,
22959956,17580,17580,1.836117299394417e+18,2024-09-17,NEG,ironic,
22959957,17581,17581,1.836117299281138e+18,2024-09-17,NEU,not ironic,
22959958,17582,17582,1.836117299083776e+18,2024-09-17,NEG,not ironic,
22959959,17583,17583,1.8361172981149207e+18,2024-09-17,NEG,ironic,
22959960,17584,17584,1.8361172980564664e+18,2024-09-17,NEG,not ironic,
22959961,17585,17585,1.8361172944367288e+18,2024-09-17,NEU,ironic,
22959962,17586,17586,1.8361172931069297e+18,2024-09-17,NEG,ironic,
22959963,17587,17587,1.836117292792304e+18,2024-09-17,NEU,not ironic,
22959964,17588,17588,1.8361172922767444e+18,2024-09-17,POS,not ironic,
22959965,17589,17589,1.83611729065744e+18,2024-09-17,NEG,not ironic,
22959966,17590,17590,1.8361172903512968e+18,2024-09-17,NEG,not ironic,
22959967,17591,17591,1.8361172881953303e+18,2024-09-17,NEG,ironic,
22959968,17592,17592,1.836117287272579e+18,2024-09-17,POS,not ironic,
22959969,17593,17593,1.8361172866060657e+18,2024-09-17,NEG,not ironic,
22959970,17594,17594,1.836117285506852e+18,2024-09-17,NEG,not ironic,
22959971,17595,17595,1.83611728545255e+18,2024-09-17,POS,not ironic,
22959972,17596,17596,1.8361172835480945e+18,2024-09-17,NEG,not ironic,
22959973,17597,17597,1.836117283422257e+18,2024-09-17,NEU,not ironic,
22959974,17598,17598,1.836117281929368e+18,2024-09-17,NEU,ironic,
22959975,17599,17599,1.8361172804277453e+18,2024-09-17,NEG,ironic,
22959976,17600,17600,1.8361172796392448e+18,2024-09-17,NEG,not ironic,
22959977,17601,17601,1.836117279509221e+18,2024-09-17,NEG,ironic,
22959978,17602,17602,1.8361172785023552e+18,2024-09-17,NEG,not ironic,
22959979,17603,17603,1.8361172758641708e+18,2024-09-17,POS,ironic,
22959980,17604,17604,1.836117273440064e+18,2024-09-17,NEG,not ironic,
22959981,17605,17605,1.8361172731042857e+18,2024-09-17,NEG,not ironic,
22959982,17606,17606,1.8361172716363085e+18,2024-09-17,NEG,ironic,
22959983,17607,17607,1.8361172716281329e+18,2024-09-17,NEU,not ironic,
22959984,17608,17608,1.8361172712251725e+18,2024-09-17,NEG,ironic,
22959985,17609,17609,1.836117271007343e+18,2024-09-17,NEU,not ironic,
22959986,17610,17610,1.836117270978008e+18,2024-09-17,NEU,not ironic,
22959987,17611,17611,1.836117270373777e+18,2024-09-17,NEG,ironic,
22959988,17612,17612,1.8361172689815188e+18,2024-09-17,NEU,not ironic,
22959989,17613,17613,1.836117268461224e+18,2024-09-17,NEU,ironic,
22959990,17614,17614,1.8361172681969464e+18,2024-09-17,NEG,not ironic,
22959991,17615,17615,1.8361172681255813e+18,2024-09-17,NEU,ironic,
22959992,17616,17616,1.8361172676226048e+18,2024-09-17,POS,ironic,
22959993,17617,17617,1.8361172663052943e+18,2024-09-17,NEG,not ironic,
22959994,17618,17618,1.836117264715912e+18,2024-09-17,NEG,not ironic,
22959995,17619,17619,1.8361172627026127e+18,2024-09-17,NEG,ironic,
22959996,17620,17620,1.836117262278808e+18,2024-09-17,NEG,not ironic,
22959997,17621,17621,1.836117260538385e+18,2024-09-17,NEG,ironic,
22959998,17622,17622,1.8361172603790008e+18,2024-09-17,NEG,not ironic,
22959999,17623,17623,1.8361172601858708e+18,2024-09-17,NEU,ironic,
22960000,17624,17624,1.836117259867325e+18,2024-09-17,NEU,ironic,
22960001,17625,17625,1.8361172595859955e+18,2024-09-17,NEU,ironic,
22960002,17626,17626,1.8361172585626176e+18,2024-09-17,NEG,not ironic,
22960003,17627,17627,1.8361172578288888e+18,2024-09-17,NEG,not ironic,
22960004,17628,17628,1.8361172577866588e+18,2024-09-17,NEU,not ironic,
22960005,17629,17629,1.83611725556374e+18,2024-09-17,NEU,not ironic,
22960006,17630,17630,1.8361172544102528e+18,2024-09-17,NEU,not ironic,
22960007,17631,17631,1.8361172540914767e+18,2024-09-17,NEG,not ironic,
22960008,17632,17632,1.836117254074962e+18,2024-09-17,NEG,ironic,
22960009,17633,17633,1.8361172527912635e+18,2024-09-17,NEG,ironic,
22960010,17634,17634,1.8361172519021204e+18,2024-09-17,NEG,ironic,
22960011,17635,17635,1.8361172503923305e+18,2024-09-17,NEU,not ironic,
22960012,17636,17636,1.836117250149093e+18,2024-09-17,NEG,not ironic,
22960013,17637,17637,1.8361172498723144e+18,2024-09-17,NEU,not ironic,
22960014,17638,17638,1.8361172498342671e+18,2024-09-17,NEG,not ironic,
22960015,17639,17639,1.836117249742328e+18,2024-09-17,NEU,not ironic,
22960016,17640,17640,1.8361172489535365e+18,2024-09-17,NEG,ironic,
22960017,17641,17641,1.8361172487649728e+18,2024-09-17,NEG,not ironic,
22960018,17642,17642,1.8361172479091016e+18,2024-09-17,NEU,not ironic,
22960019,17643,17643,1.8361172449521293e+18,2024-09-17,NEU,not ironic,
22960020,17644,17644,1.836117243391889e+18,2024-09-17,NEG,ironic,
22960021,17645,17645,1.836117241848566e+18,2024-09-17,NEG,ironic,
22960022,17646,17646,1.8361172408668813e+18,2024-09-17,NEG,not ironic,
22960023,17647,17647,1.83611724070332e+18,2024-09-17,NEG,not ironic,
22960024,17648,17648,1.83611723962536e+18,2024-09-17,NEU,not ironic,
22960025,17649,17649,1.8361172394955607e+18,2024-09-17,NEG,ironic,
22960026,17650,17650,1.836117239441036e+18,2024-09-17,NEU,not ironic,
22960027,17651,17651,1.8361172383753915e+18,2024-09-17,NEU,ironic,
22960028,17652,17652,1.8361172382540104e+18,2024-09-17,POS,not ironic,
22960029,17653,17653,1.8361172378220337e+18,2024-09-17,NEG,ironic,
22960030,17654,17654,1.8361172355864904e+18,2024-09-17,POS,not ironic,
22960031,17655,17655,1.836117234844074e+18,2024-09-17,NEU,not ironic,
22960032,17656,17656,1.8361172346803e+18,2024-09-17,NEG,ironic,
22960033,17657,17657,1.8361172338206684e+18,2024-09-17,NEU,not ironic,
22960034,17658,17658,1.8361172337616727e+18,2024-09-17,NEU,ironic,
22960035,17659,17659,1.83611723055306e+18,2024-09-17,NEG,not ironic,
22960036,17660,17660,1.836117230310036e+18,2024-09-17,NEU,ironic,
22960037,17661,17661,1.836117227638043e+18,2024-09-17,NEG,not ironic,
22960038,17662,17662,1.8361172274870684e+18,2024-09-17,NEU,ironic,
22960039,17663,17663,1.8361172264175368e+18,2024-09-17,NEU,not ironic,
22960040,17664,17664,1.836117224937132e+18,2024-09-17,NEU,not ironic,
22960041,17665,17665,1.836117224324539e+18,2024-09-17,NEG,not ironic,
22960042,17666,17666,1.836117223875973e+18,2024-09-17,NEG,not ironic,
22960043,17667,17667,1.836117223087444e+18,2024-09-17,NEU,not ironic,
22960044,17668,17668,1.8361172219046505e+18,2024-09-17,NEG,not ironic,
22960045,17669,17669,1.8361172216781376e+18,2024-09-17,NEG,ironic,
22960046,17670,17670,1.8361172215772567e+18,2024-09-17,NEU,not ironic,
22960047,17671,17671,1.8361172207258668e+18,2024-09-17,NEU,not ironic,
22960048,17672,17672,1.8361172194256205e+18,2024-09-17,NEG,not ironic,
22960049,17673,17673,1.83611721846084e+18,2024-09-17,NEG,not ironic,
22960050,17674,17674,1.836117218444079e+18,2024-09-17,NEG,not ironic,
22960051,17675,17675,1.836117218326652e+18,2024-09-17,POS,ironic,
22960052,17676,17676,1.83611721583102e+18,2024-09-17,POS,not ironic,
22960053,17677,17677,1.8361172157264404e+18,2024-09-17,NEU,not ironic,
22960054,17678,17678,1.8361172150931008e+18,2024-09-17,NEG,not ironic,
22960055,17679,17679,1.8361172150719163e+18,2024-09-17,NEG,ironic,
22960056,17680,17680,1.836117213843236e+18,2024-09-17,POS,not ironic,
22960057,17681,17681,1.8361172133063112e+18,2024-09-17,NEG,not ironic,
22960058,17682,17682,1.8361172127817887e+18,2024-09-17,NEG,not ironic,
22960059,17683,17683,1.8361172123372503e+18,2024-09-17,NEG,not ironic,
22960060,17684,17684,1.8361172112005773e+18,2024-09-17,NEG,ironic,
22960061,17685,17685,1.8361172104416177e+18,2024-09-17,NEG,not ironic,
22960062,17686,17686,1.836117210319729e+18,2024-09-17,NEU,ironic,
22960063,17687,17687,1.8361172101606e+18,2024-09-17,NEG,ironic,
22960064,17688,17688,1.83611720973668e+18,2024-09-17,NEG,not ironic,
22960065,17689,17689,1.8361172091665288e+18,2024-09-17,NEU,not ironic,
22960066,17690,17690,1.8361172080970345e+18,2024-09-17,NEG,ironic,
22960067,17691,17691,1.8361172080508644e+18,2024-09-17,NEU,not ironic,
22960068,17692,17692,1.83611720765662e+18,2024-09-17,NEU,ironic,
22960069,17693,17693,1.8361172064151063e+18,2024-09-17,NEU,not ironic,
22960070,17694,17694,1.8361172060961047e+18,2024-09-17,NEG,not ironic,
22960071,17695,17695,1.8361172053956488e+18,2024-09-17,NEG,not ironic,
22960072,17696,17696,1.8361172039149967e+18,2024-09-17,NEU,not ironic,
22960073,17697,17697,1.8361172038101448e+18,2024-09-17,NEU,not ironic,
22960074,17698,17698,1.8361172037768689e+18,2024-09-17,NEG,not ironic,
22960075,17699,17699,1.8361172035545705e+18,2024-09-17,POS,not ironic,
22960076,17700,17700,1.8361172014574185e+18,2024-09-17,NEG,not ironic,
22960077,17701,17701,1.8361172012474737e+18,2024-09-17,NEG,not ironic,
22960078,17702,17702,1.8361172011341665e+18,2024-09-17,NEU,ironic,
22960079,17703,17703,1.836117200819684e+18,2024-09-17,NEU,ironic,
22960080,17704,17704,1.8361171993013527e+18,2024-09-17,NEU,not ironic,
22960081,17705,17705,1.8361171983745805e+18,2024-09-17,NEG,not ironic,
22960082,17706,17706,1.8361171980850007e+18,2024-09-17,NEG,ironic,
22960083,17707,17707,1.836117197904835e+18,2024-09-17,NEG,not ironic,
22960084,17708,17708,1.83611719680571e+18,2024-09-17,NEG,not ironic,
22960085,17709,17709,1.83611719675537e+18,2024-09-17,NEG,not ironic,
22960086,17710,17710,1.83611719649117e+18,2024-09-17,NEU,not ironic,
22960087,17711,17711,1.8361171956900577e+18,2024-09-17,NEU,ironic,
22960088,17712,17712,1.8361171941297075e+18,2024-09-17,NEG,not ironic,
22960089,17713,17713,1.8361171925613e+18,2024-09-17,POS,not ironic,
22960090,17714,17714,1.8361171923639296e+18,2024-09-17,NEG,ironic,
22960091,17715,17715,1.836117191730828e+18,2024-09-17,POS,not ironic,
22960092,17716,17716,1.8361171914117647e+18,2024-09-17,NEG,not ironic,
22960093,17717,17717,1.836117191122424e+18,2024-09-17,NEG,not ironic,
22960094,17718,17718,1.836117189818225e+18,2024-09-17,NEG,ironic,
22960095,17719,17719,1.8361171891639247e+18,2024-09-17,NEG,ironic,
22960096,17720,17720,1.8361171886480184e+18,2024-09-17,NEU,not ironic,
22960097,17721,17721,1.836117188622652e+18,2024-09-17,NEG,not ironic,
22960098,17722,17722,1.8361171882873165e+18,2024-09-17,NEU,not ironic,
22960099,17723,17723,1.8361171879098168e+18,2024-09-17,NEG,not ironic,
22960100,17724,17724,1.836117187662353e+18,2024-09-17,NEG,ironic,
22960101,17725,17725,1.8361171857915128e+18,2024-09-17,POS,not ironic,
22960102,17726,17726,1.8361171854268047e+18,2024-09-17,NEU,not ironic,
22960103,17727,17727,1.8361171848437804e+18,2024-09-17,NEU,not ironic,
22960104,17728,17728,1.8361171844662927e+18,2024-09-17,NEG,not ironic,
22960105,17729,17729,1.836117184285938e+18,2024-09-17,POS,not ironic,
22960106,17730,17730,1.8361171802887657e+18,2024-09-17,NEG,ironic,
22960107,17731,17731,1.836117179760284e+18,2024-09-17,NEG,not ironic,
22960108,17732,17732,1.836117179529597e+18,2024-09-17,NEU,not ironic,
22960109,17733,17733,1.836117179307065e+18,2024-09-17,NEG,not ironic,
22960110,17734,17734,1.8361171783004204e+18,2024-09-17,NEG,not ironic,
22960111,17735,17735,1.8361171765349463e+18,2024-09-17,NEG,ironic,
22960112,17736,17736,1.8361171763293432e+18,2024-09-17,NEU,not ironic,
22960113,17737,17737,1.836117175548977e+18,2024-09-17,NEU,not ironic,
22960114,17738,17738,1.83611717544414e+18,2024-09-17,NEU,not ironic,
22960115,17739,17739,1.8361171731836152e+18,2024-09-17,NEG,not ironic,
22960116,17740,17740,1.8361171716359583e+18,2024-09-17,NEG,not ironic,
22960117,17741,17741,1.8361171701089244e+18,2024-09-17,NEG,not ironic,
22960118,17742,17742,1.836117169912058e+18,2024-09-17,NEU,not ironic,
22960119,17743,17743,1.836117169639473e+18,2024-09-17,NEU,not ironic,
22960120,17744,17744,1.836117167563236e+18,2024-09-17,NEU,ironic,
22960121,17745,17745,1.8361171668290604e+18,2024-09-17,NEU,not ironic,
22960122,17746,17746,1.836117165600072e+18,2024-09-17,NEG,not ironic,
22960123,17747,17747,1.8361171653989875e+18,2024-09-17,NEG,not ironic,
22960124,17748,17748,1.836117164308436e+18,2024-09-17,NEG,not ironic,
22960125,17749,17749,1.8361171634193487e+18,2024-09-17,NEG,not ironic,
22960126,17750,17750,1.8361171624460124e+18,2024-09-17,NEG,ironic,
22960127,17751,17751,1.8361171623119795e+18,2024-09-17,NEU,not ironic,
22960128,17752,17752,1.836117162123236e+18,2024-09-17,NEG,not ironic,
22960129,17753,17753,1.8361171620142124e+18,2024-09-17,NEU,not ironic,
22960130,17754,17754,1.8361171611795625e+18,2024-09-17,NEG,ironic,
22960131,17755,17755,1.8361171611751265e+18,2024-09-17,NEG,ironic,
22960132,17756,17756,1.8361171600176952e+18,2024-09-17,NEU,not ironic,
22960133,17757,17757,1.836117160005112e+18,2024-09-17,NEU,not ironic,
22960134,17758,17758,1.8361171581008973e+18,2024-09-17,NEG,not ironic,
22960135,17759,17759,1.8361171577024845e+18,2024-09-17,NEG,not ironic,
22960136,17760,17760,1.8361171551142625e+18,2024-09-17,NEG,not ironic,
22960137,17761,17761,1.836117154501924e+18,2024-09-17,NEU,not ironic,
22960138,17762,17762,1.836117153793106e+18,2024-09-17,NEG,ironic,
22960139,17763,17763,1.836117151897244e+18,2024-09-17,POS,not ironic,
22960140,17764,17764,1.836117151616504e+18,2024-09-17,NEU,ironic,
22960141,17765,17765,1.8361171514023767e+18,2024-09-17,NEG,not ironic,
22960142,17766,17766,1.836117150953784e+18,2024-09-17,NEG,ironic,
22960143,17767,17767,1.8361171508361216e+18,2024-09-17,NEG,ironic,
22960144,17768,17768,1.8361171503244168e+18,2024-09-17,NEG,not ironic,
22960145,17769,17769,1.836117149905032e+18,2024-09-17,NEG,not ironic,
22960146,17770,17770,1.8361171481897577e+18,2024-09-17,NEU,not ironic,
22960147,17771,17771,1.836117148185297e+18,2024-09-17,POS,ironic,
22960148,17772,17772,1.8361171480511288e+18,2024-09-17,NEU,not ironic,
22960149,17773,17773,1.8361171479420808e+18,2024-09-17,NEU,not ironic,
22960150,17774,17774,1.836117145958388e+18,2024-09-17,NEG,not ironic,
22960151,17775,17775,1.8361171441922867e+18,2024-09-17,NEG,ironic,
22960152,17776,17776,1.8361171435884216e+18,2024-09-17,NEG,ironic,
22960153,17777,17777,1.8361171421161352e+18,2024-09-17,NEG,ironic,
22960154,17778,17778,1.8361171420157425e+18,2024-09-17,NEG,ironic,
22960155,17779,17779,1.8361171407449257e+18,2024-09-17,NEG,not ironic,
22960156,17780,17780,1.836117139536876e+18,2024-09-17,NEG,ironic,
22960157,17781,17781,1.8361171378337592e+18,2024-09-17,NEG,ironic,
22960158,17782,17782,1.8361171361686776e+18,2024-09-17,NEU,not ironic,
22960159,17783,17783,1.8361171357785748e+18,2024-09-17,POS,not ironic,
22960160,17784,17784,1.8361171353383887e+18,2024-09-17,POS,not ironic,
22960161,17785,17785,1.8361171343024947e+18,2024-09-17,NEG,not ironic,
22960162,17786,17786,1.83611713321162e+18,2024-09-17,NEU,not ironic,
22960163,17787,17787,1.83611713235606e+18,2024-09-17,NEU,not ironic,
22960164,17788,17788,1.8361171307750072e+18,2024-09-17,NEU,not ironic,
22960165,17789,17789,1.8361171299569009e+18,2024-09-17,POS,not ironic,
22960166,17790,17790,1.8361171293112525e+18,2024-09-17,NEG,not ironic,
22960167,17791,17791,1.836117128166204e+18,2024-09-17,NEG,not ironic,
22960168,17792,17792,1.8361171275957248e+18,2024-09-17,NEU,not ironic,
22960169,17793,17793,1.83611712727258e+18,2024-09-17,NEG,not ironic,
22960170,17794,17794,1.83611712678602e+18,2024-09-17,NEG,not ironic,
22960171,17795,17795,1.836117126257521e+18,2024-09-17,POS,ironic,
22960172,17796,17796,1.836117125200532e+18,2024-09-17,NEG,ironic,
22960173,17797,17797,1.83611712515854e+18,2024-09-17,POS,ironic,
22960174,17798,17798,1.836117124819096e+18,2024-09-17,NEU,not ironic,
22960175,17799,17799,1.836117123967644e+18,2024-09-17,NEU,ironic,
22960176,17800,17800,1.8361171222982984e+18,2024-09-17,NEU,ironic,
22960177,17801,17801,1.8361171203731003e+18,2024-09-17,NEG,not ironic,
22960178,17802,17802,1.836117118162756e+18,2024-09-17,NEG,ironic,
22960179,17803,17803,1.836117117780861e+18,2024-09-17,NEU,not ironic,
22960180,17804,17804,1.836117117625647e+18,2024-09-17,NEU,not ironic,
22960181,17805,17805,1.836117117525201e+18,2024-09-17,NEU,ironic,
22960182,17806,17806,1.83611711689996e+18,2024-09-17,NEG,not ironic,
22960183,17807,17807,1.836117115457176e+18,2024-09-17,NEG,ironic,
22960184,17808,17808,1.8361171128692616e+18,2024-09-17,NEG,not ironic,
22960185,17809,17809,1.8361171117454505e+18,2024-09-17,NEU,not ironic,
22960186,17810,17810,1.8361171116697723e+18,2024-09-17,NEG,ironic,
22960187,17811,17811,1.8361171113385864e+18,2024-09-17,NEU,not ironic,
22960188,17812,17812,1.8361171108224248e+18,2024-09-17,NEG,ironic,
22960189,17813,17813,1.8361171095686272e+18,2024-09-17,NEG,not ironic,
22960190,17814,17814,1.8361171093294984e+18,2024-09-17,NEU,ironic,
22960191,17815,17815,1.8361171073120712e+18,2024-09-17,NEU,ironic,
22960192,17816,17816,1.8361171071568817e+18,2024-09-17,NEG,ironic,
22960193,17817,17817,1.8361171070475963e+18,2024-09-17,NEG,ironic,
22960194,17818,17818,1.8361171064855475e+18,2024-09-17,NEG,ironic,
22960195,17819,17819,1.836117105621578e+18,2024-09-17,NEG,not ironic,
22960196,17820,17820,1.8361171051936768e+18,2024-09-17,NEU,not ironic,
22960197,17821,17821,1.8361171032981588e+18,2024-09-17,NEG,not ironic,
22960198,17822,17822,1.8361171027567567e+18,2024-09-17,NEU,ironic,
22960199,17823,17823,1.8361171025471247e+18,2024-09-17,NEU,not ironic,
22960200,17824,17824,1.8361171015488965e+18,2024-09-17,NEU,not ironic,
22960201,17825,17825,1.836117100357649e+18,2024-09-17,NEG,not ironic,
22960202,17826,17826,1.836117100131164e+18,2024-09-17,POS,ironic,
22960203,17827,17827,1.836117099535832e+18,2024-09-17,NEG,not ironic,
22960204,17828,17828,1.8361170985247247e+18,2024-09-17,NEU,ironic,
22960205,17829,17829,1.836117097698493e+18,2024-09-17,NEG,not ironic,
22960206,17830,17830,1.8361170957438856e+18,2024-09-17,POS,not ironic,
22960207,17831,17831,1.836117093323833e+18,2024-09-17,NEG,ironic,
22960208,17832,17832,1.8361170914534075e+18,2024-09-17,POS,not ironic,
22960209,17833,17833,1.8361170911681948e+18,2024-09-17,NEU,not ironic,
22960210,17834,17834,1.836117087758033e+18,2024-09-17,NEG,ironic,
22960211,17835,17835,1.8361170877204728e+18,2024-09-17,NEG,ironic,
22960212,17836,17836,1.8361170877120883e+18,2024-09-17,NEG,ironic,
22960213,17837,17837,1.836117083811136e+18,2024-09-17,NEG,ironic,
22960214,17838,17838,1.836117083752677e+18,2024-09-17,NEG,not ironic,
22960215,17839,17839,1.8361170799275213e+18,2024-09-17,NEG,not ironic,
22960216,17840,17840,1.836117079046361e+18,2024-09-17,NEU,not ironic,
22960217,17841,17841,1.8361170790296783e+18,2024-09-17,NEG,not ironic,
22960218,17842,17842,1.836117078526333e+18,2024-09-17,NEG,ironic,
22960219,17843,17843,1.836117077020848e+18,2024-09-17,NEU,not ironic,
22960220,17844,17844,1.836117076865336e+18,2024-09-17,NEU,not ironic,
22960221,17845,17845,1.8361170763871685e+18,2024-09-17,POS,ironic,
22960222,17846,17846,1.836117076164989e+18,2024-09-17,NEG,not ironic,
22960223,17847,17847,1.8361170747892488e+18,2024-09-17,NEG,not ironic,
22960224,17848,17848,1.836117074290082e+18,2024-09-17,POS,not ironic,
22960225,17849,17849,1.8361170725997816e+18,2024-09-17,NEG,ironic,
22960226,17850,17850,1.8361170724907543e+18,2024-09-17,NEG,ironic,
22960227,17851,17851,1.8361170710481183e+18,2024-09-17,NEG,ironic,
22960228,17852,17852,1.8361170709639327e+18,2024-09-17,NEU,ironic,
22960229,17853,17853,1.836117070850986e+18,2024-09-17,NEU,not ironic,
22960230,17854,17854,1.8361170704776689e+18,2024-09-17,NEG,not ironic,
22960231,17855,17855,1.8361170698275927e+18,2024-09-17,NEU,not ironic,
22960232,17856,17856,1.836117069701489e+18,2024-09-17,NEG,ironic,
22960233,17857,17857,1.8361170693997573e+18,2024-09-17,NEU,ironic,
22960234,17858,17858,1.8361170681037169e+18,2024-09-17,NEG,ironic,
22960235,17859,17859,1.836117067898164e+18,2024-09-17,NEG,not ironic,
22960236,17860,17860,1.836117067696869e+18,2024-09-17,NEG,ironic,
22960237,17861,17861,1.8361170675333248e+18,2024-09-17,NEU,not ironic,
22960238,17862,17862,1.8361170664047703e+18,2024-09-17,NEU,not ironic,
22960239,17863,17863,1.836117066207704e+18,2024-09-17,NEU,ironic,
22960240,17864,17864,1.8361170653941965e+18,2024-09-17,NEG,not ironic,
22960241,17865,17865,1.8361170652222305e+18,2024-09-17,NEG,not ironic,
22960242,17866,17866,1.8361170651970644e+18,2024-09-17,NEG,not ironic,
22960243,17867,17867,1.836117064358204e+18,2024-09-17,POS,not ironic,
22960244,17868,17868,1.836117062541873e+18,2024-09-17,NEG,not ironic,
22960245,17869,17869,1.836117061832984e+18,2024-09-17,NEG,ironic,
22960246,17870,17870,1.8361170613425275e+18,2024-09-17,NEU,not ironic,
22960247,17871,17871,1.8361170608937083e+18,2024-09-17,NEU,not ironic,
22960248,17872,17872,1.836117060746908e+18,2024-09-17,NEU,not ironic,
22960249,17873,17873,1.8361170605036137e+18,2024-09-17,NEG,ironic,
22960250,17874,17874,1.8361170597106609e+18,2024-09-17,NEG,ironic,
22960251,17875,17875,1.8361170595557253e+18,2024-09-17,NEG,not ironic,
22960252,17876,17876,1.8361170570978632e+18,2024-09-17,NEG,ironic,
22960253,17877,17877,1.8361170557850253e+18,2024-09-17,NEG,ironic,
22960254,17878,17878,1.8361170554872507e+18,2024-09-17,NEG,not ironic,
22960255,17879,17879,1.836117054149063e+18,2024-09-17,NEU,not ironic,
22960256,17880,17880,1.836117053939544e+18,2024-09-17,NEG,not ironic,
22960257,17881,17881,1.8361170538389504e+18,2024-09-17,NEU,ironic,
22960258,17882,17882,1.8361170536583496e+18,2024-09-17,NEU,not ironic,
22960259,17883,17883,1.8361170530420204e+18,2024-09-17,NEG,not ironic,
22960260,17884,17884,1.836117052630929e+18,2024-09-17,NEG,not ironic,
22960261,17885,17885,1.83611705187994e+18,2024-09-17,NEG,not ironic,
22960262,17886,17886,1.8361170516284992e+18,2024-09-17,NEG,not ironic,
22960263,17887,17887,1.8361170512342344e+18,2024-09-17,NEG,not ironic,
22960264,17888,17888,1.8361170503282568e+18,2024-09-17,NEG,not ironic,
22960265,17889,17889,1.8361170490489933e+18,2024-09-17,NEG,not ironic,
22960266,17890,17890,1.8361170455003384e+18,2024-09-17,NEG,not ironic,
22960267,17891,17891,1.8361170451983688e+18,2024-09-17,NEG,not ironic,
22960268,17892,17892,1.836117044720472e+18,2024-09-17,NEU,not ironic,
22960269,17893,17893,1.8361170437303247e+18,2024-09-17,NEG,not ironic,
22960270,17894,17894,1.8361170435332795e+18,2024-09-17,NEG,ironic,
22960271,17895,17895,1.8361170409540485e+18,2024-09-17,POS,not ironic,
22960272,17896,17896,1.8361170396703048e+18,2024-09-17,NEG,not ironic,
22960273,17897,17897,1.836117039406289e+18,2024-09-17,POS,not ironic,
22960274,17898,17898,1.8361170392425185e+18,2024-09-17,NEU,not ironic,
22960275,17899,17899,1.8361170390246075e+18,2024-09-17,NEU,not ironic,
22960276,17900,17900,1.8361170365248023e+18,2024-09-17,NEG,ironic,
22960277,17901,17901,1.8361170354930035e+18,2024-09-17,NEU,not ironic,
22960278,17902,17902,1.8361170348133256e+18,2024-09-17,NEU,ironic,
22960279,17903,17903,1.8361170335633613e+18,2024-09-17,NEU,not ironic,
22960280,17904,17904,1.8361170320998853e+18,2024-09-17,POS,ironic,
22960281,17905,17905,1.83611703202012e+18,2024-09-17,NEG,ironic,
22960282,17906,17906,1.8361170317556687e+18,2024-09-17,NEG,ironic,
22960283,17907,17907,1.8361170314370995e+18,2024-09-17,NEG,ironic,
22960284,17908,17908,1.836117029780104e+18,2024-09-17,NEU,not ironic,
22960285,17909,17909,1.8361170278046228e+18,2024-09-17,NEU,not ironic,
22960286,17910,17910,1.8361170259675384e+18,2024-09-17,NEU,ironic,
22960287,17911,17911,1.8361170250533809e+18,2024-09-17,NEG,not ironic,
22960288,17912,17912,1.8361170238158072e+18,2024-09-17,NEG,ironic,
22960289,17913,17913,1.8361170222135373e+18,2024-09-17,NEU,ironic,
22960290,17914,17914,1.8361170219244303e+18,2024-09-17,POS,ironic,
22960291,17915,17915,1.836117020200272e+18,2024-09-17,NEU,not ironic,
22960292,17916,17916,1.8361170200199583e+18,2024-09-17,NEU,not ironic,
22960293,17917,17917,1.836117019902776e+18,2024-09-17,POS,not ironic,
22960294,17918,17918,1.8361170198692209e+18,2024-09-17,NEU,ironic,
22960295,17919,17919,1.8361170194201684e+18,2024-09-17,NEG,ironic,
22960296,17920,17920,1.836117019302692e+18,2024-09-17,NEU,not ironic,
22960297,17921,17921,1.836117017067463e+18,2024-09-17,NEG,not ironic,
22960298,17922,17922,1.8361170167484787e+18,2024-09-17,NEG,ironic,
22960299,17923,17923,1.836117016400253e+18,2024-09-17,NEG,ironic,
22960300,17924,17924,1.8361170155994035e+18,2024-09-17,POS,ironic,
22960301,17925,17925,1.8361170153516687e+18,2024-09-17,NEU,not ironic,
22960302,17926,17926,1.83611701486538e+18,2024-09-17,NEG,not ironic,
22960303,17927,17927,1.836117014295028e+18,2024-09-17,NEG,ironic,
22960304,17928,17928,1.8361170140684984e+18,2024-09-17,NEG,not ironic,
22960305,17929,17929,1.8361170130742195e+18,2024-09-17,NEU,not ironic,
22960306,17930,17930,1.836117012319474e+18,2024-09-17,NEU,not ironic,
22960307,17931,17931,1.8361170117530583e+18,2024-09-17,NEU,ironic,
22960308,17932,17932,1.836117011539133e+18,2024-09-17,NEG,not ironic,
22960309,17933,17933,1.8361170102766103e+18,2024-09-17,NEU,not ironic,
22960310,17934,17934,1.8361170100711345e+18,2024-09-17,NEG,ironic,
22960311,17935,17935,1.836117009475453e+18,2024-09-17,NEG,not ironic,
22960312,17936,17936,1.8361170092493207e+18,2024-09-17,NEG,not ironic,
22960313,17937,17937,1.8361170074080013e+18,2024-09-17,NEG,ironic,
22960314,17938,17938,1.836117005386322e+18,2024-09-17,NEG,ironic,
22960315,17939,17939,1.8361170039263887e+18,2024-09-17,POS,not ironic,
22960316,17940,17940,1.836117002823557e+18,2024-09-17,NEG,ironic,
22960317,17941,17941,1.8361170022319145e+18,2024-09-17,NEU,ironic,
22960318,17942,17942,1.8361170020602063e+18,2024-09-17,NEU,ironic,
22960319,17943,17943,1.83611700054186e+18,2024-09-17,NEG,not ironic,
22960320,17944,17944,1.836116995479344e+18,2024-09-17,NEG,ironic,
22960321,17945,17945,1.8361169954206228e+18,2024-09-17,NEG,ironic,
22960322,17946,17946,1.8361169952861105e+18,2024-09-17,NEG,not ironic,
22960323,17947,17947,1.8361169950263583e+18,2024-09-17,NEG,not ironic,
22960324,17948,17948,1.8361169947115768e+18,2024-09-17,NEU,ironic,
22960325,17949,17949,1.8361169944643177e+18,2024-09-17,POS,ironic,
22960326,17950,17950,1.83611699146936e+18,2024-09-17,POS,ironic,
22960327,17951,17951,1.8361169913982856e+18,2024-09-17,NEU,ironic,
22960328,17952,17952,1.8361169902949788e+18,2024-09-17,NEU,ironic,
22960329,17953,17953,1.8361169885584635e+18,2024-09-17,NEG,ironic,
22960330,17954,17954,1.836116987807683e+18,2024-09-17,NEG,not ironic,
22960331,17955,17955,1.8361169868013284e+18,2024-09-17,NEU,not ironic,
22960332,17956,17956,1.8361169847670907e+18,2024-09-17,NEU,ironic,
22960333,17957,17957,1.836116981940093e+18,2024-09-17,NEG,ironic,
22960334,17958,17958,1.8361169817889344e+18,2024-09-17,NEG,not ironic,
22960335,17959,17959,1.836116979910136e+18,2024-09-17,POS,ironic,
22960336,17960,17960,1.836116979150652e+18,2024-09-17,NEG,ironic,
22960337,17961,17961,1.8361169790206733e+18,2024-09-17,NEG,ironic,
22960338,17962,17962,1.8361169781272617e+18,2024-09-17,NEU,not ironic,
22960339,17963,17963,1.836116977720689e+18,2024-09-17,NEG,not ironic,
22960340,17964,17964,1.8361169770073705e+18,2024-09-17,POS,not ironic,
22960341,17965,17965,1.836116976445604e+18,2024-09-17,POS,not ironic,
22960342,17966,17966,1.8361169755855503e+18,2024-09-17,NEG,ironic,
22960343,17967,17967,1.8361169749437568e+18,2024-09-17,POS,ironic,
22960344,17968,17968,1.836116974742676e+18,2024-09-17,NEG,ironic,
22960345,17969,17969,1.836116973362488e+18,2024-09-17,NEG,ironic,
22960346,17970,17970,1.8361169731447035e+18,2024-09-17,NEG,not ironic,
22960347,17971,17971,1.8361169715380475e+18,2024-09-17,NEU,ironic,
22960348,17972,17972,1.8361169690300623e+18,2024-09-17,NEG,ironic,
22960349,17973,17973,1.8361169687488307e+18,2024-09-17,NEU,not ironic,
22960350,17974,17974,1.8361169682622508e+18,2024-09-17,NEG,ironic,
22960351,17975,17975,1.8361169677925297e+18,2024-09-17,NEG,ironic,
22960352,17976,17976,1.8361169675450573e+18,2024-09-17,NEG,ironic,
22960353,17977,17977,1.8361169665006387e+18,2024-09-17,NEG,not ironic,
22960354,17978,17978,1.8361169664251784e+18,2024-09-17,NEG,not ironic,
22960355,17979,17979,1.8361169656827745e+18,2024-09-17,POS,not ironic,
22960356,17980,17980,1.836116965036827e+18,2024-09-17,NEU,not ironic,
22960357,17981,17981,1.8361169645128704e+18,2024-09-17,NEG,ironic,
22960358,17982,17982,1.8361169640889265e+18,2024-09-17,NEG,ironic,
22960359,17983,17983,1.836116962922968e+18,2024-09-17,NEU,not ironic,
22960360,17984,17984,1.83611696256664e+18,2024-09-17,NEG,ironic,
22960361,17985,17985,1.836116962289533e+18,2024-09-17,NEG,not ironic,
22960362,17986,17986,1.8361169614633408e+18,2024-09-17,NEG,ironic,
22960363,17987,17987,1.8361169610986327e+18,2024-09-17,NEU,not ironic,
22960364,17988,17988,1.8361169601504832e+18,2024-09-17,NEU,not ironic,
22960365,17989,17989,1.836116959965925e+18,2024-09-17,NEG,ironic,
22960366,17990,17990,1.8361169569921231e+18,2024-09-17,NEG,ironic,
22960367,17991,17991,1.836116956870545e+18,2024-09-17,NEU,not ironic,
22960368,17992,17992,1.836116956421984e+18,2024-09-17,NEG,not ironic,
22960369,17993,17993,1.8361169550798072e+18,2024-09-17,NEU,not ironic,
22960370,17994,17994,1.836116953125012e+18,2024-09-17,NEG,not ironic,
22960371,17995,17995,1.8361169527520177e+18,2024-09-17,NEU,not ironic,
22960372,17996,17996,1.8361169525714289e+18,2024-09-17,NEG,ironic,
22960373,17997,17997,1.8361169510868828e+18,2024-09-17,NEG,not ironic,
22960374,17998,17998,1.8361169487336369e+18,2024-09-17,NEG,not ironic,
22960375,17999,17999,1.8361169475130368e+18,2024-09-17,NEG,not ironic,
22960376,18000,18000,1.836116947278116e+18,2024-09-17,NEU,ironic,
22960377,18001,18001,1.836116945277748e+18,2024-09-17,NEG,not ironic,
22960378,18002,18002,1.8361169439564964e+18,2024-09-17,NEG,not ironic,
22960379,18003,18003,1.836116943654257e+18,2024-09-17,NEG,not ironic,
22960380,18004,18004,1.8361169414273723e+18,2024-09-17,NEU,not ironic,
22960381,18005,18005,1.8361169411379244e+18,2024-09-17,POS,ironic,
22960382,18006,18006,1.8361169368972948e+18,2024-09-17,POS,ironic,
22960383,18007,18007,1.8361169355049905e+18,2024-09-17,NEG,not ironic,
22960384,18008,18008,1.8361169354502103e+18,2024-09-17,NEG,not ironic,
22960385,18009,18009,1.8361169348966e+18,2024-09-17,NEU,ironic,
22960386,18010,18010,1.83611693450236e+18,2024-09-17,NEG,not ironic,
22960387,18011,18011,1.8361169328162573e+18,2024-09-17,POS,not ironic,
22960388,18012,18012,1.8361169325184369e+18,2024-09-17,NEU,not ironic,
22960389,18013,18013,1.836116932271153e+18,2024-09-17,NEG,not ironic,
22960390,18014,18014,1.8361169302450468e+18,2024-09-17,NEU,not ironic,
22960391,18015,18015,1.8361169298927247e+18,2024-09-17,NEU,not ironic,
22960392,18016,18016,1.836116928878031e+18,2024-09-17,NEU,not ironic,
22960393,18017,18017,1.836116927531344e+18,2024-09-17,POS,not ironic,
22960394,18018,18018,1.836116927489393e+18,2024-09-17,NEU,not ironic,
22960395,18019,18019,1.8361169260550103e+18,2024-09-17,POS,not ironic,
22960396,18020,18020,1.8361169254593743e+18,2024-09-17,NEG,ironic,
22960397,18021,18021,1.836116924134036e+18,2024-09-17,POS,not ironic,
22960398,18022,18022,1.8361169233160888e+18,2024-09-17,NEG,ironic,
22960399,18023,18023,1.8361169230392768e+18,2024-09-17,NEG,not ironic,
22960400,18024,18024,1.836116922959828e+18,2024-09-17,NEG,ironic,
22960401,18025,18025,1.8361169227457367e+18,2024-09-17,NEG,not ironic,
22960402,18026,18026,1.8361169217015928e+18,2024-09-17,NEG,ironic,
22960403,18027,18027,1.836116919881208e+18,2024-09-17,NEG,not ironic,
22960404,18028,18028,1.8361169187443635e+18,2024-09-17,NEU,ironic,
22960405,18029,18029,1.8361169171717164e+18,2024-09-17,NEG,ironic,
22960406,18030,18030,1.8361169170248783e+18,2024-09-17,NEG,not ironic,
22960407,18031,18031,1.8361169157244032e+18,2024-09-17,NEG,ironic,
22960408,18032,18032,1.8361169146760847e+18,2024-09-17,NEU,not ironic,
22960409,18033,18033,1.836116912285041e+18,2024-09-17,NEU,not ironic,
22960410,18034,18034,1.836116912142484e+18,2024-09-17,NEG,ironic,
22960411,18035,18035,1.8361169110354289e+18,2024-09-17,POS,ironic,
22960412,18036,18036,1.836116910590608e+18,2024-09-17,NEG,not ironic,
22960413,18037,18037,1.8361169092361464e+18,2024-09-17,NEU,not ironic,
22960414,18038,18038,1.836116908980212e+18,2024-09-17,NEU,not ironic,
22960415,18039,18039,1.836116907885499e+18,2024-09-17,NEG,ironic,
22960416,18040,18040,1.836116907864281e+18,2024-09-17,NEU,not ironic,
22960417,18041,18041,1.836116906329404e+18,2024-09-17,NEU,not ironic,
22960418,18042,18042,1.83611690534801e+18,2024-09-17,POS,not ironic,
22960419,18043,18043,1.8361169052470564e+18,2024-09-17,NEU,not ironic,
22960420,18044,18044,1.8361169050585367e+18,2024-09-17,NEU,ironic,
22960421,18045,18045,1.8361169050582428e+18,2024-09-17,NEG,ironic,
22960422,18046,18046,1.836116905004012e+18,2024-09-17,NEG,not ironic,
22960423,18047,18047,1.836116904441795e+18,2024-09-17,NEG,not ironic,
22960424,18048,18048,1.8361169037916e+18,2024-09-17,NEU,not ironic,
22960425,18049,18049,1.8361169034938289e+18,2024-09-17,NEG,ironic,
22960426,18050,18050,1.8361169032044216e+18,2024-09-17,NEG,not ironic,
22960427,18051,18051,1.8361169026552584e+18,2024-09-17,NEG,not ironic,
22960428,18052,18052,1.8361169019128087e+18,2024-09-17,NEG,not ironic,
22960429,18053,18053,1.836116901313106e+18,2024-09-17,NEG,not ironic,
22960430,18054,18054,1.8361169012124137e+18,2024-09-17,NEG,not ironic,
22960431,18055,18055,1.8361169002977203e+18,2024-09-17,NEU,not ironic,
22960432,18056,18056,1.8361168991695096e+18,2024-09-17,NEG,ironic,
22960433,18057,18057,1.8361168989010127e+18,2024-09-17,NEG,not ironic,
22960434,18058,18058,1.8361168951849613e+18,2024-09-17,NEG,ironic,
22960435,18059,18059,1.8361168947908813e+18,2024-09-17,NEU,not ironic,
22960436,18060,18060,1.836116894065009e+18,2024-09-17,NEG,not ironic,
22960437,18061,18061,1.8361168926895063e+18,2024-09-17,POS,ironic,
22960438,18062,18062,1.8361168923286405e+18,2024-09-17,NEG,not ironic,
22960439,18063,18063,1.8361168920853632e+18,2024-09-17,NEU,ironic,
22960440,18064,18064,1.8361168918588247e+18,2024-09-17,NEU,not ironic,
22960441,18065,18065,1.836116891682644e+18,2024-09-17,NEG,not ironic,
22960442,18066,18066,1.8361168915945595e+18,2024-09-17,NEG,not ironic,
22960443,18067,18067,1.8361168911961416e+18,2024-09-17,NEG,ironic,
22960444,18068,18068,1.8361168895144143e+18,2024-09-17,NEU,not ironic,
22960445,18069,18069,1.836116889338286e+18,2024-09-17,NEU,ironic,
22960446,18070,18070,1.8361168886714696e+18,2024-09-17,NEG,ironic,
22960447,18071,18071,1.83611688847426e+18,2024-09-17,NEU,not ironic,
22960448,18072,18072,1.8361168883942687e+18,2024-09-17,NEG,ironic,
22960449,18073,18073,1.8361168882097605e+18,2024-09-17,NEU,not ironic,
22960450,18074,18074,1.836116888113284e+18,2024-09-17,NEU,ironic,
22960451,18075,18075,1.8361168872073167e+18,2024-09-17,POS,not ironic,
22960452,18076,18076,1.836116886821712e+18,2024-09-17,NEG,not ironic,
22960453,18077,18077,1.8361168867207665e+18,2024-09-17,NEG,ironic,
22960454,18078,18078,1.8361168861839729e+18,2024-09-17,NEU,not ironic,
22960455,18079,18079,1.8361168861167616e+18,2024-09-17,NEU,not ironic,
22960456,18080,18080,1.8361168858525824e+18,2024-09-17,POS,not ironic,
22960457,18081,18081,1.8361168853537137e+18,2024-09-17,NEU,not ironic,
22960458,18082,18082,1.8361168850975992e+18,2024-09-17,NEU,not ironic,
22960459,18083,18083,1.8361168843638208e+18,2024-09-17,NEG,not ironic,
22960460,18084,18084,1.8361168840615567e+18,2024-09-17,NEU,not ironic,
22960461,18085,18085,1.8361168838854904e+18,2024-09-17,NEU,ironic,
22960462,18086,18086,1.8361168836382272e+18,2024-09-17,NEG,not ironic,
22960463,18087,18087,1.8361168830466253e+18,2024-09-17,NEU,ironic,
22960464,18088,18088,1.8361168830174705e+18,2024-09-17,NEG,not ironic,
22960465,18089,18089,1.836116882379936e+18,2024-09-17,POS,ironic,
22960466,18090,18090,1.8361168823000228e+18,2024-09-17,NEU,ironic,
22960467,18091,18091,1.836116882228708e+18,2024-09-17,NEU,ironic,
22960468,18092,18092,1.8361168819477133e+18,2024-09-17,NEU,not ironic,
22960469,18093,18093,1.8361168809998257e+18,2024-09-17,POS,ironic,
22960470,18094,18094,1.836116880882365e+18,2024-09-17,NEU,not ironic,
22960471,18095,18095,1.8361168806896315e+18,2024-09-17,NEG,ironic,
22960472,18096,18096,1.836116878646715e+18,2024-09-17,NEG,not ironic,
22960473,18097,18097,1.8361168767008484e+18,2024-09-17,NEG,ironic,
22960474,18098,18098,1.836116876486939e+18,2024-09-17,NEU,not ironic,
22960475,18099,18099,1.836116876046254e+18,2024-09-17,POS,not ironic,
22960476,18100,18100,1.836116875866236e+18,2024-09-17,NEU,not ironic,
22960477,18101,18101,1.8361168745827656e+18,2024-09-17,NEG,not ironic,
22960478,18102,18102,1.8361168743352847e+18,2024-09-17,NEU,not ironic,
22960479,18103,18103,1.836116873760424e+18,2024-09-17,NEU,not ironic,
22960480,18104,18104,1.836116873080963e+18,2024-09-17,NEU,not ironic,
22960481,18105,18105,1.8361168728756431e+18,2024-09-17,NEU,ironic,
22960482,18106,18106,1.8361168724894804e+18,2024-09-17,NEG,ironic,
22960483,18107,18107,1.836116869989765e+18,2024-09-17,NEG,not ironic,
22960484,18108,18108,1.836116869910308e+18,2024-09-17,NEU,not ironic,
22960485,18109,18109,1.836116869717332e+18,2024-09-17,NEU,ironic,
22960486,18110,18110,1.836116866861028e+18,2024-09-17,NEG,not ironic,
22960487,18111,18111,1.8361168650991247e+18,2024-09-17,NEG,not ironic,
22960488,18112,18112,1.836116864621028e+18,2024-09-17,NEU,not ironic,
22960489,18113,18113,1.836116864541336e+18,2024-09-17,NEU,not ironic,
22960490,18114,18114,1.836116864117756e+18,2024-09-17,NEU,not ironic,
22960491,18115,18115,1.836116864042193e+18,2024-09-17,NEU,not ironic,
22960492,18116,18116,1.8361168638283085e+18,2024-09-17,NEG,ironic,
22960493,18117,18117,1.836116863484596e+18,2024-09-17,NEG,not ironic,
22960494,18118,18118,1.836116863031612e+18,2024-09-17,NEG,not ironic,
22960495,18119,18119,1.8361168629435315e+18,2024-09-17,NEG,ironic,
22960496,18120,18120,1.836116861211345e+18,2024-09-17,NEU,not ironic,
22960497,18121,18121,1.8361168598436585e+18,2024-09-17,NEU,not ironic,
22960498,18122,18122,1.836116858304632e+18,2024-09-17,NEU,not ironic,
22960499,18123,18123,1.8361168581494456e+18,2024-09-17,NEU,not ironic,
22960500,18124,18124,1.836116856546984e+18,2024-09-17,NEU,ironic,
22960501,18125,18125,1.836116856538608e+18,2024-09-17,POS,not ironic,
22960502,18126,18126,1.8361168562743053e+18,2024-09-17,NEG,not ironic,
22960503,18127,18127,1.836116854735077e+18,2024-09-17,NEG,not ironic,
22960504,18128,18128,1.8361168528978785e+18,2024-09-17,NEG,not ironic,
22960505,18129,18129,1.8361168452771228e+18,2024-09-17,POS,not ironic,
22960506,18130,18130,1.8361168440776049e+18,2024-09-17,NEG,ironic,
22960507,18131,18131,1.8361168440733576e+18,2024-09-17,NEG,not ironic,
22960508,18132,18132,1.836116843159e+18,2024-09-17,NEG,ironic,
22960509,18133,18133,1.8361168427647345e+18,2024-09-17,NEG,ironic,
22960510,18134,18134,1.836116842378572e+18,2024-09-17,NEG,ironic,
22960511,18135,18135,1.8361168422740623e+18,2024-09-17,NEG,ironic,
22960512,18136,18136,1.8361168421607752e+18,2024-09-17,NEG,not ironic,
22960513,18137,18137,1.83611684145612e+18,2024-09-17,NEG,not ironic,
22960514,18138,18138,1.836116840948368e+18,2024-09-17,POS,not ironic,
22960515,18139,18139,1.8361168392247247e+18,2024-09-17,NEG,not ironic,
22960516,18140,18140,1.8361168384907392e+18,2024-09-17,NEG,not ironic,
22960517,18141,18141,1.836116837828039e+18,2024-09-17,NEG,ironic,
22960518,18142,18142,1.8361168353366223e+18,2024-09-17,NEG,not ironic,
22960519,18143,18143,1.8361168347492275e+18,2024-09-17,NEU,not ironic,
22960520,18144,18144,1.8361168341619343e+18,2024-09-17,NEG,not ironic,
22960521,18145,18145,1.8361168339186524e+18,2024-09-17,NEG,not ironic,
22960522,18146,18146,1.836116832618713e+18,2024-09-17,NEU,ironic,
22960523,18147,18147,1.8361168310750003e+18,2024-09-17,NEU,not ironic,
22960524,18148,18148,1.8361168308864653e+18,2024-09-17,NEG,ironic,
22960525,18149,18149,1.8361168307981028e+18,2024-09-17,NEG,not ironic,
22960526,18150,18150,1.8361168302364017e+18,2024-09-17,NEU,not ironic,
22960527,18151,18151,1.836116829523088e+18,2024-09-17,NEG,not ironic,
22960528,18152,18152,1.836116829145883e+18,2024-09-17,NEU,not ironic,
22960529,18153,18153,1.8361168282608724e+18,2024-09-17,NEG,ironic,
22960530,18154,18154,1.836116828059256e+18,2024-09-17,NEG,ironic,
22960531,18155,18155,1.8361168271535355e+18,2024-09-17,NEG,ironic,
22960532,18156,18156,1.8361168262472955e+18,2024-09-17,NEU,not ironic,
22960533,18157,18157,1.8361168251525568e+18,2024-09-17,POS,not ironic,
22960534,18158,18158,1.8361168240830592e+18,2024-09-17,POS,not ironic,
22960535,18159,18159,1.836116821063128e+18,2024-09-17,NEG,not ironic,
22960536,18160,18160,1.836116819515523e+18,2024-09-17,NEU,not ironic,
22960537,18161,18161,1.8361168193017976e+18,2024-09-17,NEG,not ironic,
22960538,18162,18162,1.8361168192850207e+18,2024-09-17,NEG,not ironic,
22960539,18163,18163,1.836116818861396e+18,2024-09-17,NEG,ironic,
22960540,18164,18164,1.836116818135781e+18,2024-09-17,NEG,not ironic,
22960541,18165,18165,1.8361168180602844e+18,2024-09-17,NEG,ironic,
22960542,18166,18166,1.836116815359234e+18,2024-09-17,NEU,ironic,
22960543,18167,18167,1.836116814549672e+18,2024-09-17,POS,ironic,
22960544,18168,18168,1.836116814335476e+18,2024-09-17,NEU,not ironic,
22960545,18169,18169,1.8361168133374976e+18,2024-09-17,NEG,not ironic,
22960546,18170,18170,1.8361168118231247e+18,2024-09-17,POS,ironic,
22960547,18171,18171,1.8361168101456328e+18,2024-09-17,NEG,not ironic,
22960548,18172,18172,1.8361168098140897e+18,2024-09-17,NEG,not ironic,
22960549,18173,18173,1.83611680931068e+18,2024-09-17,NEG,not ironic,
22960550,18174,18174,1.8361168085095588e+18,2024-09-17,NEG,not ironic,
22960551,18175,18175,1.83611680850566e+18,2024-09-17,NEG,ironic,
22960552,18176,18176,1.8361168084049964e+18,2024-09-17,NEG,ironic,
22960553,18177,18177,1.83611680718447e+18,2024-09-17,NEU,not ironic,
22960554,18178,18178,1.8361168065553487e+18,2024-09-17,NEU,not ironic,
22960555,18179,18179,1.836116803686404e+18,2024-09-17,NEG,ironic,
22960556,18180,18180,1.836116803145339e+18,2024-09-17,POS,not ironic,
22960557,18181,18181,1.8361168030108552e+18,2024-09-17,NEG,ironic,
22960558,18182,18182,1.836116802641822e+18,2024-09-17,POS,ironic,
22960559,18183,18183,1.8361168022432973e+18,2024-09-17,NEG,ironic,
22960560,18184,18184,1.8361168017066929e+18,2024-09-17,NEG,ironic,
22960561,18185,18185,1.836116799420797e+18,2024-09-17,NEG,not ironic,
22960562,18186,18186,1.836116797038228e+18,2024-09-17,NEU,not ironic,
22960563,18187,18187,1.8361167966523108e+18,2024-09-17,NEG,ironic,
22960564,18188,18188,1.8361167956792e+18,2024-09-17,POS,not ironic,
22960565,18189,18189,1.8361167945383488e+18,2024-09-17,POS,not ironic,
22960566,18190,18190,1.8361167944715185e+18,2024-09-17,NEU,ironic,
22960567,18191,18191,1.8361167941441457e+18,2024-09-17,NEU,not ironic,
22960568,18192,18192,1.8361167936365727e+18,2024-09-17,NEG,not ironic,
22960569,18193,18193,1.8361167933432507e+18,2024-09-17,NEU,not ironic,
22960570,18194,18194,1.8361167927057165e+18,2024-09-17,POS,not ironic,
22960571,18195,18195,1.8361167923869453e+18,2024-09-17,POS,not ironic,
22960572,18196,18196,1.836116792349201e+18,2024-09-17,NEG,not ironic,
22960573,18197,18197,1.836116791099298e+18,2024-09-17,NEU,ironic,
22960574,18198,18198,1.8361167905118904e+18,2024-09-17,NEG,not ironic,
22960575,18199,18199,1.8361167890231176e+18,2024-09-17,NEG,ironic,
22960576,18200,18200,1.8361167888343493e+18,2024-09-17,NEG,not ironic,
22960577,18201,18201,1.8361167884443323e+18,2024-09-17,NEG,not ironic,
22960578,18202,18202,1.8361167883097948e+18,2024-09-17,NEG,ironic,
22960579,18203,18203,1.836116787903268e+18,2024-09-17,NEU,not ironic,
22960580,18204,18204,1.83611678768067e+18,2024-09-17,NEG,ironic,
22960581,18205,18205,1.8361167840694108e+18,2024-09-17,NEU,ironic,
22960582,18206,18206,1.8361167826642903e+18,2024-09-17,NEU,not ironic,
22960583,18207,18207,1.836116779497554e+18,2024-09-17,NEU,ironic,
22960584,18208,18208,1.8361167789064563e+18,2024-09-17,NEG,not ironic,
22960585,18209,18209,1.836116778671576e+18,2024-09-17,NEG,ironic,
22960586,18210,18210,1.836116777648128e+18,2024-09-17,NEU,not ironic,
22960587,18211,18211,1.8361167758695304e+18,2024-09-17,NEU,not ironic,
22960588,18212,18212,1.8361167754209897e+18,2024-09-17,NEG,ironic,
22960589,18213,18213,1.836116774560924e+18,2024-09-17,NEG,ironic,
22960590,18214,18214,1.83611677426344e+18,2024-09-17,NEU,ironic,
22960591,18215,18215,1.8361167710756536e+18,2024-09-17,NEG,not ironic,
22960592,18216,18216,1.8361167706812047e+18,2024-09-17,NEG,ironic,
22960593,18217,18217,1.8361167702281585e+18,2024-09-17,POS,not ironic,
22960594,18218,18218,1.8361167700480865e+18,2024-09-17,NEU,ironic,
22960595,18219,18219,1.8361167672880333e+18,2024-09-17,NEU,not ironic,
22960596,18220,18220,1.836116767166407e+18,2024-09-17,NEG,not ironic,
22960597,18221,18221,1.836116766986048e+18,2024-09-17,NEG,not ironic,
22960598,18222,18222,1.8361167669315336e+18,2024-09-17,POS,ironic,
22960599,18223,18223,1.8361167661809385e+18,2024-09-17,NEG,not ironic,
22960600,18224,18224,1.8361167660509148e+18,2024-09-17,NEG,ironic,
22960601,18225,18225,1.836116765996164e+18,2024-09-17,NEG,ironic,
22960602,18226,18226,1.8361167634376748e+18,2024-09-17,NEG,not ironic,
22960603,18227,18227,1.836116763345584e+18,2024-09-17,NEU,not ironic,
22960604,18228,18228,1.836116761902748e+18,2024-09-17,NEU,not ironic,
22960605,18229,18229,1.836116761575592e+18,2024-09-17,NEG,not ironic,
22960606,18230,18230,1.8361167611351905e+18,2024-09-17,NEG,ironic,
22960607,18231,18231,1.8361167606694047e+18,2024-09-17,NEG,ironic,
22960608,18232,18232,1.8361167603002527e+18,2024-09-17,NEG,ironic,
22960609,18233,18233,1.8361167601159744e+18,2024-09-17,NEG,ironic,
22960610,18234,18234,1.836116759562072e+18,2024-09-17,POS,ironic,
22960611,18235,18235,1.836116757263602e+18,2024-09-17,NEU,not ironic,
22960612,18236,18236,1.836116756642808e+18,2024-09-17,NEU,ironic,
22960613,18237,18237,1.836116756038812e+18,2024-09-17,POS,not ironic,
22960614,18238,18238,1.8361167555357944e+18,2024-09-17,NEU,not ironic,
22960615,18239,18239,1.836116755275748e+18,2024-09-17,NEU,ironic,
22960616,18240,18240,1.83611675475146e+18,2024-09-17,NEU,not ironic,
22960617,18241,18241,1.8361167544911424e+18,2024-09-17,NEU,not ironic,
22960618,18242,18242,1.8361167533418824e+18,2024-09-17,NEU,not ironic,
22960619,18243,18243,1.836116752633336e+18,2024-09-17,NEU,not ironic,
22960620,18244,18244,1.8361167520165809e+18,2024-09-17,NEG,not ironic,
22960621,18245,18245,1.8361167513331016e+18,2024-09-17,NEU,ironic,
22960622,18246,18246,1.836116750724952e+18,2024-09-17,NEG,ironic,
22960623,18247,18247,1.836116750342968e+18,2024-09-17,NEU,ironic,
22960624,18248,18248,1.836116749961384e+18,2024-09-17,NEG,ironic,
22960625,18249,18249,1.8361167489799089e+18,2024-09-17,NEU,not ironic,
22960626,18250,18250,1.836116747411428e+18,2024-09-17,NEU,not ironic,
22960627,18251,18251,1.836116747315012e+18,2024-09-17,POS,ironic,
22960628,18252,18252,1.8361167464129743e+18,2024-09-17,NEU,not ironic,
22960629,18253,18253,1.836116745154683e+18,2024-09-17,NEG,ironic,
22960630,18254,18254,1.836116741518484e+18,2024-09-17,NEG,ironic,
22960631,18255,18255,1.8361167414719985e+18,2024-09-17,POS,not ironic,
22960632,18256,18256,1.8361167412751608e+18,2024-09-17,NEG,ironic,
22960633,18257,18257,1.8361167412581297e+18,2024-09-17,NEG,not ironic,
22960634,18258,18258,1.836116741044241e+18,2024-09-17,NEU,not ironic,
22960635,18259,18259,1.836116738804716e+18,2024-09-17,NEG,not ironic,
22960636,18260,18260,1.8361167387583447e+18,2024-09-17,NEU,ironic,
22960637,18261,18261,1.836116737000936e+18,2024-09-17,NEU,ironic,
22960638,18262,18262,1.8361167368079404e+18,2024-09-17,POS,not ironic,
22960639,18263,18263,1.8361167353987525e+18,2024-09-17,NEG,not ironic,
22960640,18264,18264,1.8361167345891607e+18,2024-09-17,NEG,not ironic,
22960641,18265,18265,1.8361167317161329e+18,2024-09-17,NEG,ironic,
22960642,18266,18266,1.836116731137528e+18,2024-09-17,POS,not ironic,
22960643,18267,18267,1.8361167309862671e+18,2024-09-17,NEU,not ironic,
22960644,18268,18268,1.8361167296275704e+18,2024-09-17,POS,not ironic,
22960645,18269,18269,1.836116728171856e+18,2024-09-17,NEG,not ironic,
22960646,18270,18270,1.8361167274297265e+18,2024-09-17,NEG,not ironic,
22960647,18271,18271,1.836116725479412e+18,2024-09-17,NEG,ironic,
22960648,18272,18272,1.8361167253407624e+18,2024-09-17,NEG,not ironic,
22960649,18273,18273,1.8361167251058893e+18,2024-09-17,NEU,not ironic,
22960650,18274,18274,1.8361167245608591e+18,2024-09-17,NEG,ironic,
22960651,18275,18275,1.8361167242798408e+18,2024-09-17,NEU,ironic,
22960652,18276,18276,1.836116724162168e+18,2024-09-17,NEU,not ironic,
22960653,18277,18277,1.8361167238433592e+18,2024-09-17,NEG,not ironic,
22960654,18278,18278,1.8361167237178488e+18,2024-09-17,POS,ironic,
22960655,18279,18279,1.8361167231974927e+18,2024-09-17,NEU,ironic,
22960656,18280,18280,1.836116720794096e+18,2024-09-17,NEG,not ironic,
22960657,18281,18281,1.836116720756646e+18,2024-09-17,NEG,ironic,
22960658,18282,18282,1.836116719955276e+18,2024-09-17,NEU,not ironic,
22960659,18283,18283,1.8361167192212603e+18,2024-09-17,NEG,not ironic,
22960660,18284,18284,1.8361167151572872e+18,2024-09-17,NEU,not ironic,
22960661,18285,18285,1.8361167145909985e+18,2024-09-17,POS,not ironic,
22960662,18286,18286,1.8361167140664768e+18,2024-09-17,NEG,ironic,
22960663,18287,18287,1.8361167137605263e+18,2024-09-17,NEG,not ironic,
22960664,18288,18288,1.8361167108536937e+18,2024-09-17,NEG,not ironic,
22960665,18289,18289,1.8361167064328115e+18,2024-09-17,NEG,not ironic,
22960666,18290,18290,1.8361167064035287e+18,2024-09-17,NEG,not ironic,
22960667,18291,18291,1.8361167059507323e+18,2024-09-17,NEU,not ironic,
22960668,18292,18292,1.836116705568772e+18,2024-09-17,NEU,not ironic,
22960669,18293,18293,1.8361167029937485e+18,2024-09-17,NEU,not ironic,
22960670,18294,18294,1.8361167018906465e+18,2024-09-17,NEU,not ironic,
22960671,18295,18295,1.8361167014709783e+18,2024-09-17,NEG,not ironic,
22960672,18296,18296,1.836116700330365e+18,2024-09-17,NEG,not ironic,
22960673,18297,18297,1.836116698803692e+18,2024-09-17,POS,ironic,
22960674,18298,18298,1.836116698455512e+18,2024-09-17,NEG,ironic,
22960675,18299,18299,1.8361166966939768e+18,2024-09-17,NEU,ironic,
22960676,18300,18300,1.836116696308028e+18,2024-09-17,NEG,not ironic,
22960677,18301,18301,1.8361166946929585e+18,2024-09-17,NEU,ironic,
22960678,18302,18302,1.8361166946468493e+18,2024-09-17,NEU,not ironic,
22960679,18303,18303,1.836116692742616e+18,2024-09-17,NEG,not ironic,
22960680,18304,18304,1.836116692201804e+18,2024-09-17,NEG,ironic,
22960681,18305,18305,1.8361166904105613e+18,2024-09-17,NEU,ironic,
22960682,18306,18306,1.8361166901379528e+18,2024-09-17,POS,not ironic,
22960683,18307,18307,1.8361166894039124e+18,2024-09-17,NEU,ironic,
22960684,18308,18308,1.8361166887037583e+18,2024-09-17,NEU,not ironic,
22960685,18309,18309,1.8361166884434865e+18,2024-09-17,NEU,ironic,
22960686,18310,18310,1.8361166881962803e+18,2024-09-17,NEU,not ironic,
22960687,18311,18311,1.8361166881836524e+18,2024-09-17,POS,ironic,
22960688,18312,18312,1.8361166876425708e+18,2024-09-17,NEU,ironic,
22960689,18313,18313,1.836116687080264e+18,2024-09-17,NEG,ironic,
22960690,18314,18314,1.836116686857978e+18,2024-09-17,NEG,not ironic,
22960691,18315,18315,1.8361166859313728e+18,2024-09-17,NEG,ironic,
22960692,18316,18316,1.836116684085904e+18,2024-09-17,NEG,not ironic,
22960693,18317,18317,1.83611668325116e+18,2024-09-17,NEG,not ironic,
22960694,18318,18318,1.8361166832509327e+18,2024-09-17,POS,ironic,
22960695,18319,18319,1.8361166826678643e+18,2024-09-17,POS,not ironic,
22960696,18320,18320,1.8361166819089807e+18,2024-09-17,POS,not ironic,
22960697,18321,18321,1.8361166806965865e+18,2024-09-17,NEG,not ironic,
22960698,18322,18322,1.8361166796312783e+18,2024-09-17,NEG,not ironic,
22960699,18323,18323,1.8361166793085133e+18,2024-09-17,NEU,not ironic,
22960700,18324,18324,1.8361166782135247e+18,2024-09-17,NEG,not ironic,
22960701,18325,18325,1.8361166773075564e+18,2024-09-17,NEU,not ironic,
22960702,18326,18326,1.8361166757347044e+18,2024-09-17,NEG,ironic,
22960703,18327,18327,1.8361166748287675e+18,2024-09-17,NEG,ironic,
22960704,18328,18328,1.8361166739860155e+18,2024-09-17,POS,not ironic,
22960705,18329,18329,1.836116673159664e+18,2024-09-17,POS,not ironic,
22960706,18330,18330,1.8361166714358047e+18,2024-09-17,NEG,not ironic,
22960707,18331,18331,1.836116670240412e+18,2024-09-17,NEG,not ironic,
22960708,18332,18332,1.8361166692841272e+18,2024-09-17,NEG,ironic,
22960709,18333,18333,1.836116667484484e+18,2024-09-17,NEG,not ironic,
22960710,18334,18334,1.8361166644897388e+18,2024-09-17,NEU,not ironic,
22960711,18335,18335,1.8361166637305777e+18,2024-09-17,NEG,ironic,
22960712,18336,18336,1.836116663411843e+18,2024-09-17,NEU,not ironic,
22960713,18337,18337,1.8361166633324096e+18,2024-09-17,NEU,ironic,
22960714,18338,18338,1.8361166621999311e+18,2024-09-17,NEU,not ironic,
22960715,18339,18339,1.8361166616421496e+18,2024-09-17,NEG,not ironic,
22960716,18340,18340,1.8361166616125568e+18,2024-09-17,NEG,not ironic,
22960717,18341,18341,1.836116661188916e+18,2024-09-17,NEG,not ironic,
22960718,18342,18342,1.8361166611178168e+18,2024-09-17,NEG,not ironic,
22960719,18343,18343,1.836116660740056e+18,2024-09-17,NEG,not ironic,
22960720,18344,18344,1.83611666063102e+18,2024-09-17,NEG,ironic,
22960721,18345,18345,1.8361166602200148e+18,2024-09-17,NEG,ironic,
22960722,18346,18346,1.8361166595072044e+18,2024-09-17,NEU,ironic,
22960723,18347,18347,1.836116659213361e+18,2024-09-17,NEU,not ironic,
22960724,18348,18348,1.8361166589703327e+18,2024-09-17,NEG,not ironic,
22960725,18349,18349,1.8361166586890527e+18,2024-09-17,NEG,not ironic,
22960726,18350,18350,1.8361166581356667e+18,2024-09-17,NEG,ironic,
22960727,18351,18351,1.83611665787562e+18,2024-09-17,POS,ironic,
22960728,18352,18352,1.8361166570703127e+18,2024-09-17,POS,ironic,
22960729,18353,18353,1.8361166562272463e+18,2024-09-17,NEG,not ironic,
22960730,18354,18354,1.836116654788388e+18,2024-09-17,NEG,not ironic,
22960731,18355,18355,1.8361166546247808e+18,2024-09-17,NEU,ironic,
22960732,18356,18356,1.836116653421028e+18,2024-09-17,NEG,not ironic,
22960733,18357,18357,1.8361166533791048e+18,2024-09-17,NEG,not ironic,
22960734,18358,18358,1.8361166528843896e+18,2024-09-17,NEG,ironic,
22960735,18359,18359,1.836116651164721e+18,2024-09-17,NEG,not ironic,
22960736,18360,18360,1.8361166483165025e+18,2024-09-17,NEG,not ironic,
22960737,18361,18361,1.8361166467982213e+18,2024-09-17,NEG,not ironic,
22960738,18362,18362,1.8361166463242857e+18,2024-09-17,NEG,not ironic,
22960739,18363,18363,1.8361166462362007e+18,2024-09-17,NEG,ironic,
22960740,18364,18364,1.836116646059983e+18,2024-09-17,NEU,not ironic,
22960741,18365,18365,1.836116643593724e+18,2024-09-17,NEG,ironic,
22960742,18366,18366,1.836116643543495e+18,2024-09-17,NEG,not ironic,
22960743,18367,18367,1.836116643141104e+18,2024-09-17,NEG,not ironic,
22960744,18368,18368,1.836116642012529e+18,2024-09-17,NEU,ironic,
22960745,18369,18369,1.836116641517646e+18,2024-09-17,NEG,not ironic,
22960746,18370,18370,1.836116641429816e+18,2024-09-17,NEU,not ironic,
22960747,18371,18371,1.8361166410942093e+18,2024-09-17,NEU,ironic,
22960748,18372,18372,1.836116638673888e+18,2024-09-17,NEG,ironic,
22960749,18373,18373,1.8361166386318584e+18,2024-09-17,NEG,not ironic,
22960750,18374,18374,1.8361166375035945e+18,2024-09-17,NEG,ironic,
22960751,18375,18375,1.8361166373736727e+18,2024-09-17,NEG,ironic,
22960752,18376,18376,1.8361166369248911e+18,2024-09-17,NEG,ironic,
22960753,18377,18377,1.8361166363795213e+18,2024-09-17,NEG,not ironic,
22960754,18378,18378,1.8361166360146327e+18,2024-09-17,NEG,not ironic,
22960755,18379,18379,1.8361166332254536e+18,2024-09-17,POS,not ironic,
22960756,18380,18380,1.8361166324747016e+18,2024-09-17,NEU,not ironic,
22960757,18381,18381,1.8361166315058176e+18,2024-09-17,NEG,ironic,
22960758,18382,18382,1.8361166308726907e+18,2024-09-17,POS,not ironic,
22960759,18383,18383,1.8361166305622835e+18,2024-09-17,POS,not ironic,
22960760,18384,18384,1.836116630503592e+18,2024-09-17,NEU,not ironic,
22960761,18385,18385,1.836116630071288e+18,2024-09-17,NEU,not ironic,
22960762,18386,18386,1.8361166297105905e+18,2024-09-17,NEG,ironic,
22960763,18387,18387,1.8361166293795023e+18,2024-09-17,POS,ironic,
22960764,18388,18388,1.8361166291611569e+18,2024-09-17,POS,not ironic,
22960765,18389,18389,1.8361166290437573e+18,2024-09-17,NEG,ironic,
22960766,18390,18390,1.836116628833981e+18,2024-09-17,NEU,not ironic,
22960767,18391,18391,1.8361166280623188e+18,2024-09-17,NEG,ironic,
22960768,18392,18392,1.8361166272781765e+18,2024-09-17,NEG,not ironic,
22960769,18393,18393,1.836116627265336e+18,2024-09-17,NEG,ironic,
22960770,18394,18394,1.8361166254534044e+18,2024-09-17,NEG,not ironic,
22960771,18395,18395,1.8361166228949448e+18,2024-09-17,NEG,ironic,
22960772,18396,18396,1.836116622404391e+18,2024-09-17,NEG,ironic,
22960773,18397,18397,1.8361166220814505e+18,2024-09-17,POS,ironic,
22960774,18398,18398,1.8361166209154127e+18,2024-09-17,NEG,not ironic,
22960775,18399,18399,1.8361166209028303e+18,2024-09-17,NEU,ironic,
22960776,18400,18400,1.8361166205127232e+18,2024-09-17,NEG,ironic,
22960777,18401,18401,1.8361166204160407e+18,2024-09-17,NEG,ironic,
22960778,18402,18402,1.836116620218864e+18,2024-09-17,POS,not ironic,
22960779,18403,18403,1.8361166192080448e+18,2024-09-17,NEG,ironic,
22960780,18404,18404,1.836116618595779e+18,2024-09-17,NEG,not ironic,
22960781,18405,18405,1.836116617350013e+18,2024-09-17,NEG,not ironic,
22960782,18406,18406,1.836116616859272e+18,2024-09-17,NEG,ironic,
22960783,18407,18407,1.836116614867026e+18,2024-09-17,NEG,not ironic,
22960784,18408,18408,1.8361166144855944e+18,2024-09-17,NEG,not ironic,
22960785,18409,18409,1.836116614103864e+18,2024-09-17,NEG,not ironic,
22960786,18410,18410,1.836116613642289e+18,2024-09-17,NEU,ironic,
22960787,18411,18411,1.8361166136131748e+18,2024-09-17,NEG,not ironic,
22960788,18412,18412,1.836116613260612e+18,2024-09-17,NEU,ironic,
22960789,18413,18413,1.836116611947992e+18,2024-09-17,POS,not ironic,
22960790,18414,18414,1.83611661168375e+18,2024-09-17,NEG,not ironic,
22960791,18415,18415,1.83611661100408e+18,2024-09-17,NEG,ironic,
22960792,18416,18416,1.8361166106727383e+18,2024-09-17,NEU,not ironic,
22960793,18417,18417,1.8361166099011707e+18,2024-09-17,NEU,not ironic,
22960794,18418,18418,1.8361166097205327e+18,2024-09-17,NEG,ironic,
22960795,18419,18419,1.836116609272025e+18,2024-09-17,NEU,not ironic,
22960796,18420,18420,1.8361166091126213e+18,2024-09-17,NEG,not ironic,
22960797,18421,18421,1.8361166084497367e+18,2024-09-17,NEG,ironic,
22960798,18422,18422,1.8361166072500923e+18,2024-09-17,NEU,ironic,
22960799,18423,18423,1.836116605744616e+18,2024-09-17,NEU,not ironic,
22960800,18424,18424,1.836116605228716e+18,2024-09-17,NEU,ironic,
22960801,18425,18425,1.8361166041340027e+18,2024-09-17,NEG,ironic,
22960802,18426,18426,1.8361166038611684e+18,2024-09-17,NEG,ironic,
22960803,18427,18427,1.8361166026616177e+18,2024-09-17,NEU,not ironic,
22960804,18428,18428,1.836116601466176e+18,2024-09-17,NEG,not ironic,
22960805,18429,18429,1.8361165986897964e+18,2024-09-17,NEG,not ironic,
22960806,18430,18430,1.836116597804798e+18,2024-09-17,NEG,ironic,
22960807,18431,18431,1.8361165968818588e+18,2024-09-17,NEU,ironic,
22960808,18432,18432,1.8361165966681416e+18,2024-09-17,NEU,not ironic,
22960809,18433,18433,1.8361165965968384e+18,2024-09-17,NEG,not ironic,
22960810,18434,18434,1.8361165955398733e+18,2024-09-17,NEG,ironic,
22960811,18435,18435,1.836116593635406e+18,2024-09-17,NEG,not ironic,
22960812,18436,18436,1.8361165934340383e+18,2024-09-17,NEU,ironic,
22960813,18437,18437,1.8361165931491208e+18,2024-09-17,NEG,not ironic,
22960814,18438,18438,1.8361165928636664e+18,2024-09-17,NEG,not ironic,
22960815,18439,18439,1.8361165926875505e+18,2024-09-17,NEG,not ironic,
22960816,18440,18440,1.8361165893656527e+18,2024-09-17,NEU,not ironic,
22960817,18441,18441,1.8361165885267927e+18,2024-09-17,NEG,not ironic,
22960818,18442,18442,1.8361165877340687e+18,2024-09-17,NEG,ironic,
22960819,18443,18443,1.8361165858633403e+18,2024-09-17,NEU,ironic,
22960820,18444,18444,1.836116585590956e+18,2024-09-17,NEU,not ironic,
22960821,18445,18445,1.8361165852051087e+18,2024-09-17,POS,not ironic,
22960822,18446,18446,1.836116584886076e+18,2024-09-17,POS,not ironic,
22960823,18447,18447,1.8361165831960369e+18,2024-09-17,NEU,not ironic,
22960824,18448,18448,1.83611658309118e+18,2024-09-17,NEG,not ironic,
22960825,18449,18449,1.8361165816735048e+18,2024-09-17,NEU,not ironic,
22960826,18450,18450,1.8361165809602647e+18,2024-09-17,NEG,not ironic,
22960827,18451,18451,1.8361165805953805e+18,2024-09-17,NEG,ironic,
22960828,18452,18452,1.8361165800626424e+18,2024-09-17,NEG,ironic,
22960829,18453,18453,1.8361165790266944e+18,2024-09-17,POS,ironic,
22960830,18454,18454,1.836116578636911e+18,2024-09-17,NEU,not ironic,
22960831,18455,18455,1.8361165783264504e+18,2024-09-17,NEG,not ironic,
22960832,18456,18456,1.8361165778397312e+18,2024-09-17,NEG,not ironic,
22960833,18457,18457,1.8361165769756183e+18,2024-09-17,NEG,ironic,
22960834,18458,18458,1.8361165756376845e+18,2024-09-17,NEU,ironic,
22960835,18459,18459,1.8361165752686144e+18,2024-09-17,NEU,not ironic,
22960836,18460,18460,1.836116575100846e+18,2024-09-17,NEG,ironic,
22960837,18461,18461,1.8361165748449528e+18,2024-09-17,NEG,ironic,
22960838,18462,18462,1.8361165748367887e+18,2024-09-17,NEG,not ironic,
22960839,18463,18463,1.836116574794552e+18,2024-09-17,NEG,not ironic,
22960840,18464,18464,1.836116574362833e+18,2024-09-17,NEG,ironic,
22960841,18465,18465,1.8361165737966016e+18,2024-09-17,POS,ironic,
22960842,18466,18466,1.8361165732513423e+18,2024-09-17,NEG,not ironic,
22960843,18467,18467,1.836116572844495e+18,2024-09-17,NEG,ironic,
22960844,18468,18468,1.8361165720263967e+18,2024-09-17,NEU,not ironic,
22960845,18469,18469,1.83611657191336e+18,2024-09-17,NEU,not ironic,
22960846,18470,18470,1.8361165710532444e+18,2024-09-17,NEG,not ironic,
22960847,18471,18471,1.8361165703446897e+18,2024-09-17,NEG,ironic,
22960848,18472,18472,1.836116566989062e+18,2024-09-17,NEG,ironic,
22960849,18473,18473,1.836116566481511e+18,2024-09-17,NEU,ironic,
22960850,18474,18474,1.836116565604848e+18,2024-09-17,POS,not ironic,
22960851,18475,18475,1.8361165655041969e+18,2024-09-17,NEG,not ironic,
22960852,18476,18476,1.8361165640783995e+18,2024-09-17,POS,ironic,
22960853,18477,18477,1.836116563939988e+18,2024-09-17,NEG,ironic,
22960854,18478,18478,1.836116563365368e+18,2024-09-17,NEG,not ironic,
22960855,18479,18479,1.8361165625013407e+18,2024-09-17,NEG,not ironic,
22960856,18480,18480,1.83611656088234e+18,2024-09-17,NEU,not ironic,
22960857,18481,18481,1.8361165601438848e+18,2024-09-17,NEG,not ironic,
22960858,18482,18482,1.8361165596534784e+18,2024-09-17,NEG,ironic,
22960859,18483,18483,1.8361165576695032e+18,2024-09-17,NEG,ironic,
22960860,18484,18484,1.8361165573924004e+18,2024-09-17,NEU,not ironic,
22960861,18485,18485,1.8361165573800965e+18,2024-09-17,NEU,not ironic,
22960862,18486,18486,1.836116556310344e+18,2024-09-17,NEG,ironic,
22960863,18487,18487,1.836116556205691e+18,2024-09-17,NEU,not ironic,
22960864,18488,18488,1.8361165555343404e+18,2024-09-17,POS,ironic,
22960865,18489,18489,1.836116554892857e+18,2024-09-17,NEG,ironic,
22960866,18490,18490,1.836116553869464e+18,2024-09-17,NEG,ironic,
22960867,18491,18491,1.8361165536092e+18,2024-09-17,NEG,not ironic,
22960868,18492,18492,1.8361165525314808e+18,2024-09-17,NEU,not ironic,
22960869,18493,18493,1.836116548605612e+18,2024-09-17,NEG,not ironic,
22960870,18494,18494,1.8361165472757724e+18,2024-09-17,POS,ironic,
22960871,18495,18495,1.8361165472215693e+18,2024-09-17,NEG,ironic,
22960872,18496,18496,1.836116545543537e+18,2024-09-17,NEG,ironic,
22960873,18497,18497,1.8361165453256663e+18,2024-09-17,NEG,not ironic,
22960874,18498,18498,1.8361165451998367e+18,2024-09-17,POS,not ironic,
22960875,18499,18499,1.8361165449814508e+18,2024-09-17,POS,ironic,
22960876,18500,18500,1.83611654433142e+18,2024-09-17,NEG,ironic,
22960877,18501,18501,1.8361165407787584e+18,2024-09-17,NEG,ironic,
22960878,18502,18502,1.836116537939256e+18,2024-09-17,NEU,not ironic,
22960879,18503,18503,1.8361165378765824e+18,2024-09-17,POS,not ironic,
22960880,18504,18504,1.8361165378598047e+18,2024-09-17,NEU,ironic,
22960881,18505,18505,1.836116537390044e+18,2024-09-17,POS,not ironic,
22960882,18506,18506,1.8361165333845568e+18,2024-09-17,NEG,not ironic,
22960883,18507,18507,1.8361165312537764e+18,2024-09-17,NEG,not ironic,
22960884,18508,18508,1.836116531119333e+18,2024-09-17,NEG,ironic,
22960885,18509,18509,1.8361165310563448e+18,2024-09-17,NEU,ironic,
22960886,18510,18510,1.8361165307211e+18,2024-09-17,NEG,not ironic,
22960887,18511,18511,1.8361165301168745e+18,2024-09-17,NEU,ironic,
22960888,18512,18512,1.8361165296389696e+18,2024-09-17,NEU,not ironic,
22960889,18513,18513,1.8361165281204145e+18,2024-09-17,NEU,ironic,
22960890,18514,18514,1.8361165279526548e+18,2024-09-17,NEG,not ironic,
22960891,18515,18515,1.8361165279277176e+18,2024-09-17,NEG,not ironic,
22960892,18516,18516,1.8361165276674127e+18,2024-09-17,NEU,not ironic,
22960893,18517,18517,1.8361165265226007e+18,2024-09-17,NEU,not ironic,
22960894,18518,18518,1.8361165244084595e+18,2024-09-17,NEG,ironic,
22960895,18519,18519,1.8361165238130767e+18,2024-09-17,NEG,not ironic,
22960896,18520,18520,1.836116523095855e+18,2024-09-17,NEU,ironic,
22960897,18521,18521,1.8361165216194609e+18,2024-09-17,NEU,not ironic,
22960898,18522,18522,1.836116521313276e+18,2024-09-17,NEG,ironic,
22960899,18523,18523,1.8361165197320689e+18,2024-09-17,NEG,ironic,
22960900,18524,18524,1.836116518020497e+18,2024-09-17,NEU,not ironic,
22960901,18525,18525,1.836116517437457e+18,2024-09-17,POS,not ironic,
22960902,18526,18526,1.8361165171357647e+18,2024-09-17,NEG,ironic,
22960903,18527,18527,1.8361165156215729e+18,2024-09-17,NEU,not ironic,
22960904,18528,18528,1.8361165153361395e+18,2024-09-17,NEG,not ironic,
22960905,18529,18529,1.836116512102392e+18,2024-09-17,NEU,not ironic,
22960906,18530,18530,1.8361165118171087e+18,2024-09-17,NEG,not ironic,
22960907,18531,18531,1.8361165116328143e+18,2024-09-17,NEU,ironic,
22960908,18532,18532,1.8361165099929231e+18,2024-09-17,NEG,not ironic,
22960909,18533,18533,1.8361165099591112e+18,2024-09-17,NEG,ironic,
22960910,18534,18534,1.8361165085162373e+18,2024-09-17,NEU,not ironic,
22960911,18535,18535,1.8361165055091384e+18,2024-09-17,NEG,ironic,
22960912,18536,18536,1.8361165031981225e+18,2024-09-17,NEG,not ironic,
22960913,18537,18537,1.836116502044644e+18,2024-09-17,NEG,ironic,
22960914,18538,18538,1.836116501235143e+18,2024-09-17,NEU,not ironic,
22960915,18539,18539,1.8361165001907607e+18,2024-09-17,NEG,not ironic,
22960916,18540,18540,1.8361165000772444e+18,2024-09-17,POS,ironic,
22960917,18541,18541,1.836116499620144e+18,2024-09-17,NEG,ironic,
22960918,18542,18542,1.836116498487665e+18,2024-09-17,NEU,not ironic,
22960919,18543,18543,1.8361164980894024e+18,2024-09-17,NEG,not ironic,
22960920,18544,18544,1.8361164980891927e+18,2024-09-17,NEU,not ironic,
22960921,18545,18545,1.8361164956019635e+18,2024-09-17,NEU,not ironic,
22960922,18546,18546,1.836116495224497e+18,2024-09-17,NEU,not ironic,
22960923,18547,18547,1.8361164950066007e+18,2024-09-17,POS,ironic,
22960924,18548,18548,1.836116494486254e+18,2024-09-17,NEU,ironic,
22960925,18549,18549,1.8361164939871887e+18,2024-09-17,NEU,not ironic,
22960926,18550,18550,1.8361164930183168e+18,2024-09-17,NEU,not ironic,
22960927,18551,18551,1.8361164924564644e+18,2024-09-17,NEU,not ironic,
22960928,18552,18552,1.8361164915251284e+18,2024-09-17,NEG,not ironic,
22960929,18553,18553,1.8361164880564024e+18,2024-09-17,NEG,not ironic,
22960930,18554,18554,1.8361164876581847e+18,2024-09-17,NEG,not ironic,
22960931,18555,18555,1.836116487112921e+18,2024-09-17,NEG,ironic,
22960932,18556,18556,1.8361164856742505e+18,2024-09-17,NEU,not ironic,
22960933,18557,18557,1.8361164845879503e+18,2024-09-17,NEG,ironic,
22960934,18558,18558,1.8361164842733773e+18,2024-09-17,NEG,not ironic,
22960935,18559,18559,1.8361164826290253e+18,2024-09-17,NEG,ironic,
22960936,18560,18560,1.8361164824949924e+18,2024-09-17,NEU,not ironic,
22960937,18561,18561,1.8361164810773176e+18,2024-09-17,NEU,not ironic,
22960938,18562,18562,1.8361164808925025e+18,2024-09-17,NEG,ironic,
22960939,18563,18563,1.836116480586609e+18,2024-09-17,NEG,ironic,
22960940,18564,18564,1.8361164801503688e+18,2024-09-17,NEU,not ironic,
22960941,18565,18565,1.8361164786318008e+18,2024-09-17,POS,not ironic,
22960942,18566,18566,1.8361164785982093e+18,2024-09-17,POS,not ironic,
22960943,18567,18567,1.8361164773779497e+18,2024-09-17,NEG,not ironic,
22960944,18568,18568,1.8361164768159048e+18,2024-09-17,POS,not ironic,
22960945,18569,18569,1.83611647464722e+18,2024-09-17,POS,ironic,
22960946,18570,18570,1.8361164743077112e+18,2024-09-17,POS,not ironic,
22960947,18571,18571,1.8361164738544435e+18,2024-09-17,NEG,not ironic,
22960948,18572,18572,1.8361164731626665e+18,2024-09-17,NEU,not ironic,
22960949,18573,18573,1.8361164730575127e+18,2024-09-17,NEU,ironic,
22960950,18574,18574,1.836116472336388e+18,2024-09-17,NEU,not ironic,
22960951,18575,18575,1.8361164719208776e+18,2024-09-17,NEU,ironic,
22960952,18576,18576,1.8361164716566449e+18,2024-09-17,NEG,not ironic,
22960953,18577,18577,1.836116471002567e+18,2024-09-17,NEG,ironic,
22960954,18578,18578,1.836116470449021e+18,2024-09-17,NEU,ironic,
22960955,18579,18579,1.836116470297678e+18,2024-09-17,NEG,not ironic,
22960956,18580,18580,1.8361164693121108e+18,2024-09-17,NEG,ironic,
22960957,18581,18581,1.83611646927458e+18,2024-09-17,NEG,not ironic,
22960958,18582,18582,1.836116467261244e+18,2024-09-17,NEU,not ironic,
22960959,18583,18583,1.836116466619552e+18,2024-09-17,NEU,not ironic,
22960960,18584,18584,1.836116466493723e+18,2024-09-17,NEU,not ironic,
22960961,18585,18585,1.8361164662000968e+18,2024-09-17,NEG,ironic,
22960962,18586,18586,1.836116466162418e+18,2024-09-17,NEU,not ironic,
22960963,18587,18587,1.8361164661033943e+18,2024-09-17,NEG,ironic,
22960964,18588,18588,1.8361164656548616e+18,2024-09-17,NEG,ironic,
22960965,18589,18589,1.836116465088344e+18,2024-09-17,POS,ironic,
22960966,18590,18590,1.8361164647738447e+18,2024-09-17,NEG,ironic,
22960967,18591,18591,1.8361164646941327e+18,2024-09-17,NEG,ironic,
22960968,18592,18592,1.8361164643123976e+18,2024-09-17,NEG,not ironic,
22960969,18593,18593,1.836116464203653e+18,2024-09-17,POS,ironic,
22960970,18594,18594,1.836116463888852e+18,2024-09-17,NEG,not ironic,
22960971,18595,18595,1.8361164614477169e+18,2024-09-17,POS,not ironic,
22960972,18596,18596,1.8361164613347287e+18,2024-09-17,NEU,not ironic,
22960973,18597,18597,1.8361164604662912e+18,2024-09-17,NEG,not ironic,
22960974,18598,18598,1.836116460412056e+18,2024-09-17,NEG,ironic,
22960975,18599,18599,1.836116460025816e+18,2024-09-17,NEU,not ironic,
22960976,18600,18600,1.8361164600007027e+18,2024-09-17,NEU,not ironic,
22960977,18601,18601,1.8361164599674268e+18,2024-09-17,NEU,ironic,
22960978,18602,18602,1.8361164592079247e+18,2024-09-17,NEU,not ironic,
22960979,18603,18603,1.8361164588724268e+18,2024-09-17,NEG,not ironic,
22960980,18604,18604,1.8361164584404296e+18,2024-09-17,NEG,ironic,
22960981,18605,18605,1.8361164556847964e+18,2024-09-17,POS,not ironic,
22960982,18606,18606,1.8361164556554404e+18,2024-09-17,NEG,ironic,
22960983,18607,18607,1.8361164552865423e+18,2024-09-17,NEU,not ironic,
22960984,18608,18608,1.8361164542922388e+18,2024-09-17,NEU,ironic,
22960985,18609,18609,1.836116452857828e+18,2024-09-17,NEU,not ironic,
22960986,18610,18610,1.8361164503456525e+18,2024-09-17,NEU,not ironic,
22960987,18611,18611,1.8361164493177528e+18,2024-09-17,NEU,not ironic,
22960988,18612,18612,1.8361164486134047e+18,2024-09-17,POS,ironic,
22960989,18613,18613,1.8361164476735985e+18,2024-09-17,NEG,ironic,
22960990,18614,18614,1.8361164463733888e+18,2024-09-17,NEG,ironic,
22960991,18615,18615,1.836116443185976e+18,2024-09-17,NEG,not ironic,
22960992,18616,18616,1.83611644200713e+18,2024-09-17,NEG,not ironic,
22960993,18617,18617,1.836116441663152e+18,2024-09-17,NEG,not ironic,
22960994,18618,18618,1.8361164413402568e+18,2024-09-17,NEG,ironic,
22960995,18619,18619,1.836116441340224e+18,2024-09-17,NEG,not ironic,
22960996,18620,18620,1.8361164410215053e+18,2024-09-17,NEU,not ironic,
22960997,18621,18621,1.836116440728113e+18,2024-09-17,NEG,ironic,
22960998,18622,18622,1.836116440232977e+18,2024-09-17,NEG,not ironic,
22960999,18623,18623,1.836116437943096e+18,2024-09-17,NEG,not ironic,
22961000,18624,18624,1.836116437913789e+18,2024-09-17,POS,not ironic,
22961001,18625,18625,1.8361164375862927e+18,2024-09-17,NEG,ironic,
22961002,18626,18626,1.836116437401842e+18,2024-09-17,NEG,ironic,
22961003,18627,18627,1.8361164364709645e+18,2024-09-17,NEU,not ironic,
22961004,18628,18628,1.836116436286428e+18,2024-09-17,NEG,ironic,
22961005,18629,18629,1.836116436147663e+18,2024-09-17,NEU,ironic,
22961006,18630,18630,1.8361164360554537e+18,2024-09-17,POS,not ironic,
22961007,18631,18631,1.8361164357325169e+18,2024-09-17,NEG,not ironic,
22961008,18632,18632,1.8361164351536663e+18,2024-09-17,POS,not ironic,
22961009,18633,18633,1.8361164346880617e+18,2024-09-17,NEU,not ironic,
22961010,18634,18634,1.836116433446503e+18,2024-09-17,NEU,not ironic,
22961011,18635,18635,1.8361164323520883e+18,2024-09-17,NEU,not ironic,
22961012,18636,18636,1.8361164323437e+18,2024-09-17,NEG,not ironic,
22961013,18637,18637,1.836116431668184e+18,2024-09-17,NEG,not ironic,
22961014,18638,18638,1.8361164284679168e+18,2024-09-17,NEU,ironic,
22961015,18639,18639,1.8361164279439447e+18,2024-09-17,NEG,not ironic,
22961016,18640,18640,1.836116427759407e+18,2024-09-17,NEG,ironic,
22961017,18641,18641,1.836116425418904e+18,2024-09-17,NEG,not ironic,
22961018,18642,18642,1.8361164232966185e+18,2024-09-17,NEG,ironic,
22961019,18643,18643,1.8361164230656824e+18,2024-09-17,POS,not ironic,
22961020,18644,18644,1.8361164226338609e+18,2024-09-17,NEG,not ironic,
22961021,18645,18645,1.8361164222939136e+18,2024-09-17,NEU,ironic,
22961022,18646,18646,1.8361164210819648e+18,2024-09-17,NEG,not ironic,
22961023,18647,18647,1.836116421002301e+18,2024-09-17,NEU,not ironic,
22961024,18648,18648,1.8361164195342707e+18,2024-09-17,NEU,ironic,
22961025,18649,18649,1.836116416719684e+18,2024-09-17,NEG,ironic,
22961026,18650,18650,1.8361164166106683e+18,2024-09-17,NEG,not ironic,
22961027,18651,18651,1.8361164152684585e+18,2024-09-17,NEG,ironic,
22961028,18652,18652,1.8361164144715123e+18,2024-09-17,NEG,ironic,
22961029,18653,18653,1.836116414131852e+18,2024-09-17,NEG,not ironic,
22961030,18654,18654,1.8361164133267249e+18,2024-09-17,NEU,ironic,
22961031,18655,18655,1.8361164126806093e+18,2024-09-17,NEG,not ironic,
22961032,18656,18656,1.8361164103191224e+18,2024-09-17,NEG,not ironic,
22961033,18657,18657,1.8361164101849457e+18,2024-09-17,POS,not ironic,
22961034,18658,18658,1.8361164096439383e+18,2024-09-17,NEG,ironic,
22961035,18659,18659,1.8361164088262167e+18,2024-09-17,POS,not ironic,
22961036,18660,18660,1.8361164073412365e+18,2024-09-17,NEG,not ironic,
22961037,18661,18661,1.8361164070308664e+18,2024-09-17,NEG,ironic,
22961038,18662,18662,1.8361164067036777e+18,2024-09-17,NEG,not ironic,
22961039,18663,18663,1.8361164057686464e+18,2024-09-17,NEG,not ironic,
22961040,18664,18664,1.83611640518978e+18,2024-09-17,NEU,ironic,
22961041,18665,18665,1.836116404778513e+18,2024-09-17,NEG,ironic,
22961042,18666,18666,1.8361164042712023e+18,2024-09-17,NEG,ironic,
22961043,18667,18667,1.8361164032603955e+18,2024-09-17,NEG,not ironic,
22961044,18668,18668,1.8361164006431503e+18,2024-09-17,NEU,not ironic,
22961045,18669,18669,1.83611640028668e+18,2024-09-17,POS,not ironic,
22961046,18670,18670,1.8361163993720207e+18,2024-09-17,NEG,ironic,
22961047,18671,18671,1.8361163992587592e+18,2024-09-17,NEG,ironic,
22961048,18672,18672,1.8361163967885844e+18,2024-09-17,NEG,not ironic,
22961049,18673,18673,1.83611639621372e+18,2024-09-17,NEG,not ironic,
22961050,18674,18674,1.8361163947583409e+18,2024-09-17,NEU,not ironic,
22961051,18675,18675,1.8361163940201185e+18,2024-09-17,POS,not ironic,
22961052,18676,18676,1.8361163939574287e+18,2024-09-17,NEG,not ironic,
22961053,18677,18677,1.8361163923045824e+18,2024-09-17,NEU,ironic,
22961054,18678,18678,1.836116391319212e+18,2024-09-17,POS,ironic,
22961055,18679,18679,1.836116390035517e+18,2024-09-17,NEU,not ironic,
22961056,18680,18680,1.8361163895616064e+18,2024-09-17,NEU,not ironic,
22961057,18681,18681,1.836116389301556e+18,2024-09-17,NEG,not ironic,
22961058,18682,18682,1.8361163890416804e+18,2024-09-17,NEG,ironic,
22961059,18683,18683,1.8361163887439795e+18,2024-09-17,NEG,ironic,
22961060,18684,18684,1.83611638844192e+18,2024-09-17,NEU,ironic,
22961061,18685,18685,1.8361163878924657e+18,2024-09-17,NEU,not ironic,
22961062,18686,18686,1.8361163876028744e+18,2024-09-17,NEU,not ironic,
22961063,18687,18687,1.8361163868606671e+18,2024-09-17,NEG,ironic,
22961064,18688,18688,1.8361163863361743e+18,2024-09-17,NEG,ironic,
22961065,18689,18689,1.83611638514498e+18,2024-09-17,NEG,ironic,
22961066,18690,18690,1.836116385048528e+18,2024-09-17,NEG,not ironic,
22961067,18691,18691,1.8361163849730007e+18,2024-09-17,NEG,not ironic,
22961068,18692,18692,1.83611638458316e+18,2024-09-17,NEU,not ironic,
22961069,18693,18693,1.8361163824230927e+18,2024-09-17,NEG,not ironic,
22961070,18694,18694,1.8361163812361216e+18,2024-09-17,POS,not ironic,
22961071,18695,18695,1.836116377591256e+18,2024-09-17,NEG,not ironic,
22961072,18696,18696,1.836116377490674e+18,2024-09-17,POS,not ironic,
22961073,18697,18697,1.8361163768027087e+18,2024-09-17,NEU,not ironic,
22961074,18698,18698,1.8361163762908244e+18,2024-09-17,NEG,not ironic,
22961075,18699,18699,1.836116376140026e+18,2024-09-17,POS,not ironic,
22961076,18700,18700,1.8361163751792763e+18,2024-09-17,NEG,ironic,
22961077,18701,18701,1.8361163743614405e+18,2024-09-17,POS,ironic,
22961078,18702,18702,1.836116373392548e+18,2024-09-17,POS,ironic,
22961079,18703,18703,1.8361163726252e+18,2024-09-17,NEU,not ironic,
22961080,18704,18704,1.836116370414568e+18,2024-09-17,NEU,ironic,
22961081,18705,18705,1.8361163691733647e+18,2024-09-17,NEU,not ironic,
22961082,18706,18706,1.8361163688752376e+18,2024-09-17,NEG,not ironic,
22961083,18707,18707,1.8361163686613363e+18,2024-09-17,NEG,ironic,
22961084,18708,18708,1.8361163685732027e+18,2024-09-17,NEU,not ironic,
22961085,18709,18709,1.8361163670297108e+18,2024-09-17,NEG,ironic,
22961086,18710,18710,1.8361163664847383e+18,2024-09-17,NEG,ironic,
22961087,18711,18711,1.836116366283224e+18,2024-09-17,NEU,not ironic,
22961088,18712,18712,1.836116365708792e+18,2024-09-17,NEU,not ironic,
22961089,18713,18713,1.8361163641149563e+18,2024-09-17,POS,not ironic,
22961090,18714,18714,1.836116363640992e+18,2024-09-17,NEU,not ironic,
22961091,18715,18715,1.8361163631922097e+18,2024-09-17,NEU,ironic,
22961092,18716,18716,1.836116360998589e+18,2024-09-17,NEG,ironic,
22961093,18717,18717,1.8361163605833528e+18,2024-09-17,NEG,not ironic,
22961094,18718,18718,1.8361163597945367e+18,2024-09-17,NEG,not ironic,
22961095,18719,18719,1.836116358716888e+18,2024-09-17,NEU,not ironic,
22961096,18720,18720,1.8361163586411889e+18,2024-09-17,NEG,not ironic,
22961097,18721,18721,1.836116358544642e+18,2024-09-17,NEU,not ironic,
22961098,18722,18722,1.8361163579157755e+18,2024-09-17,NEU,not ironic,
22961099,18723,18723,1.8361163574669844e+18,2024-09-17,NEU,not ironic,
22961100,18724,18724,1.8361163572572687e+18,2024-09-17,NEG,not ironic,
22961101,18725,18725,1.8361163556886e+18,2024-09-17,NEG,ironic,
22961102,18726,18726,1.8361163536585687e+18,2024-09-17,NEG,not ironic,
22961103,18727,18727,1.8361163536375608e+18,2024-09-17,NEU,not ironic,
22961104,18728,18728,1.836116353356608e+18,2024-09-17,NEU,not ironic,
22961105,18729,18729,1.836116352643355e+18,2024-09-17,NEU,not ironic,
22961106,18730,18730,1.8361163517082831e+18,2024-09-17,NEG,ironic,
22961107,18731,18731,1.8361163514436936e+18,2024-09-17,POS,ironic,
22961108,18732,18732,1.8361163507349133e+18,2024-09-17,NEG,ironic,
22961109,18733,18733,1.8361163493006743e+18,2024-09-17,NEU,not ironic,
22961110,18734,18734,1.8361163492881408e+18,2024-09-17,POS,ironic,
22961111,18735,18735,1.8361163489481687e+18,2024-09-17,NEU,not ironic,
22961112,18736,18736,1.8361163483483835e+18,2024-09-17,NEG,not ironic,
22961113,18737,18737,1.8361163480757125e+18,2024-09-17,POS,not ironic,
22961114,18738,18738,1.836116347584975e+18,2024-09-17,POS,ironic,
22961115,18739,18739,1.8361163464189176e+18,2024-09-17,NEG,not ironic,
22961116,18740,18740,1.8361163441707827e+18,2024-09-17,NEG,not ironic,
22961117,18741,18741,1.8361163439445489e+18,2024-09-17,POS,ironic,
22961118,18742,18742,1.836116343638364e+18,2024-09-17,NEG,not ironic,
22961119,18743,18743,1.836116343525118e+18,2024-09-17,NEU,not ironic,
22961120,18744,18744,1.8361163433531515e+18,2024-09-17,NEG,ironic,
22961121,18745,18745,1.8361163424092408e+18,2024-09-17,NEG,ironic,
22961122,18746,18746,1.836116341398364e+18,2024-09-17,NEU,not ironic,
22961123,18747,18747,1.836116339683136e+18,2024-09-17,NEG,ironic,
22961124,18748,18748,1.8361163387894497e+18,2024-09-17,NEG,not ironic,
22961125,18749,18749,1.836116335639552e+18,2024-09-17,POS,ironic,
22961126,18750,18750,1.8361163352872507e+18,2024-09-17,NEG,not ironic,
22961127,18751,18751,1.8361163350861788e+18,2024-09-17,NEG,ironic,
22961128,18752,18752,1.8361163345241664e+18,2024-09-17,NEU,not ironic,
22961129,18753,18753,1.8361163302753403e+18,2024-09-17,NEG,not ironic,
22961130,18754,18754,1.8361163289331348e+18,2024-09-17,NEG,ironic,
22961131,18755,18755,1.8361163288576369e+18,2024-09-17,NEG,not ironic,
22961132,18756,18756,1.836116328387876e+18,2024-09-17,NEU,not ironic,
22961133,18757,18757,1.8361163257119089e+18,2024-09-17,NEG,ironic,
22961134,18758,18758,1.836116325510308e+18,2024-09-17,NEG,ironic,
22961135,18759,18759,1.836116324533359e+18,2024-09-17,NEU,not ironic,
22961136,18760,18760,1.8361163240716493e+18,2024-09-17,NEG,ironic,
22961137,18761,18761,1.8361163216937613e+18,2024-09-17,NEG,ironic,
22961138,18762,18762,1.836116321576084e+18,2024-09-17,NEG,ironic,
22961139,18763,18763,1.8361163213160727e+18,2024-09-17,NEG,ironic,
22961140,18764,18764,1.8361163197934925e+18,2024-09-17,NEU,not ironic,
22961141,18765,18765,1.8361163190429647e+18,2024-09-17,NEG,not ironic,
22961142,18766,18766,1.8361163189588296e+18,2024-09-17,POS,ironic,
22961143,18767,18767,1.8361163176711905e+18,2024-09-17,NEG,ironic,
22961144,18768,18768,1.8361163173565847e+18,2024-09-17,NEG,ironic,
22961145,18769,18769,1.836116314496131e+18,2024-09-17,POS,ironic,
22961146,18770,18770,1.8361163139133847e+18,2024-09-17,NEG,ironic,
22961147,18771,18771,1.836116313254826e+18,2024-09-17,NEU,ironic,
22961148,18772,18772,1.836116313032581e+18,2024-09-17,POS,ironic,
22961149,18773,18773,1.836116313015751e+18,2024-09-17,NEU,ironic,
22961150,18774,18774,1.8361163107883464e+18,2024-09-17,NEU,not ironic,
22961151,18775,18775,1.83611630979034e+18,2024-09-17,NEU,ironic,
22961152,18776,18776,1.8361163089931471e+18,2024-09-17,POS,not ironic,
22961153,18777,18777,1.8361163087040804e+18,2024-09-17,NEG,not ironic,
22961154,18778,18778,1.836116308477252e+18,2024-09-17,NEG,not ironic,
22961155,18779,18779,1.8361163080578417e+18,2024-09-17,NEU,not ironic,
22961156,18780,18780,1.836116302953616e+18,2024-09-17,NEG,ironic,
22961157,18781,18781,1.8361163022278003e+18,2024-09-17,NEG,not ironic,
22961158,18782,18782,1.836116301162648e+18,2024-09-17,NEU,not ironic,
22961159,18783,18783,1.8361163006971456e+18,2024-09-17,NEU,not ironic,
22961160,18784,18784,1.8361162987926807e+18,2024-09-17,NEG,not ironic,
22961161,18785,18785,1.8361162981341105e+18,2024-09-17,NEG,ironic,
22961162,18786,18786,1.8361162977902387e+18,2024-09-17,POS,not ironic,
22961163,18787,18787,1.8361162973710257e+18,2024-09-17,NEG,not ironic,
22961164,18788,18788,1.8361162950093576e+18,2024-09-17,NEG,not ironic,
22961165,18789,18789,1.836116293382214e+18,2024-09-17,NEG,not ironic,
22961166,18790,18790,1.83611629084466e+18,2024-09-17,NEG,not ironic,
22961167,18791,18791,1.8361162907102003e+18,2024-09-17,NEG,not ironic,
22961168,18792,18792,1.83611628781611e+18,2024-09-17,NEG,ironic,
22961169,18793,18793,1.836116287635796e+18,2024-09-17,NEG,ironic,
22961170,18794,18794,1.8361162867214287e+18,2024-09-17,NEU,ironic,
22961171,18795,18795,1.836116285287207e+18,2024-09-17,NEG,not ironic,
22961172,18796,18796,1.836116284393784e+18,2024-09-17,NEU,not ironic,
22961173,18797,18797,1.836116284221912e+18,2024-09-17,NEU,not ironic,
22961174,18798,18798,1.8361162828461143e+18,2024-09-17,NEU,not ironic,
22961175,18799,18799,1.8361162811767887e+18,2024-09-17,NEG,ironic,
22961176,18800,18800,1.8361162801195955e+18,2024-09-17,NEG,not ironic,
22961177,18801,18801,1.8361162797043635e+18,2024-09-17,NEG,ironic,
22961178,18802,18802,1.836116279377146e+18,2024-09-17,NEG,not ironic,
22961179,18803,18803,1.836116279243215e+18,2024-09-17,NEU,not ironic,
22961180,18804,18804,1.836116278412768e+18,2024-09-17,NEG,not ironic,
22961181,18805,18805,1.8361162779220744e+18,2024-09-17,NEG,not ironic,
22961182,18806,18806,1.8361162771208973e+18,2024-09-17,NEG,ironic,
22961183,18807,18807,1.8361162761014195e+18,2024-09-17,NEG,ironic,
22961184,18808,18808,1.836116276030104e+18,2024-09-17,NEG,not ironic,
22961185,18809,18809,1.8361162747969948e+18,2024-09-17,NEG,not ironic,
22961186,18810,18810,1.8361162737525847e+18,2024-09-17,NEG,not ironic,
22961187,18811,18811,1.8361162735387807e+18,2024-09-17,NEU,not ironic,
22961188,18812,18812,1.8361162735138163e+18,2024-09-17,POS,not ironic,
22961189,18813,18813,1.8361162722929992e+18,2024-09-17,NEG,not ironic,
22961190,18814,18814,1.8361162708249848e+18,2024-09-17,NEU,not ironic,
22961191,18815,18815,1.836116270661424e+18,2024-09-17,NEU,not ironic,
22961192,18816,18816,1.8361162703052188e+18,2024-09-17,NEG,not ironic,
22961193,18817,18817,1.83611627008682e+18,2024-09-17,NEG,not ironic,
22961194,18818,18818,1.83611626962987e+18,2024-09-17,POS,not ironic,
22961195,18819,18819,1.8361162682163896e+18,2024-09-17,POS,not ironic,
22961196,18820,18820,1.8361162663539264e+18,2024-09-17,POS,not ironic,
22961197,18821,18821,1.836116265267569e+18,2024-09-17,NEG,not ironic,
22961198,18822,18822,1.836116264856527e+18,2024-09-17,POS,not ironic,
22961199,18823,18823,1.8361162640682232e+18,2024-09-17,POS,not ironic,
22961200,18824,18824,1.8361162621346488e+18,2024-09-17,NEG,ironic,
22961201,18825,18825,1.8361162612244687e+18,2024-09-17,NEG,ironic,
22961202,18826,18826,1.836116261144785e+18,2024-09-17,NEG,ironic,
22961203,18827,18827,1.836116260586652e+18,2024-09-17,NEU,not ironic,
22961204,18828,18828,1.836116260020532e+18,2024-09-17,NEG,not ironic,
22961205,18829,18829,1.8361162588670364e+18,2024-09-17,NEG,ironic,
22961206,18830,18830,1.8361162583513871e+18,2024-09-17,NEG,ironic,
22961207,18831,18831,1.8361162567617367e+18,2024-09-17,NEG,ironic,
22961208,18832,18832,1.8361162566272653e+18,2024-09-17,POS,ironic,
22961209,18833,18833,1.8361162561952484e+18,2024-09-17,NEU,not ironic,
22961210,18834,18834,1.836116254601692e+18,2024-09-17,NEG,ironic,
22961211,18835,18835,1.8361162539054984e+18,2024-09-17,NEG,not ironic,
22961212,18836,18836,1.83611625269334e+18,2024-09-17,POS,ironic,
22961213,18837,18837,1.836116252148016e+18,2024-09-17,NEU,ironic,
22961214,18838,18838,1.8361162521480115e+18,2024-09-17,NEG,not ironic,
22961215,18839,18839,1.8361162519760568e+18,2024-09-17,NEG,ironic,
22961216,18840,18840,1.836116251342705e+18,2024-09-17,NEG,not ironic,
22961217,18841,18841,1.836116251233424e+18,2024-09-17,NEG,not ironic,
22961218,18842,18842,1.8361162506171064e+18,2024-09-17,POS,not ironic,
22961219,18843,18843,1.8361162483309243e+18,2024-09-17,NEU,ironic,
22961220,18844,18844,1.8361162472155087e+18,2024-09-17,NEG,not ironic,
22961221,18845,18845,1.8361162469804485e+18,2024-09-17,NEU,not ironic,
22961222,18846,18846,1.836116245932024e+18,2024-09-17,NEU,ironic,
22961223,18847,18847,1.8361162450806088e+18,2024-09-17,NEG,not ironic,
22961224,18848,18848,1.8361162442667128e+18,2024-09-17,POS,not ironic,
22961225,18849,18849,1.836116244014993e+18,2024-09-17,NEU,ironic,
22961226,18850,18850,1.8361162439984783e+18,2024-09-17,NEG,not ironic,
22961227,18851,18851,1.8361162433693164e+18,2024-09-17,NEU,ironic,
22961228,18852,18852,1.836116242907976e+18,2024-09-17,POS,not ironic,
22961229,18853,18853,1.8361162420942648e+18,2024-09-17,NEU,not ironic,
22961230,18854,18854,1.8361162382897848e+18,2024-09-17,NEG,not ironic,
22961231,18855,18855,1.8361162382772183e+18,2024-09-17,NEG,not ironic,
22961232,18856,18856,1.8361162371363635e+18,2024-09-17,NEU,ironic,
22961233,18857,18857,1.8361162364191703e+18,2024-09-17,NEU,not ironic,
22961234,18858,18858,1.83611623591159e+18,2024-09-17,NEG,not ironic,
22961235,18859,18859,1.8361162358908887e+18,2024-09-17,NEU,ironic,
22961236,18860,18860,1.8361162325564544e+18,2024-09-17,NEU,not ironic,
22961237,18861,18861,1.8361162318559685e+18,2024-09-17,NEU,not ironic,
22961238,18862,18862,1.8361162315075707e+18,2024-09-17,NEG,not ironic,
22961239,18863,18863,1.8361162310968e+18,2024-09-17,NEG,not ironic,
22961240,18864,18864,1.8361162304589704e+18,2024-09-17,NEG,not ironic,
22961241,18865,18865,1.8361162290415903e+18,2024-09-17,NEG,ironic,
22961242,18866,18866,1.8361162275274465e+18,2024-09-17,NEU,not ironic,
22961243,18867,18867,1.8361162270451016e+18,2024-09-17,NEU,not ironic,
22961244,18868,18868,1.836116226600276e+18,2024-09-17,NEU,not ironic,
22961245,18869,18869,1.8361162260888704e+18,2024-09-17,NEG,not ironic,
22961246,18870,18870,1.8361162252119084e+18,2024-09-17,NEG,not ironic,
22961247,18871,18871,1.8361162248892296e+18,2024-09-17,NEG,not ironic,
22961248,18872,18872,1.8361162248344824e+18,2024-09-17,NEG,ironic,
22961249,18873,18873,1.8361162238071565e+18,2024-09-17,NEG,ironic,
22961250,18874,18874,1.836116223530276e+18,2024-09-17,NEG,not ironic,
22961251,18875,18875,1.8361162233832325e+18,2024-09-17,NEG,ironic,
22961252,18876,18876,1.8361162230479304e+18,2024-09-17,NEG,not ironic,
22961253,18877,18877,1.836116222473024e+18,2024-09-17,NEU,not ironic,
22961254,18878,18878,1.8361162207955889e+18,2024-09-17,NEG,ironic,
22961255,18879,18879,1.83611622055234e+18,2024-09-17,NEU,ironic,
22961256,18880,18880,1.836116220342604e+18,2024-09-17,NEG,ironic,
22961257,18881,18881,1.8361162199902904e+18,2024-09-17,NEG,not ironic,
22961258,18882,18882,1.8361162178509253e+18,2024-09-17,NEU,not ironic,
22961259,18883,18883,1.8361162178176328e+18,2024-09-17,NEU,ironic,
22961260,18884,18884,1.836116217251402e+18,2024-09-17,NEG,not ironic,
22961261,18885,18885,1.836116217024664e+18,2024-09-17,NEU,not ironic,
22961262,18886,18886,1.836116214059336e+18,2024-09-17,NEG,not ironic,
22961263,18887,18887,1.8361162132290644e+18,2024-09-17,NEU,not ironic,
22961264,18888,18888,1.8361162106327905e+18,2024-09-17,NEG,ironic,
22961265,18889,18889,1.8361162099323167e+18,2024-09-17,NEG,ironic,
22961266,18890,18890,1.836116209336452e+18,2024-09-17,NEU,not ironic,
22961267,18891,18891,1.8361162086363087e+18,2024-09-17,NEG,ironic,
22961268,18892,18892,1.836116207914627e+18,2024-09-17,NEU,ironic,
22961269,18893,18893,1.8361162076713487e+18,2024-09-17,NEG,ironic,
22961270,18894,18894,1.836116205976884e+18,2024-09-17,NEU,not ironic,
22961271,18895,18895,1.8361162059474785e+18,2024-09-17,POS,not ironic,
22961272,18896,18896,1.836116205712872e+18,2024-09-17,NEU,not ironic,
22961273,18897,18897,1.8361162056035697e+18,2024-09-17,NEG,not ironic,
22961274,18898,18898,1.8361162045468552e+18,2024-09-17,NEG,not ironic,
22961275,18899,18899,1.8361162042529628e+18,2024-09-17,POS,not ironic,
22961276,18900,18900,1.836116203414139e+18,2024-09-17,NEG,ironic,
22961277,18901,18901,1.836116202801816e+18,2024-09-17,NEU,ironic,
22961278,18902,18902,1.8361162019629627e+18,2024-09-17,NEG,not ironic,
22961279,18903,18903,1.836116201942172e+18,2024-09-17,NEG,ironic,
22961280,18904,18904,1.836116201241556e+18,2024-09-17,NEG,not ironic,
22961281,18905,18905,1.8361162002138893e+18,2024-09-17,POS,ironic,
22961282,18906,18906,1.836116199136252e+18,2024-09-17,NEG,not ironic,
22961283,18907,18907,1.8361161990690816e+18,2024-09-17,NEG,not ironic,
22961284,18908,18908,1.836116198745936e+18,2024-09-17,POS,not ironic,
22961285,18909,18909,1.836116197492093e+18,2024-09-17,NEU,not ironic,
22961286,18910,18910,1.8361161961705884e+18,2024-09-17,NEG,not ironic,
22961287,18911,18911,1.836116196145664e+18,2024-09-17,NEU,not ironic,
22961288,18912,18912,1.8361161960698675e+18,2024-09-17,NEU,not ironic,
22961289,18913,18913,1.8361161960489004e+18,2024-09-17,POS,not ironic,
22961290,18914,18914,1.8361161949710584e+18,2024-09-17,NEU,not ironic,
22961291,18915,18915,1.8361161940107635e+18,2024-09-17,NEG,not ironic,
22961292,18916,18916,1.836116193536615e+18,2024-09-17,NEG,not ironic,
22961293,18917,18917,1.836116192940999e+18,2024-09-17,NEU,not ironic,
22961294,18918,18918,1.836116192928359e+18,2024-09-17,NEG,ironic,
22961295,18919,18919,1.8361161910076416e+18,2024-09-17,NEU,ironic,
22961296,18920,18920,1.836116190705652e+18,2024-09-17,POS,not ironic,
22961297,18921,18921,1.83611619036151e+18,2024-09-17,POS,not ironic,
22961298,18922,18922,1.8361161898416407e+18,2024-09-17,NEU,not ironic,
22961299,18923,18923,1.8361161891663424e+18,2024-09-17,NEU,not ironic,
22961300,18924,18924,1.8361161881555151e+18,2024-09-17,NEG,not ironic,
22961301,18925,18925,1.8361161880465329e+18,2024-09-17,NEG,ironic,
22961302,18926,18926,1.83611618722438e+18,2024-09-17,NEU,ironic,
22961303,18927,18927,1.8361161851815693e+18,2024-09-17,NEG,ironic,
22961304,18928,18928,1.8361161850559693e+18,2024-09-17,NEU,not ironic,
22961305,18929,18929,1.83611618469102e+18,2024-09-17,NEG,ironic,
22961306,18930,18930,1.836116184472679e+18,2024-09-17,POS,ironic,
22961307,18931,18931,1.8361161833740088e+18,2024-09-17,NEG,ironic,
22961308,18932,18932,1.836116183033979e+18,2024-09-17,NEU,ironic,
22961309,18933,18933,1.8361161825474724e+18,2024-09-17,POS,not ironic,
22961310,18934,18934,1.8361161824974e+18,2024-09-17,NEG,not ironic,
22961311,18935,18935,1.836116182484529e+18,2024-09-17,NEG,not ironic,
22961312,18936,18936,1.8361161801570056e+18,2024-09-17,NEU,ironic,
22961313,18937,18937,1.8361161749976965e+18,2024-09-17,NEU,not ironic,
22961314,18938,18938,1.83611617360128e+18,2024-09-17,NEG,ironic,
22961315,18939,18939,1.8361161733622047e+18,2024-09-17,NEU,not ironic,
22961316,18940,18940,1.8361161729637417e+18,2024-09-17,NEG,ironic,
22961317,18941,18941,1.8361161725652872e+18,2024-09-17,NEU,ironic,
22961318,18942,18942,1.8361161712524687e+18,2024-09-17,NEG,not ironic,
22961319,18943,18943,1.836116170325328e+18,2024-09-17,POS,not ironic,
22961320,18944,18944,1.8361161700149368e+18,2024-09-17,NEU,not ironic,
22961321,18945,18945,1.836116170011005e+18,2024-09-17,NEG,ironic,
22961322,18946,18946,1.836116169750909e+18,2024-09-17,NEG,not ironic,
22961323,18947,18947,1.83611616897056e+18,2024-09-17,NEG,not ironic,
22961324,18948,18948,1.8361161689665743e+18,2024-09-17,NEU,not ironic,
22961325,18949,18949,1.8361161674692283e+18,2024-09-17,NEG,not ironic,
22961326,18950,18950,1.8361161674689457e+18,2024-09-17,NEG,not ironic,
22961327,18951,18951,1.8361161671879232e+18,2024-09-17,NEG,not ironic,
22961328,18952,18952,1.8361161669239483e+18,2024-09-17,NEG,not ironic,
22961329,18953,18953,1.8361161653802068e+18,2024-09-17,NEG,not ironic,
22961330,18954,18954,1.836116164273152e+18,2024-09-17,NEU,ironic,
22961331,18955,18955,1.8361161637782449e+18,2024-09-17,NEG,ironic,
22961332,18956,18956,1.8361161635643763e+18,2024-09-17,NEG,not ironic,
22961333,18957,18957,1.836116163522368e+18,2024-09-17,NEG,ironic,
22961334,18958,18958,1.836116162943365e+18,2024-09-17,POS,ironic,
22961335,18959,18959,1.8361161624905687e+18,2024-09-17,NEU,not ironic,
22961336,18960,18960,1.8361161608880663e+18,2024-09-17,NEG,not ironic,
22961337,18961,18961,1.836116160368292e+18,2024-09-17,NEG,ironic,
22961338,18962,18962,1.8361161595081485e+18,2024-09-17,NEG,not ironic,
22961339,18963,18963,1.8361161584134884e+18,2024-09-17,POS,not ironic,
22961340,18964,18964,1.8361161583507912e+18,2024-09-17,NEG,not ironic,
22961341,18965,18965,1.8361161575496788e+18,2024-09-17,NEG,not ironic,
22961342,18966,18966,1.83611615672318e+18,2024-09-17,NEU,not ironic,
22961343,18967,18967,1.8361161565805243e+18,2024-09-17,NEU,ironic,
22961344,18968,18968,1.8361161564211164e+18,2024-09-17,NEG,not ironic,
22961345,18969,18969,1.8361161557668744e+18,2024-09-17,POS,ironic,
22961346,18970,18970,1.8361161555364127e+18,2024-09-17,NEU,ironic,
22961347,18971,18971,1.8361161552719007e+18,2024-09-17,POS,ironic,
22961348,18972,18972,1.8361161538167483e+18,2024-09-17,NEG,ironic,
22961349,18973,18973,1.8361161536574344e+18,2024-09-17,NEU,not ironic,
22961350,18974,18974,1.8361161520297487e+18,2024-09-17,NEU,not ironic,
22961351,18975,18975,1.836116151216284e+18,2024-09-17,NEU,ironic,
22961352,18976,18976,1.83611615096046e+18,2024-09-17,POS,ironic,
22961353,18977,18977,1.8361161504946053e+18,2024-09-17,NEG,ironic,
22961354,18978,18978,1.8361161499370168e+18,2024-09-17,NEU,not ironic,
22961355,18979,18979,1.836116149819348e+18,2024-09-17,NEG,ironic,
22961356,18980,18980,1.8361161497354647e+18,2024-09-17,NEG,ironic,
22961357,18981,18981,1.83611614852332e+18,2024-09-17,POS,not ironic,
22961358,18982,18982,1.8361161471517489e+18,2024-09-17,NEU,not ironic,
22961359,18983,18983,1.836116146636145e+18,2024-09-17,NEG,ironic,
22961360,18984,18984,1.8361161465183685e+18,2024-09-17,NEG,ironic,
22961361,18985,18985,1.8361161453691533e+18,2024-09-17,NEG,ironic,
22961362,18986,18986,1.8361161450545608e+18,2024-09-17,NEG,ironic,
22961363,18987,18987,1.836116144010224e+18,2024-09-17,POS,not ironic,
22961364,18988,18988,1.836116143083516e+18,2024-09-17,NEG,not ironic,
22961365,18989,18989,1.8361161421773496e+18,2024-09-17,NEG,not ironic,
22961366,18990,18990,1.8361161413049551e+18,2024-09-17,POS,not ironic,
22961367,18991,18991,1.836116141208376e+18,2024-09-17,NEU,not ironic,
22961368,18992,18992,1.8361161410031493e+18,2024-09-17,NEG,not ironic,
22961369,18993,18993,1.836116140982232e+18,2024-09-17,NEU,not ironic,
22961370,18994,18994,1.836116140562748e+18,2024-09-17,NEU,not ironic,
22961371,18995,18995,1.8361161401095089e+18,2024-09-17,NEG,not ironic,
22961372,18996,18996,1.8361161395726543e+18,2024-09-17,NEG,ironic,
22961373,18997,18997,1.836116138461164e+18,2024-09-17,NEG,not ironic,
22961374,18998,18998,1.8361161382432968e+18,2024-09-17,NEG,not ironic,
22961375,18999,18999,1.83611613449366e+18,2024-09-17,NEU,not ironic,
22961376,19000,19000,1.8361161314986312e+18,2024-09-17,NEU,not ironic,
22961377,19001,19001,1.836116129468838e+18,2024-09-17,NEG,ironic,
22961378,19002,19002,1.8361161290995016e+18,2024-09-17,NEU,not ironic,
22961379,19003,19003,1.8361161266961687e+18,2024-09-17,NEG,ironic,
22961380,19004,19004,1.836116124213072e+18,2024-09-17,NEU,not ironic,
22961381,19005,19005,1.8361161235000325e+18,2024-09-17,NEU,not ironic,
22961382,19006,19006,1.8361161228415304e+18,2024-09-17,NEG,not ironic,
22961383,19007,19007,1.836116122577572e+18,2024-09-17,NEG,not ironic,
22961384,19008,19008,1.8361161222336392e+18,2024-09-17,NEG,ironic,
22961385,19009,19009,1.8361161208830733e+18,2024-09-17,NEG,not ironic,
22961386,19010,19010,1.8361161205978604e+18,2024-09-17,POS,ironic,
22961387,19011,19011,1.8361161199016064e+18,2024-09-17,NEG,ironic,
22961388,19012,19012,1.8361161189914545e+18,2024-09-17,NEG,ironic,
22961389,19013,19013,1.8361161187269268e+18,2024-09-17,NEU,ironic,
22961390,19014,19014,1.8361161148013e+18,2024-09-17,NEG,ironic,
22961391,19015,19015,1.8361161147342031e+18,2024-09-17,NEU,not ironic,
22961392,19016,19016,1.8361161145872305e+18,2024-09-17,NEU,ironic,
22961393,19017,19017,1.836116112091632e+18,2024-09-17,NEU,not ironic,
22961394,19018,19018,1.8361161084889047e+18,2024-09-17,NEG,not ironic,
22961395,19019,19019,1.8361161073604e+18,2024-09-17,NEU,not ironic,
22961396,19020,19020,1.8361161066558057e+18,2024-09-17,NEG,not ironic,
22961397,19021,19021,1.836116106529944e+18,2024-09-17,NEG,not ironic,
22961398,19022,19022,1.836116106064376e+18,2024-09-17,NEU,not ironic,
22961399,19023,19023,1.8361161029943624e+18,2024-09-17,NEG,not ironic,
22961400,19024,19024,1.8361161028392223e+18,2024-09-17,NEG,ironic,
22961401,19025,19025,1.836116102067208e+18,2024-09-17,NEG,not ironic,
22961402,19026,19026,1.8361161018912927e+18,2024-09-17,NEG,not ironic,
22961403,19027,19027,1.836116100343382e+18,2024-09-17,NEG,not ironic,
22961404,19028,19028,1.836116099957408e+18,2024-09-17,NEU,not ironic,
22961405,19029,19029,1.8361160998694136e+18,2024-09-17,NEG,ironic,
22961406,19030,19030,1.8361160992234573e+18,2024-09-17,NEU,not ironic,
22961407,19031,19031,1.8361160992027284e+18,2024-09-17,NEU,not ironic,
22961408,19032,19032,1.8361160963335168e+18,2024-09-17,NEG,ironic,
22961409,19033,19033,1.8361160955533888e+18,2024-09-17,NEU,not ironic,
22961410,19034,19034,1.8361160943244447e+18,2024-09-17,NEG,not ironic,
22961411,19035,19035,1.836116093683012e+18,2024-09-17,NEG,ironic,
22961412,19036,19036,1.8361160922147308e+18,2024-09-17,NEU,not ironic,
22961413,19037,19037,1.8361160918246927e+18,2024-09-17,NEG,not ironic,
22961414,19038,19038,1.83611608674125e+18,2024-09-17,NEU,not ironic,
22961415,19039,19039,1.836116085428356e+18,2024-09-17,NEG,ironic,
22961416,19040,19040,1.836116085298664e+18,2024-09-17,NEG,ironic,
22961417,19041,19041,1.836116084405212e+18,2024-09-17,NEG,ironic,
22961418,19042,19042,1.8361160840148623e+18,2024-09-17,NEG,ironic,
22961419,19043,19043,1.836116083784438e+18,2024-09-17,NEG,not ironic,
22961420,19044,19044,1.8361160837128847e+18,2024-09-17,NEU,not ironic,
22961421,19045,19045,1.83611608331051e+18,2024-09-17,NEG,ironic,
22961422,19046,19046,1.83611608328514e+18,2024-09-17,NEG,ironic,
22961423,19047,19047,1.8361160831133647e+18,2024-09-17,NEG,not ironic,
22961424,19048,19048,1.8361160827020984e+18,2024-09-17,NEG,not ironic,
22961425,19049,19049,1.8361160826058675e+18,2024-09-17,NEG,not ironic,
22961426,19050,19050,1.8361160819137948e+18,2024-09-17,NEG,ironic,
22961427,19051,19051,1.8361160812175608e+18,2024-09-17,NEU,ironic,
22961428,19052,19052,1.8361160797995707e+18,2024-09-17,POS,not ironic,
22961429,19053,19053,1.836116079564956e+18,2024-09-17,NEG,ironic,
22961430,19054,19054,1.8361160783820104e+18,2024-09-17,NEU,ironic,
22961431,19055,19055,1.836116076569989e+18,2024-09-17,POS,ironic,
22961432,19056,19056,1.836116075676578e+18,2024-09-17,NEU,not ironic,
22961433,19057,19057,1.836116074481488e+18,2024-09-17,NEG,ironic,
22961434,19058,19058,1.8361160737642744e+18,2024-09-17,NEU,not ironic,
22961435,19059,19059,1.8361160733655944e+18,2024-09-17,NEG,not ironic,
22961436,19060,19060,1.836116073349026e+18,2024-09-17,NEU,not ironic,
22961437,19061,19061,1.8361160712392911e+18,2024-09-17,NEU,not ironic,
22961438,19062,19062,1.8361160711802964e+18,2024-09-17,NEG,ironic,
22961439,19063,19063,1.8361160711761144e+18,2024-09-17,NEU,not ironic,
22961440,19064,19064,1.836116070706426e+18,2024-09-17,NEG,ironic,
22961441,19065,19065,1.8361160697084152e+18,2024-09-17,NEU,ironic,
22961442,19066,19066,1.836116069376804e+18,2024-09-17,NEG,ironic,
22961443,19067,19067,1.8361160665836137e+18,2024-09-17,NEG,not ironic,
22961444,19068,19068,1.8361160655431311e+18,2024-09-17,NEG,ironic,
22961445,19069,19069,1.8361160651951188e+18,2024-09-17,NEG,ironic,
22961446,19070,19070,1.8361160645367928e+18,2024-09-17,POS,not ironic,
22961447,19071,19071,1.836116063836074e+18,2024-09-17,NEU,not ironic,
22961448,19072,19072,1.8361160632321272e+18,2024-09-17,NEG,ironic,
22961449,19073,19073,1.8361160625945684e+18,2024-09-17,NEG,ironic,
22961450,19074,19074,1.8361160605477235e+18,2024-09-17,NEG,ironic,
22961451,19075,19075,1.8361160602753805e+18,2024-09-17,POS,not ironic,
22961452,19076,19076,1.8361160600279327e+18,2024-09-17,POS,not ironic,
22961453,19077,19077,1.8361160593314488e+18,2024-09-17,NEG,not ironic,
22961454,19078,19078,1.836116058064798e+18,2024-09-17,NEU,not ironic,
22961455,19079,19079,1.8361160578256937e+18,2024-09-17,NEG,not ironic,
22961456,19080,19080,1.836116057825661e+18,2024-09-17,NEG,not ironic,
22961457,19081,19081,1.8361160578007736e+18,2024-09-17,NEG,not ironic,
22961458,19082,19082,1.8361160575111247e+18,2024-09-17,NEG,not ironic,
22961459,19083,19083,1.8361160561730644e+18,2024-09-17,NEU,ironic,
22961460,19084,19084,1.8361160548940884e+18,2024-09-17,NEU,ironic,
22961461,19085,19085,1.8361160547388992e+18,2024-09-17,NEU,ironic,
22961462,19086,19086,1.8361160528514376e+18,2024-09-17,POS,not ironic,
22961463,19087,19087,1.8361160524991409e+18,2024-09-17,NEU,not ironic,
22961464,19088,19088,1.836116052477948e+18,2024-09-17,NEU,not ironic,
22961465,19089,19089,1.8361160523772928e+18,2024-09-17,NEG,not ironic,
22961466,19090,19090,1.8361160522472205e+18,2024-09-17,NEG,not ironic,
22961467,19091,19091,1.8361160519494287e+18,2024-09-17,POS,not ironic,
22961468,19092,19092,1.8361160509052808e+18,2024-09-17,NEG,not ironic,
22961469,19093,19093,1.836116050875704e+18,2024-09-17,NEG,ironic,
22961470,19094,19094,1.8361160487156657e+18,2024-09-17,NEU,ironic,
22961471,19095,19095,1.8361160469917865e+18,2024-09-17,NEG,not ironic,
22961472,19096,19096,1.836116046803272e+18,2024-09-17,NEG,ironic,
22961473,19097,19097,1.8361160441606272e+18,2024-09-17,NEG,ironic,
22961474,19098,19098,1.836116041371448e+18,2024-09-17,NEU,ironic,
22961475,19099,19099,1.8361160405369856e+18,2024-09-17,NEG,not ironic,
22961476,19100,19100,1.8361160401969928e+18,2024-09-17,NEG,ironic,
22961477,19101,19101,1.836116039907857e+18,2024-09-17,NEG,not ironic,
22961478,19102,19102,1.836116039404524e+18,2024-09-17,NEU,not ironic,
22961479,19103,19103,1.8361160384689649e+18,2024-09-17,NEG,not ironic,
22961480,19104,19104,1.8361160384230564e+18,2024-09-17,NEG,not ironic,
22961481,19105,19105,1.8361160384143936e+18,2024-09-17,NEG,ironic,
22961482,19106,19106,1.8361160377433247e+18,2024-09-17,NEG,not ironic,
22961483,19107,19107,1.8361160370093512e+18,2024-09-17,NEU,ironic,
22961484,19108,19108,1.8361160351092567e+18,2024-09-17,NEG,ironic,
22961485,19109,19109,1.836116034584998e+18,2024-09-17,NEG,not ironic,
22961486,19110,19110,1.8361160342579e+18,2024-09-17,POS,ironic,
22961487,19111,19111,1.8361160339519245e+18,2024-09-17,NEG,ironic,
22961488,19112,19112,1.8361160333519544e+18,2024-09-17,NEG,ironic,
22961489,19113,19113,1.8361160300974328e+18,2024-09-17,NEG,ironic,
22961490,19114,19114,1.836116029057176e+18,2024-09-17,POS,not ironic,
22961491,19115,19115,1.836116028746548e+18,2024-09-17,NEU,not ironic,
22961492,19116,19116,1.83611602771499e+18,2024-09-17,NEG,not ironic,
22961493,19117,19117,1.8361160275472264e+18,2024-09-17,POS,not ironic,
22961494,19118,19118,1.836116025957585e+18,2024-09-17,NEG,ironic,
22961495,19119,19119,1.8361160256178752e+18,2024-09-17,NEG,ironic,
22961496,19120,19120,1.8361160252442788e+18,2024-09-17,NEG,ironic,
22961497,19121,19121,1.8361160250935795e+18,2024-09-17,NEG,ironic,
22961498,19122,19122,1.8361160239524864e+18,2024-09-17,NEU,not ironic,
22961499,19123,19123,1.8361160238727447e+18,2024-09-17,POS,not ironic,
22961500,19124,19124,1.8361160229794368e+18,2024-09-17,NEG,ironic,
22961501,19125,19125,1.8361160224928937e+18,2024-09-17,NEG,ironic,
22961502,19126,19126,1.836116022308316e+18,2024-09-17,NEG,ironic,
22961503,19127,19127,1.8361160202782927e+18,2024-09-17,NEU,ironic,
22961504,19128,19128,1.836116019200312e+18,2024-09-17,NEG,not ironic,
22961505,19129,19129,1.8361160158783985e+18,2024-09-17,NEG,not ironic,
22961506,19130,19130,1.83611601233868e+18,2024-09-17,POS,not ironic,
22961507,19131,19131,1.8361160117976148e+18,2024-09-17,NEG,ironic,
22961508,19132,19132,1.8361160081737649e+18,2024-09-17,NEG,ironic,
22961509,19133,19133,1.8361160077375693e+18,2024-09-17,NEU,ironic,
22961510,19134,19134,1.836116006747697e+18,2024-09-17,NEG,not ironic,
22961511,19135,19135,1.836116005359108e+18,2024-09-17,NEG,not ironic,
22961512,19136,19136,1.836116004964856e+18,2024-09-17,NEU,not ironic,
22961513,19137,19137,1.836116004222702e+18,2024-09-17,NEG,ironic,
22961514,19138,19138,1.8361160039417244e+18,2024-09-17,NEG,not ironic,
22961515,19139,19139,1.83611600350967e+18,2024-09-17,NEG,ironic,
22961516,19140,19140,1.8361160025615e+18,2024-09-17,NEU,not ironic,
22961517,19141,19141,1.8361160024441e+18,2024-09-17,NEG,not ironic,
22961518,19142,19142,1.8361160008295096e+18,2024-09-17,NEG,ironic,
22961519,19143,19143,1.836116000766596e+18,2024-09-17,POS,ironic,
22961520,19144,19144,1.8361159999443151e+18,2024-09-17,NEG,not ironic,
22961521,19145,19145,1.8361159996339407e+18,2024-09-17,NEG,not ironic,
22961522,19146,19146,1.8361159995248563e+18,2024-09-17,NEG,ironic,
22961523,19147,19147,1.8361159993699533e+18,2024-09-17,NEU,not ironic,
22961524,19148,19148,1.836115999336125e+18,2024-09-17,NEG,not ironic,
22961525,19149,19149,1.836115999042544e+18,2024-09-17,POS,not ironic,
22961526,19150,19150,1.836115998925096e+18,2024-09-17,NEG,not ironic,
22961527,19151,19151,1.836115998656582e+18,2024-09-17,NEG,ironic,
22961528,19152,19152,1.8361159973188767e+18,2024-09-17,NEG,not ironic,
22961529,19153,19153,1.836115997259956e+18,2024-09-17,NEU,not ironic,
22961530,19154,19154,1.8361159964633047e+18,2024-09-17,NEG,ironic,
22961531,19155,19155,1.8361159947433948e+18,2024-09-17,NEG,not ironic,
22961532,19156,19156,1.836115993153999e+18,2024-09-17,POS,not ironic,
22961533,19157,19157,1.8361159914970035e+18,2024-09-17,NEU,not ironic,
22961534,19158,19158,1.8361159911781417e+18,2024-09-17,NEG,ironic,
22961535,19159,19159,1.8361159901633943e+18,2024-09-17,NEU,not ironic,
22961536,19160,19160,1.836115989718512e+18,2024-09-17,POS,ironic,
22961537,19161,19161,1.8361159892742024e+18,2024-09-17,NEU,ironic,
22961538,19162,19162,1.836115989244842e+18,2024-09-17,NEU,not ironic,
22961539,19163,19163,1.8361159890936425e+18,2024-09-17,NEG,not ironic,
22961540,19164,19164,1.83611598860286e+18,2024-09-17,NEG,ironic,
22961541,19165,19165,1.8361159884396096e+18,2024-09-17,NEG,not ironic,
22961542,19166,19166,1.8361159882001984e+18,2024-09-17,NEG,not ironic,
22961543,19167,19167,1.836115987952968e+18,2024-09-17,NEU,not ironic,
22961544,19168,19168,1.8361159857677645e+18,2024-09-17,NEG,not ironic,
22961545,19169,19169,1.836115985490748e+18,2024-09-17,NEU,not ironic,
22961546,19170,19170,1.8361159848156567e+18,2024-09-17,NEG,ironic,
22961547,19171,19171,1.8361159839891407e+18,2024-09-17,NEG,not ironic,
22961548,19172,19172,1.8361159831628352e+18,2024-09-17,NEG,ironic,
22961549,19173,19173,1.8361159819677248e+18,2024-09-17,NEU,not ironic,
22961550,19174,19174,1.8361159807890929e+18,2024-09-17,NEG,not ironic,
22961551,19175,19175,1.8361159804326835e+18,2024-09-17,NEU,not ironic,
22961552,19176,19176,1.8361159791072376e+18,2024-09-17,NEG,ironic,
22961553,19177,19177,1.8361159780083016e+18,2024-09-17,NEU,ironic,
22961554,19178,19178,1.836115977508967e+18,2024-09-17,NEG,not ironic,
22961555,19179,19179,1.8361159771650583e+18,2024-09-17,NEU,ironic,
22961556,19180,19180,1.836115976515129e+18,2024-09-17,NEU,not ironic,
22961557,19181,19181,1.8361159757224591e+18,2024-09-17,NEG,not ironic,
22961558,19182,19182,1.8361159749674312e+18,2024-09-17,NEU,not ironic,
22961559,19183,19183,1.8361159733736653e+18,2024-09-17,NEG,ironic,
22961560,19184,19184,1.8361159727403213e+18,2024-09-17,NEU,ironic,
22961561,19185,19185,1.8361159707395727e+18,2024-09-17,NEG,ironic,
22961562,19186,19186,1.8361159692337933e+18,2024-09-17,NEG,ironic,
22961563,19187,19187,1.836115968910676e+18,2024-09-17,POS,not ironic,
22961564,19188,19188,1.836115966356272e+18,2024-09-17,NEU,not ironic,
22961565,19189,19189,1.8361159659201044e+18,2024-09-17,NEU,not ironic,
22961566,19190,19190,1.836115965911704e+18,2024-09-17,NEU,not ironic,
22961567,19191,19191,1.8361159644395028e+18,2024-09-17,NEG,not ironic,
22961568,19192,19192,1.8361159643724268e+18,2024-09-17,NEU,ironic,
22961569,19193,19193,1.8361159630595443e+18,2024-09-17,NEG,not ironic,
22961570,19194,19194,1.83611596303043e+18,2024-09-17,NEG,not ironic,
22961571,19195,19195,1.836115962828936e+18,2024-09-17,NEG,ironic,
22961572,19196,19196,1.8361159627997555e+18,2024-09-17,NEG,ironic,
22961573,19197,19197,1.836115961172177e+18,2024-09-17,NEU,ironic,
22961574,19198,19198,1.8361159608158287e+18,2024-09-17,NEU,not ironic,
22961575,19199,19199,1.8361159596708047e+18,2024-09-17,NEG,ironic,
22961576,19200,19200,1.836115959611793e+18,2024-09-17,NEU,not ironic,
22961577,19201,19201,1.8361159596076687e+18,2024-09-17,NEU,not ironic,
22961578,19202,19202,1.8361159593727964e+18,2024-09-17,NEG,not ironic,
22961579,19203,19203,1.8361159589577728e+18,2024-09-17,NEG,ironic,
22961580,19204,19204,1.8361159586809487e+18,2024-09-17,NEG,not ironic,
22961581,19205,19205,1.836115958479356e+18,2024-09-17,NEG,ironic,
22961582,19206,19206,1.8361159582654385e+18,2024-09-17,NEG,ironic,
22961583,19207,19207,1.8361159546709809e+18,2024-09-17,NEG,ironic,
22961584,19208,19208,1.8361159546164388e+18,2024-09-17,NEG,ironic,
22961585,19209,19209,1.8361159542850847e+18,2024-09-17,NEG,not ironic,
22961586,19210,19210,1.8361159533455483e+18,2024-09-17,NEU,not ironic,
22961587,19211,19211,1.83611595174783e+18,2024-09-17,NEU,ironic,
22961588,19212,19212,1.8361159514539832e+18,2024-09-17,NEU,ironic,
22961589,19213,19213,1.8361159505437573e+18,2024-09-17,NEU,not ironic,
22961590,19214,19214,1.8361159500949627e+18,2024-09-17,NEG,ironic,
22961591,19215,19215,1.836115949570704e+18,2024-09-17,NEU,ironic,
22961592,19216,19216,1.836115949570646e+18,2024-09-17,NEG,ironic,
22961593,19217,19217,1.8361159490424384e+18,2024-09-17,NEU,not ironic,
22961594,19218,19218,1.83611594861462e+18,2024-09-17,NEU,not ironic,
22961595,19219,19219,1.836115947276677e+18,2024-09-17,NEG,not ironic,
22961596,19220,19220,1.836115946525652e+18,2024-09-17,NEU,not ironic,
22961597,19221,19221,1.8361159450366856e+18,2024-09-17,NEG,not ironic,
22961598,19222,19222,1.8361159428136105e+18,2024-09-17,NEU,not ironic,
22961599,19223,19223,1.8361159422350828e+18,2024-09-17,NEG,ironic,
22961600,19224,19224,1.8361159416811927e+18,2024-09-17,NEG,ironic,
22961601,19225,19225,1.8361159414127004e+18,2024-09-17,NEG,ironic,
22961602,19226,19226,1.8361159409222656e+18,2024-09-17,NEU,not ironic,
22961603,19227,19227,1.8361159400999608e+18,2024-09-17,NEG,ironic,
22961604,19228,19228,1.8361159393116529e+18,2024-09-17,NEU,not ironic,
22961605,19229,19229,1.8361159375539407e+18,2024-09-17,NEG,not ironic,
22961606,19230,19230,1.836115937210336e+18,2024-09-17,NEG,ironic,
22961607,19231,19231,1.8361159368241605e+18,2024-09-17,NEU,not ironic,
22961608,19232,19232,1.83611593651805e+18,2024-09-17,NEG,not ironic,
22961609,19233,19233,1.836115933271855e+18,2024-09-17,NEG,not ironic,
22961610,19234,19234,1.836115932227441e+18,2024-09-17,NEG,ironic,
22961611,19235,19235,1.8361159319756188e+18,2024-09-17,POS,ironic,
22961612,19236,19236,1.8361159317197453e+18,2024-09-17,POS,ironic,
22961613,19237,19237,1.8361159306504968e+18,2024-09-17,NEG,not ironic,
22961614,19238,19238,1.8361159298238464e+18,2024-09-17,NEG,ironic,
22961615,19239,19239,1.83611592960997e+18,2024-09-17,NEU,not ironic,
22961616,19240,19240,1.836115929362801e+18,2024-09-17,NEU,not ironic,
22961617,19241,19241,1.8361159288172708e+18,2024-09-17,NEU,ironic,
22961618,19242,19242,1.8361159274837688e+18,2024-09-17,POS,not ironic,
22961619,19243,19243,1.8361159266364664e+18,2024-09-17,NEG,not ironic,
22961620,19244,19244,1.8361159249417792e+18,2024-09-17,NEG,not ironic,
22961621,19245,19245,1.8361159247826657e+18,2024-09-17,NEU,not ironic,
22961622,19246,19246,1.8361159219178995e+18,2024-09-17,NEU,not ironic,
22961623,19247,19247,1.8361159197491776e+18,2024-09-17,NEU,ironic,
22961624,19248,19248,1.8361159188224776e+18,2024-09-17,NEG,not ironic,
22961625,19249,19249,1.836115918742496e+18,2024-09-17,NEU,ironic,
22961626,19250,19250,1.8361159182224468e+18,2024-09-17,NEU,ironic,
22961627,19251,19251,1.836115918075621e+18,2024-09-17,NEG,not ironic,
22961628,19252,19252,1.836115917874307e+18,2024-09-17,NEU,not ironic,
22961629,19253,19253,1.8361159173628603e+18,2024-09-17,NEU,not ironic,
22961630,19254,19254,1.836115916993496e+18,2024-09-17,NEG,ironic,
22961631,19255,19255,1.836115916498813e+18,2024-09-17,NEG,ironic,
22961632,19256,19256,1.8361159164440248e+18,2024-09-17,NEU,not ironic,
22961633,19257,19257,1.8361159159032425e+18,2024-09-17,NEU,ironic,
22961634,19258,19258,1.836115915747836e+18,2024-09-17,NEG,not ironic,
22961635,19259,19259,1.836115914305213e+18,2024-09-17,NEU,not ironic,
22961636,19260,19260,1.836115913046692e+18,2024-09-17,NEG,not ironic,
22961637,19261,19261,1.836115913042728e+18,2024-09-17,NEG,ironic,
22961638,19262,19262,1.8361159125519936e+18,2024-09-17,NEU,not ironic,
22961639,19263,19263,1.8361159123506668e+18,2024-09-17,NEG,not ironic,
22961640,19264,19264,1.836115911054628e+18,2024-09-17,NEG,not ironic,
22961641,19265,19265,1.8361159098592504e+18,2024-09-17,NEU,not ironic,
22961642,19266,19266,1.836115909829604e+18,2024-09-17,NEG,not ironic,
22961643,19267,19267,1.8361159095153167e+18,2024-09-17,NEU,not ironic,
22961644,19268,19268,1.836115909095936e+18,2024-09-17,NEU,not ironic,
22961645,19269,19269,1.836115909074715e+18,2024-09-17,NEG,not ironic,
22961646,19270,19270,1.8361159084539617e+18,2024-09-17,POS,ironic,
22961647,19271,19271,1.8361159076782124e+18,2024-09-17,NEG,not ironic,
22961648,19272,19272,1.8361159074139712e+18,2024-09-17,POS,ironic,
22961649,19273,19273,1.836115907204072e+18,2024-09-17,NEG,not ironic,
22961650,19274,19274,1.836115907132932e+18,2024-09-17,NEG,ironic,
22961651,19275,19275,1.8361159067426985e+18,2024-09-17,NEG,not ironic,
22961652,19276,19276,1.8361159058327188e+18,2024-09-17,NEG,not ironic,
22961653,19277,19277,1.8361159055095608e+18,2024-09-17,NEG,not ironic,
22961654,19278,19278,1.8361159047296617e+18,2024-09-17,NEG,not ironic,
22961655,19279,19279,1.8361159039159217e+18,2024-09-17,NEU,not ironic,
22961656,19280,19280,1.836115903706001e+18,2024-09-17,NEU,not ironic,
22961657,19281,19281,1.836115903437804e+18,2024-09-17,NEG,ironic,
22961658,19282,19282,1.8361159026909348e+18,2024-09-17,NEG,not ironic,
22961659,19283,19283,1.83611590113516e+18,2024-09-17,NEG,ironic,
22961660,19284,19284,1.8361159007576023e+18,2024-09-17,NEG,ironic,
22961661,19285,19285,1.8361159007196529e+18,2024-09-17,NEG,not ironic,
22961662,19286,19286,1.8361159006988536e+18,2024-09-17,NEG,not ironic,
22961663,19287,19287,1.8361159004805448e+18,2024-09-17,NEU,not ironic,
22961664,19288,19288,1.836115897469256e+18,2024-09-17,NEU,ironic,
22961665,19289,19289,1.83611589480985e+18,2024-09-17,NEU,not ironic,
22961666,19290,19290,1.836115894721745e+18,2024-09-17,NEU,not ironic,
22961667,19291,19291,1.8361158943109407e+18,2024-09-17,NEG,ironic,
22961668,19292,19292,1.8361158935221944e+18,2024-09-17,NEU,not ironic,
22961669,19293,19293,1.8361158931827305e+18,2024-09-17,POS,not ironic,
22961670,19294,19294,1.8361158926122724e+18,2024-09-17,NEG,ironic,
22961671,19295,19295,1.83611589205004e+18,2024-09-17,NEG,not ironic,
22961672,19296,19296,1.8361158918069663e+18,2024-09-17,NEG,not ironic,
22961673,19297,19297,1.8361158903680945e+18,2024-09-17,NEG,ironic,
22961674,19298,19298,1.836115890208711e+18,2024-09-17,NEU,ironic,
22961675,19299,19299,1.8361158896760056e+18,2024-09-17,NEU,not ironic,
22961676,19300,19300,1.836115889579586e+18,2024-09-17,NEG,ironic,
22961677,19301,19301,1.836115889462076e+18,2024-09-17,NEG,ironic,
22961678,19302,19302,1.836115889391047e+18,2024-09-17,NEG,not ironic,
22961679,19303,19303,1.8361158881619315e+18,2024-09-17,NEG,not ironic,
22961680,19304,19304,1.8361158881453425e+18,2024-09-17,NEU,not ironic,
22961681,19305,19305,1.8361158879143887e+18,2024-09-17,NEG,ironic,
22961682,19306,19306,1.8361158873484785e+18,2024-09-17,NEU,not ironic,
22961683,19307,19307,1.836115886438257e+18,2024-09-17,NEG,ironic,
22961684,19308,19308,1.836115886186373e+18,2024-09-17,NEU,not ironic,
22961685,19309,19309,1.8361158853726287e+18,2024-09-17,NEG,ironic,
22961686,19310,19310,1.8361158846095729e+18,2024-09-17,NEG,ironic,
22961687,19311,19311,1.8361158813547604e+18,2024-09-17,POS,not ironic,
22961688,19312,19312,1.836115880901776e+18,2024-09-17,NEG,not ironic,
22961689,19313,19313,1.836115880864027e+18,2024-09-17,NEG,not ironic,
22961690,19314,19314,1.8361158801507727e+18,2024-09-17,NEG,not ironic,
22961691,19315,19315,1.8361158799706893e+18,2024-09-17,POS,not ironic,
22961692,19316,19316,1.8361158793960328e+18,2024-09-17,NEG,not ironic,
22961693,19317,19317,1.8361158784897684e+18,2024-09-17,NEG,ironic,
22961694,19318,19318,1.8361158780202885e+18,2024-09-17,NEG,ironic,
22961695,19319,19319,1.8361158766568653e+18,2024-09-17,NEU,ironic,
22961696,19320,19320,1.8361158765058624e+18,2024-09-17,NEU,not ironic,
22961697,19321,19321,1.836115876313208e+18,2024-09-17,NEG,not ironic,
22961698,19322,19322,1.836115876203856e+18,2024-09-17,NEU,not ironic,
22961699,19323,19323,1.8361158760405768e+18,2024-09-17,NEG,not ironic,
22961700,19324,19324,1.836115875876766e+18,2024-09-17,NEU,ironic,
22961701,19325,19325,1.8361158752058737e+18,2024-09-17,NEG,not ironic,
22961702,19326,19326,1.836115874983416e+18,2024-09-17,NEG,not ironic,
22961703,19327,19327,1.8361158746606185e+18,2024-09-17,NEU,not ironic,
22961704,19328,19328,1.8361158745304064e+18,2024-09-17,NEG,not ironic,
22961705,19329,19329,1.836115873750488e+18,2024-09-17,NEU,not ironic,
22961706,19330,19330,1.836115873741812e+18,2024-09-17,NEG,not ironic,
22961707,19331,19331,1.836115872819331e+18,2024-09-17,POS,not ironic,
22961708,19332,19332,1.8361158716488456e+18,2024-09-17,NEU,not ironic,
22961709,19333,19333,1.8361158708729856e+18,2024-09-17,NEG,not ironic,
22961710,19334,19334,1.8361158697827208e+18,2024-09-17,NEU,not ironic,
22961711,19335,19335,1.836115869698818e+18,2024-09-17,NEU,not ironic,
22961712,19336,19336,1.8361158685914929e+18,2024-09-17,NEG,not ironic,
22961713,19337,19337,1.836115866645336e+18,2024-09-17,NEU,not ironic,
22961714,19338,19338,1.836115866573824e+18,2024-09-17,NEG,not ironic,
22961715,19339,19339,1.836115866502525e+18,2024-09-17,NEU,not ironic,
22961716,19340,19340,1.8361158661462144e+18,2024-09-17,NEG,ironic,
22961717,19341,19341,1.836115865365836e+18,2024-09-17,NEG,ironic,
22961718,19342,19342,1.83611586418328e+18,2024-09-17,NEG,ironic,
22961719,19343,19343,1.836115863809745e+18,2024-09-17,NEG,ironic,
22961720,19344,19344,1.836115863696462e+18,2024-09-17,NEG,ironic,
22961721,19345,19345,1.8361158630170665e+18,2024-09-17,NEG,not ironic,
22961722,19346,19346,1.836115862912455e+18,2024-09-17,NEU,not ironic,
22961723,19347,19347,1.8361158612931955e+18,2024-09-17,NEG,ironic,
22961724,19348,19348,1.8361158612808207e+18,2024-09-17,NEG,not ironic,
22961725,19349,19349,1.8361158590743964e+18,2024-09-17,POS,ironic,
22961726,19350,19350,1.83611585834462e+18,2024-09-17,NEG,not ironic,
22961727,19351,19351,1.836115858189361e+18,2024-09-17,NEG,not ironic,
22961728,19352,19352,1.8361158571239752e+18,2024-09-17,NEG,not ironic,
22961729,19353,19353,1.8361158569100657e+18,2024-09-17,NEG,ironic,
22961730,19354,19354,1.8361158568516365e+18,2024-09-17,NEU,not ironic,
22961731,19355,19355,1.836115855136133e+18,2024-09-17,POS,not ironic,
22961732,19356,19356,1.8361158547881004e+18,2024-09-17,NEG,ironic,
22961733,19357,19357,1.836115854578119e+18,2024-09-17,NEG,not ironic,
22961734,19358,19358,1.836115852258644e+18,2024-09-17,NEG,ironic,
22961735,19359,19359,1.836115850887357e+18,2024-09-17,POS,not ironic,
22961736,19360,19360,1.8361158505643423e+18,2024-09-17,NEG,not ironic,
22961737,19361,19361,1.8361158483537843e+18,2024-09-17,NEU,not ironic,
22961738,19362,19362,1.8361158479177687e+18,2024-09-17,NEU,not ironic,
22961739,19363,19363,1.8361158477878195e+18,2024-09-17,NEG,not ironic,
22961740,19364,19364,1.8361158474939228e+18,2024-09-17,NEG,not ironic,
22961741,19365,19365,1.8361158472131256e+18,2024-09-17,NEG,ironic,
22961742,19366,19366,1.8361158469108408e+18,2024-09-17,NEG,ironic,
22961743,19367,19367,1.836115846198104e+18,2024-09-17,NEG,not ironic,
22961744,19368,19368,1.836115845707084e+18,2024-09-17,NEG,ironic,
22961745,19369,19369,1.8361158431821947e+18,2024-09-17,NEU,ironic,
22961746,19370,19370,1.836115841697337e+18,2024-09-17,NEG,ironic,
22961747,19371,19371,1.8361158402294047e+18,2024-09-17,NEU,not ironic,
22961748,19372,19372,1.8361158397848087e+18,2024-09-17,NEG,ironic,
22961749,19373,19373,1.8361158381156808e+18,2024-09-17,NEG,ironic,
22961750,19374,19374,1.836115837268431e+18,2024-09-17,NEG,ironic,
22961751,19375,19375,1.836115837012349e+18,2024-09-17,NEG,ironic,
22961752,19376,19376,1.836115836727366e+18,2024-09-17,NEG,not ironic,
22961753,19377,19377,1.8361158348774728e+18,2024-09-17,NEU,not ironic,
22961754,19378,19378,1.8361158347224888e+18,2024-09-17,NEG,ironic,
22961755,19379,19379,1.8361158346299192e+18,2024-09-17,NEG,not ironic,
22961756,19380,19380,1.836115833896256e+18,2024-09-17,NEG,ironic,
22961757,19381,19381,1.836115831434154e+18,2024-09-17,NEG,not ironic,
22961758,19382,19382,1.8361158306159944e+18,2024-09-17,NEU,not ironic,
22961759,19383,19383,1.8361158295423388e+18,2024-09-17,NEU,not ironic,
22961760,19384,19384,1.836115829076956e+18,2024-09-17,NEG,not ironic,
22961761,19385,19385,1.836115828850164e+18,2024-09-17,NEG,ironic,
22961762,19386,19386,1.8361158288166505e+18,2024-09-17,NEG,not ironic,
22961763,19387,19387,1.8361158272354345e+18,2024-09-17,POS,not ironic,
22961764,19388,19388,1.836115823544668e+18,2024-09-17,NEG,not ironic,
22961765,19389,19389,1.8361158216991828e+18,2024-09-17,POS,not ironic,
22961766,19390,19390,1.8361158202015785e+18,2024-09-17,NEU,ironic,
22961767,19391,19391,1.836115819602002e+18,2024-09-17,NEG,ironic,
22961768,19392,19392,1.8361158186748152e+18,2024-09-17,NEU,not ironic,
22961769,19393,19393,1.8361158181047053e+18,2024-09-17,NEU,not ironic,
22961770,19394,19394,1.83611581724876e+18,2024-09-17,NEG,ironic,
22961771,19395,19395,1.8361158152229768e+18,2024-09-17,NEU,ironic,
22961772,19396,19396,1.8361158135661568e+18,2024-09-17,NEG,not ironic,
22961773,19397,19397,1.836115813352219e+18,2024-09-17,NEG,not ironic,
22961774,19398,19398,1.836115812588892e+18,2024-09-17,NEU,ironic,
22961775,19399,19399,1.8361158120396928e+18,2024-09-17,NEG,not ironic,
22961776,19400,19400,1.8361158112928927e+18,2024-09-17,NEU,not ironic,
22961777,19401,19401,1.8361158089065472e+18,2024-09-17,NEG,not ironic,
22961778,19402,19402,1.8361158076105075e+18,2024-09-17,POS,not ironic,
22961779,19403,19403,1.8361158074972608e+18,2024-09-17,NEG,not ironic,
22961780,19404,19404,1.83611580688887e+18,2024-09-17,NEG,not ironic,
22961781,19405,19405,1.836115806712893e+18,2024-09-17,NEU,not ironic,
22961782,19406,19406,1.8361158066120663e+18,2024-09-17,NEG,not ironic,
22961783,19407,19407,1.8361158040619423e+18,2024-09-17,NEU,ironic,
22961784,19408,19408,1.836115803911132e+18,2024-09-17,NEU,ironic,
22961785,19409,19409,1.8361158025058017e+18,2024-09-17,NEG,not ironic,
22961786,19410,19410,1.836115802086609e+18,2024-09-17,NEG,not ironic,
22961787,19411,19411,1.836115801948226e+18,2024-09-17,NEU,not ironic,
22961788,19412,19412,1.8361157999682724e+18,2024-09-17,NEU,not ironic,
22961789,19413,19413,1.8361157997879176e+18,2024-09-17,NEU,not ironic,
22961790,19414,19414,1.836115799725216e+18,2024-09-17,NEU,ironic,
22961791,19415,19415,1.836115797833605e+18,2024-09-17,NEG,ironic,
22961792,19416,19416,1.8361157975691348e+18,2024-09-17,NEG,not ironic,
22961793,19417,19417,1.8361157964620475e+18,2024-09-17,NEU,not ironic,
22961794,19418,19418,1.836115796138812e+18,2024-09-17,NEU,not ironic,
22961795,19419,19419,1.8361157957151951e+18,2024-09-17,NEG,not ironic,
22961796,19420,19420,1.8361157955854828e+18,2024-09-17,NEG,not ironic,
22961797,19421,19421,1.8361157955558927e+18,2024-09-17,NEG,ironic,
22961798,19422,19422,1.8361157934882857e+18,2024-09-17,POS,not ironic,
22961799,19423,19423,1.836115792179712e+18,2024-09-17,POS,not ironic,
22961800,19424,19424,1.836115792112554e+18,2024-09-17,NEU,not ironic,
22961801,19425,19425,1.8361157920242568e+18,2024-09-17,NEU,not ironic,
22961802,19426,19426,1.8361157918858816e+18,2024-09-17,NEU,not ironic,
22961803,19427,19427,1.8361157915167048e+18,2024-09-17,NEU,ironic,
22961804,19428,19428,1.8361157906862697e+18,2024-09-17,NEG,ironic,
22961805,19429,19429,1.8361157906529364e+18,2024-09-17,NEG,not ironic,
22961806,19430,19430,1.836115790480773e+18,2024-09-17,NEU,not ironic,
22961807,19431,19431,1.836115790354928e+18,2024-09-17,NEG,ironic,
22961808,19432,19432,1.836115789117821e+18,2024-09-17,POS,ironic,
22961809,19433,19433,1.8361157890924173e+18,2024-09-17,NEU,ironic,
22961810,19434,19434,1.836115788303828e+18,2024-09-17,NEG,not ironic,
22961811,19435,19435,1.8361157878718671e+18,2024-09-17,NEG,ironic,
22961812,19436,19436,1.836115787863724e+18,2024-09-17,NEG,ironic,
22961813,19437,19437,1.836115786043396e+18,2024-09-17,NEG,ironic,
22961814,19438,19438,1.836115785023956e+18,2024-09-17,NEU,not ironic,
22961815,19439,19439,1.8361157839879908e+18,2024-09-17,NEG,not ironic,
22961816,19440,19440,1.8361157833252992e+18,2024-09-17,NEG,not ironic,
22961817,19441,19441,1.8361157827131187e+18,2024-09-17,NEU,not ironic,
22961818,19442,19442,1.8361157826837217e+18,2024-09-17,POS,ironic,
22961819,19443,19443,1.8361157808257024e+18,2024-09-17,NEU,not ironic,
22961820,19444,19444,1.836115780691236e+18,2024-09-17,NEG,ironic,
22961821,19445,19445,1.8361157805614487e+18,2024-09-17,NEU,not ironic,
22961822,19446,19446,1.836115778363695e+18,2024-09-17,POS,ironic,
22961823,19447,19447,1.8361157783258767e+18,2024-09-17,NEU,not ironic,
22961824,19448,19448,1.836115778258768e+18,2024-09-17,NEU,not ironic,
22961825,19449,19449,1.8361157777846031e+18,2024-09-17,NEU,not ironic,
22961826,19450,19450,1.8361157776548004e+18,2024-09-17,NEU,not ironic,
22961827,19451,19451,1.8361157773147548e+18,2024-09-17,NEG,not ironic,
22961828,19452,19452,1.8361157764884887e+18,2024-09-17,NEG,not ironic,
22961829,19453,19453,1.8361157760232123e+18,2024-09-17,NEU,ironic,
22961830,19454,19454,1.8361157750540823e+18,2024-09-17,NEU,not ironic,
22961831,19455,19455,1.8361157750540367e+18,2024-09-17,NEG,not ironic,
22961832,19456,19456,1.8361157748656049e+18,2024-09-17,NEG,ironic,
22961833,19457,19457,1.836115773632164e+18,2024-09-17,POS,ironic,
22961834,19458,19458,1.8361157733053604e+18,2024-09-17,NEG,ironic,
22961835,19459,19459,1.8361157729361964e+18,2024-09-17,NEU,not ironic,
22961836,19460,19460,1.8361157728017329e+18,2024-09-17,NEU,ironic,
22961837,19461,19461,1.8361157726214024e+18,2024-09-17,NEU,not ironic,
22961838,19462,19462,1.8361157724036017e+18,2024-09-17,NEU,not ironic,
22961839,19463,19463,1.8361157721894047e+18,2024-09-17,NEG,ironic,
22961840,19464,19464,1.836115771162006e+18,2024-09-17,NEG,ironic,
22961841,19465,19465,1.8361157708767928e+18,2024-09-17,NEU,ironic,
22961842,19466,19466,1.8361157695636849e+18,2024-09-17,NEG,not ironic,
22961843,19467,19467,1.8361157690142848e+18,2024-09-17,POS,ironic,
22961844,19468,19468,1.8361157683392105e+18,2024-09-17,NEG,not ironic,
22961845,19469,19469,1.8361157663676544e+18,2024-09-17,NEG,not ironic,
22961846,19470,19470,1.8361157655791163e+18,2024-09-17,POS,ironic,
22961847,19471,19471,1.8361157652896973e+18,2024-09-17,NEU,not ironic,
22961848,19472,19472,1.836115764451119e+18,2024-09-17,NEG,ironic,
22961849,19473,19473,1.8361157636204216e+18,2024-09-17,NEU,not ironic,
22961850,19474,19474,1.8361157630334444e+18,2024-09-17,POS,ironic,
22961851,19475,19475,1.8361157625760768e+18,2024-09-17,NEG,ironic,
22961852,19476,19476,1.8361157622784696e+18,2024-09-17,NEG,not ironic,
22961853,19477,19477,1.836115762215556e+18,2024-09-17,NEG,not ironic,
22961854,19478,19478,1.836115760642692e+18,2024-09-17,NEU,not ironic,
22961855,19479,19479,1.83611575919573e+18,2024-09-17,NEU,not ironic,
22961856,19480,19480,1.836115756674684e+18,2024-09-17,NEG,not ironic,
22961857,19481,19481,1.8361157559492365e+18,2024-09-17,NEU,not ironic,
22961858,19482,19482,1.8361157557435228e+18,2024-09-17,NEG,ironic,
22961859,19483,19483,1.8361157551523471e+18,2024-09-17,NEG,not ironic,
22961860,19484,19484,1.836115754607088e+18,2024-09-17,NEU,ironic,
22961861,19485,19485,1.8361157544307016e+18,2024-09-17,POS,not ironic,
22961862,19486,19486,1.8361157537388667e+18,2024-09-17,NEG,ironic,
22961863,19487,19487,1.8361157537302e+18,2024-09-17,NEU,not ironic,
22961864,19488,19488,1.836115752815854e+18,2024-09-17,NEG,not ironic,
22961865,19489,19489,1.836115752539296e+18,2024-09-17,NEG,ironic,
22961866,19490,19490,1.8361157523505608e+18,2024-09-17,NEU,not ironic,
22961867,19491,19491,1.836115751922508e+18,2024-09-17,NEU,not ironic,
22961868,19492,19492,1.8361157511716948e+18,2024-09-17,NEU,not ironic,
22961869,19493,19493,1.836115751054582e+18,2024-09-17,NEG,ironic,
22961870,19494,19494,1.836115750286668e+18,2024-09-17,NEU,not ironic,
22961871,19495,19495,1.836115749179368e+18,2024-09-17,NEG,not ironic,
22961872,19496,19496,1.8361157475312968e+18,2024-09-17,NEU,not ironic,
22961873,19497,19497,1.8361157473465224e+18,2024-09-17,POS,not ironic,
22961874,19498,19498,1.836115747015156e+18,2024-09-17,NEG,ironic,
22961875,19499,19499,1.8361157452454093e+18,2024-09-17,POS,ironic,
22961876,19500,19500,1.8361157446372068e+18,2024-09-17,NEG,ironic,
22961877,19501,19501,1.836115744385356e+18,2024-09-17,NEG,not ironic,
22961878,19502,19502,1.836115744255545e+18,2024-09-17,NEG,not ironic,
22961879,19503,19503,1.8361157438987387e+18,2024-09-17,NEG,ironic,
22961880,19504,19504,1.836115743026344e+18,2024-09-17,POS,not ironic,
22961881,19505,19505,1.8361157425610468e+18,2024-09-17,NEU,not ironic,
22961882,19506,19506,1.8361157425149087e+18,2024-09-17,NEG,ironic,
22961883,19507,19507,1.8361157412018675e+18,2024-09-17,NEU,not ironic,
22961884,19508,19508,1.8361157408579343e+18,2024-09-17,NEU,ironic,
22961885,19509,19509,1.836115740237116e+18,2024-09-17,NEU,not ironic,
22961886,19510,19510,1.8361157349106363e+18,2024-09-17,NEU,not ironic,
22961887,19511,19511,1.83611573417248e+18,2024-09-17,NEG,not ironic,
22961888,19512,19512,1.8361157338998088e+18,2024-09-17,NEG,ironic,
22961889,19513,19513,1.836115732662489e+18,2024-09-17,POS,not ironic,
22961890,19514,19514,1.836115731920122e+18,2024-09-17,POS,not ironic,
22961891,19515,19515,1.8361157307580872e+18,2024-09-17,POS,ironic,
22961892,19516,19516,1.836115729416098e+18,2024-09-17,NEG,ironic,
22961893,19517,19517,1.8361157292228887e+18,2024-09-17,NEG,ironic,
22961894,19518,19518,1.8361157279648689e+18,2024-09-17,NEG,ironic,
22961895,19519,19519,1.8361157274067968e+18,2024-09-17,NEG,ironic,
22961896,19520,19520,1.83611572675251e+18,2024-09-17,NEU,not ironic,
22961897,19521,19521,1.836115726509437e+18,2024-09-17,POS,ironic,
22961898,19522,19522,1.8361157263707635e+18,2024-09-17,NEG,ironic,
22961899,19523,19523,1.8361157252762831e+18,2024-09-17,NEG,ironic,
22961900,19524,19524,1.8361157247350413e+18,2024-09-17,NEG,ironic,
22961901,19525,19525,1.836115718993048e+18,2024-09-17,NEU,not ironic,
22961902,19526,19526,1.8361157174033613e+18,2024-09-17,NEG,not ironic,
22961903,19527,19527,1.836115716161848e+18,2024-09-17,NEG,ironic,
22961904,19528,19528,1.8361157153652204e+18,2024-09-17,POS,not ironic,
22961905,19529,19529,1.8361157148364024e+18,2024-09-17,NEU,not ironic,
22961906,19530,19530,1.8361157146896136e+18,2024-09-17,POS,not ironic,
22961907,19531,19531,1.8361157125969388e+18,2024-09-17,POS,not ironic,
22961908,19532,19532,1.836115712160736e+18,2024-09-17,NEU,not ironic,
22961909,19533,19533,1.836115711459984e+18,2024-09-17,NEU,not ironic,
22961910,19534,19534,1.8361157113048148e+18,2024-09-17,NEG,ironic,
22961911,19535,19535,1.8361157094174395e+18,2024-09-17,POS,not ironic,
22961912,19536,19536,1.8361157091031368e+18,2024-09-17,NEG,not ironic,
22961913,19537,19537,1.8361157033566991e+18,2024-09-17,NEU,not ironic,
22961914,19538,19538,1.8361157033317207e+18,2024-09-17,NEU,not ironic,
22961915,19539,19539,1.83611570300876e+18,2024-09-17,NEU,ironic,
22961916,19540,19540,1.836115702689784e+18,2024-09-17,NEU,not ironic,
22961917,19541,19541,1.836115701771203e+18,2024-09-17,NEU,ironic,
22961918,19542,19542,1.8361157001902408e+18,2024-09-17,NEU,ironic,
22961919,19543,19543,1.8361156981895048e+18,2024-09-17,NEU,not ironic,
22961920,19544,19544,1.8361156980888407e+18,2024-09-17,NEG,not ironic,
22961921,19545,19545,1.836115696964731e+18,2024-09-17,NEU,not ironic,
22961922,19546,19546,1.836115696696066e+18,2024-09-17,NEU,ironic,
22961923,19547,19547,1.8361156966667064e+18,2024-09-17,NEG,not ironic,
22961924,19548,19548,1.836115695597425e+18,2024-09-17,NEG,ironic,
22961925,19549,19549,1.8361156929253868e+18,2024-09-17,NEU,ironic,
22961926,19550,19550,1.8361156926570376e+18,2024-09-17,NEU,not ironic,
22961927,19551,19551,1.8361156917302769e+18,2024-09-17,NEG,ironic,
22961928,19552,19552,1.836115691264516e+18,2024-09-17,NEG,not ironic,
22961929,19553,19553,1.8361156885048937e+18,2024-09-17,NEG,ironic,
22961930,19554,19554,1.8361156866927288e+18,2024-09-17,NEG,ironic,
22961931,19555,19555,1.83611568598408e+18,2024-09-17,NEG,ironic,
22961932,19556,19556,1.836115685707248e+18,2024-09-17,POS,not ironic,
22961933,19557,19557,1.836115684578988e+18,2024-09-17,NEG,ironic,
22961934,19558,19558,1.8361156843651364e+18,2024-09-17,NEG,not ironic,
22961935,19559,19559,1.8361156842937472e+18,2024-09-17,NEG,ironic,
22961936,19560,19560,1.8361156797763213e+18,2024-09-17,NEU,not ironic,
22961937,19561,19561,1.8361156797007795e+18,2024-09-17,NEG,not ironic,
22961938,19562,19562,1.836115679180677e+18,2024-09-17,POS,ironic,
22961939,19563,19563,1.8361156780062195e+18,2024-09-17,NEG,not ironic,
22961940,19564,19564,1.8361156763747487e+18,2024-09-17,NEG,not ironic,
22961941,19565,19565,1.836115675125056e+18,2024-09-17,NEG,not ironic,
22961942,19566,19566,1.836115674567185e+18,2024-09-17,NEU,not ironic,
22961943,19567,19567,1.8361156737993649e+18,2024-09-17,NEG,ironic,
22961944,19568,19568,1.8361156737409848e+18,2024-09-17,NEU,ironic,
22961945,19569,19569,1.836115672050344e+18,2024-09-17,NEG,not ironic,
22961946,19570,19570,1.8361156716353413e+18,2024-09-17,NEG,not ironic,
22961947,19571,19571,1.8361156710562816e+18,2024-09-17,NEU,not ironic,
22961948,19572,19572,1.8361156700663967e+18,2024-09-17,NEU,not ironic,
22961949,19573,19573,1.8361156698064527e+18,2024-09-17,NEG,ironic,
22961950,19574,19574,1.836115668912964e+18,2024-09-17,NEG,ironic,
22961951,19575,19575,1.8361156677134213e+18,2024-09-17,NEU,not ironic,
22961952,19576,19576,1.8361156666986783e+18,2024-09-17,NEG,not ironic,
22961953,19577,19577,1.8361156662918228e+18,2024-09-17,NEU,not ironic,
22961954,19578,19578,1.83611566581368e+18,2024-09-17,NEG,not ironic,
22961955,19579,19579,1.83611566558276e+18,2024-09-17,NEG,not ironic,
22961956,19580,19580,1.8361156633890767e+18,2024-09-17,NEG,not ironic,
22961957,19581,19581,1.836115663125124e+18,2024-09-17,NEG,ironic,
22961958,19582,19582,1.83611566299902e+18,2024-09-17,POS,not ironic,
22961959,19583,19583,1.836115662365684e+18,2024-09-17,NEU,not ironic,
22961960,19584,19584,1.8361156620721687e+18,2024-09-17,NEG,ironic,
22961961,19585,19585,1.836115662055576e+18,2024-09-17,NEU,not ironic,
22961962,19586,19586,1.8361156617994688e+18,2024-09-17,NEU,not ironic,
22961963,19587,19587,1.83611566153966e+18,2024-09-17,NEG,not ironic,
22961964,19588,19588,1.836115660574712e+18,2024-09-17,POS,not ironic,
22961965,19589,19589,1.8361156604447503e+18,2024-09-17,NEG,not ironic,
22961966,19590,19590,1.8361156601639447e+18,2024-09-17,NEG,not ironic,
22961967,19591,19591,1.8361156600171848e+18,2024-09-17,NEU,not ironic,
22961968,19592,19592,1.8361156574877204e+18,2024-09-17,NEG,ironic,
22961969,19593,19593,1.8361156570811315e+18,2024-09-17,NEG,not ironic,
22961970,19594,19594,1.8361156565778148e+18,2024-09-17,NEU,ironic,
22961971,19595,19595,1.8361156553194903e+18,2024-09-17,NEU,not ironic,
22961972,19596,19596,1.8361156545184115e+18,2024-09-17,NEG,not ironic,
22961973,19597,19597,1.8361156531762345e+18,2024-09-17,POS,not ironic,
22961974,19598,19598,1.836115653150843e+18,2024-09-17,NEG,ironic,
22961975,19599,19599,1.836115653042016e+18,2024-09-17,NEU,not ironic,
22961976,19600,19600,1.8361156519431089e+18,2024-09-17,NEU,not ironic,
22961977,19601,19601,1.8361156516408568e+18,2024-09-17,NEG,not ironic,
22961978,19602,19602,1.836115651465007e+18,2024-09-17,NEG,ironic,
22961979,19603,19603,1.8361156508442007e+18,2024-09-17,NEU,not ironic,
22961980,19604,19604,1.8361156504329167e+18,2024-09-17,NEU,not ironic,
22961981,19605,19605,1.8361156498750305e+18,2024-09-17,NEG,ironic,
22961982,19606,19606,1.836115649464312e+18,2024-09-17,POS,not ironic,
22961983,19607,19607,1.836115649325642e+18,2024-09-17,NEG,not ironic,
22961984,19608,19608,1.8361156478072668e+18,2024-09-17,POS,not ironic,
22961985,19609,19609,1.8361156454545203e+18,2024-09-17,NEU,not ironic,
22961986,19610,19610,1.836115644569236e+18,2024-09-17,NEG,not ironic,
22961987,19611,19611,1.836115643436864e+18,2024-09-17,NEU,not ironic,
22961988,19612,19612,1.8361156425518124e+18,2024-09-17,NEG,not ironic,
22961989,19613,19613,1.8361156421578675e+18,2024-09-17,NEU,not ironic,
22961990,19614,19614,1.8361156417339192e+18,2024-09-17,NEG,not ironic,
22961991,19615,19615,1.8361156416668265e+18,2024-09-17,NEG,ironic,
22961992,19616,19616,1.8361156413061737e+18,2024-09-17,NEG,ironic,
22961993,19617,19617,1.8361156409414203e+18,2024-09-17,NEG,ironic,
22961994,19618,19618,1.8361156409286863e+18,2024-09-17,NEG,ironic,
22961995,19619,19619,1.836115640320463e+18,2024-09-17,POS,not ironic,
22961996,19620,19620,1.8361156401065044e+18,2024-09-17,NEG,not ironic,
22961997,19621,19621,1.836115639536116e+18,2024-09-17,NEU,not ironic,
22961998,19622,19622,1.8361156392047373e+18,2024-09-17,NEG,ironic,
22961999,19623,19623,1.836115638974321e+18,2024-09-17,NEG,not ironic,
22962000,19624,19624,1.836115637715792e+18,2024-09-17,NEG,ironic,
22962001,19625,19625,1.8361156376864727e+18,2024-09-17,NEU,ironic,
22962002,19626,19626,1.8361156364155128e+18,2024-09-17,NEG,not ironic,
22962003,19627,19627,1.836115635354448e+18,2024-09-17,NEU,not ironic,
22962004,19628,19628,1.8361156346748808e+18,2024-09-17,NEG,not ironic,
22962005,19629,19629,1.8361156329594964e+18,2024-09-17,NEG,not ironic,
22962006,19630,19630,1.836115632036721e+18,2024-09-17,NEG,not ironic,
22962007,19631,19631,1.8361156300780137e+18,2024-09-17,NEG,ironic,
22962008,19632,19632,1.8361156300530967e+18,2024-09-17,NEG,ironic,
22962009,19633,19633,1.8361156288280369e+18,2024-09-17,NEU,ironic,
22962010,19634,19634,1.8361156287150533e+18,2024-09-17,NEU,ironic,
22962011,19635,19635,1.83611562852189e+18,2024-09-17,NEU,not ironic,
22962012,19636,19636,1.8361156285092823e+18,2024-09-17,NEG,not ironic,
22962013,19637,19637,1.8361156282366607e+18,2024-09-17,NEG,ironic,
22962014,19638,19638,1.8361156263830807e+18,2024-09-17,POS,ironic,
22962015,19639,19639,1.8361156255104044e+18,2024-09-17,NEG,not ironic,
22962016,19640,19640,1.8361156218236275e+18,2024-09-17,NEG,not ironic,
22962017,19641,19641,1.836115621538644e+18,2024-09-17,NEG,not ironic,
22962018,19642,19642,1.836115619730858e+18,2024-09-17,NEG,ironic,
22962019,19643,19643,1.8361156164383537e+18,2024-09-17,NEU,ironic,
22962020,19644,19644,1.836115615515288e+18,2024-09-17,NEG,ironic,
22962021,19645,19645,1.836115613338481e+18,2024-09-17,NEG,not ironic,
22962022,19646,19646,1.836115612717978e+18,2024-09-17,POS,not ironic,
22962023,19647,19647,1.8361156122018289e+18,2024-09-17,NEG,not ironic,
22962024,19648,19648,1.836115610305991e+18,2024-09-17,NEU,ironic,
22962025,19649,19649,1.83611560984488e+18,2024-09-17,NEU,not ironic,
22962026,19650,19650,1.8361156089012268e+18,2024-09-17,POS,not ironic,
22962027,19651,19651,1.836115608418612e+18,2024-09-17,NEU,ironic,
22962028,19652,19652,1.836115607680328e+18,2024-09-17,NEU,not ironic,
22962029,19653,19653,1.8361156071980687e+18,2024-09-17,NEG,ironic,
22962030,19654,19654,1.836115606866649e+18,2024-09-17,NEG,ironic,
22962031,19655,19655,1.83611560507997e+18,2024-09-17,NEG,not ironic,
22962032,19656,19656,1.8361156049246825e+18,2024-09-17,NEG,ironic,
22962033,19657,19657,1.8361156046940567e+18,2024-09-17,NEG,not ironic,
22962034,19658,19658,1.836115602844292e+18,2024-09-17,NEG,ironic,
22962035,19659,19659,1.83611560164506e+18,2024-09-17,NEU,not ironic,
22962036,19660,19660,1.8361156013891707e+18,2024-09-17,NEU,ironic,
22962037,19661,19661,1.8361156013514127e+18,2024-09-17,NEG,not ironic,
22962038,19662,19662,1.836115600189592e+18,2024-09-17,NEG,not ironic,
22962039,19663,19663,1.83611559915332e+18,2024-09-17,NEU,not ironic,
22962040,19664,19664,1.836115596007653e+18,2024-09-17,NEG,not ironic,
22962041,19665,19665,1.836115595131048e+18,2024-09-17,POS,ironic,
22962042,19666,19666,1.83611559435092e+18,2024-09-17,NEG,not ironic,
22962043,19667,19667,1.8361155942043727e+18,2024-09-17,NEG,not ironic,
22962044,19668,19668,1.8361155938936755e+18,2024-09-17,POS,not ironic,
22962045,19669,19669,1.836115593444938e+18,2024-09-17,NEG,not ironic,
22962046,19670,19670,1.836115592916456e+18,2024-09-17,POS,ironic,
22962047,19671,19671,1.8361155920524083e+18,2024-09-17,NEU,not ironic,
22962048,19672,19672,1.8361155915744625e+18,2024-09-17,POS,ironic,
22962049,19673,19673,1.8361155910837576e+18,2024-09-17,NEG,not ironic,
22962050,19674,19674,1.8361155888817485e+18,2024-09-17,NEG,ironic,
22962051,19675,19675,1.8361155884035976e+18,2024-09-17,NEG,not ironic,
22962052,19676,19676,1.8361155875395707e+18,2024-09-17,NEG,not ironic,
22962053,19677,19677,1.836115585718973e+18,2024-09-17,NEG,not ironic,
22962054,19678,19678,1.8361155836805489e+18,2024-09-17,NEG,not ironic,
22962055,19679,19679,1.8361155827494835e+18,2024-09-17,POS,not ironic,
22962056,19680,19680,1.8361155810717573e+18,2024-09-17,NEU,not ironic,
22962057,19681,19681,1.8361155810256328e+18,2024-09-17,NEU,not ironic,
22962058,19682,19682,1.8361155808748216e+18,2024-09-17,POS,not ironic,
22962059,19683,19683,1.8361155808370404e+18,2024-09-17,NEU,not ironic,
22962060,19684,19684,1.8361155798007967e+18,2024-09-17,NEU,not ironic,
22962061,19685,19685,1.8361155772719148e+18,2024-09-17,NEG,ironic,
22962062,19686,19686,1.836115576613168e+18,2024-09-17,NEU,not ironic,
22962063,19687,19687,1.8361155760304005e+18,2024-09-17,NEG,not ironic,
22962064,19688,19688,1.83611557508257e+18,2024-09-17,NEG,ironic,
22962065,19689,19689,1.8361155750738988e+18,2024-09-17,NEG,not ironic,
22962066,19690,19690,1.836115573136114e+18,2024-09-17,NEG,ironic,
22962067,19691,19691,1.836115573085999e+18,2024-09-17,POS,ironic,
22962068,19692,19692,1.836115570225484e+18,2024-09-17,NEU,not ironic,
22962069,19693,19693,1.83611556958378e+18,2024-09-17,NEG,not ironic,
22962070,19694,19694,1.8361155693108475e+18,2024-09-17,NEG,not ironic,
22962071,19695,19695,1.836115568778208e+18,2024-09-17,NEU,ironic,
22962072,19696,19696,1.836115568665212e+18,2024-09-17,NEU,not ironic,
22962073,19697,19697,1.8361155673270272e+18,2024-09-17,NEG,not ironic,
22962074,19698,19698,1.836115567192736e+18,2024-09-17,NEG,not ironic,
22962075,19699,19699,1.836115566572249e+18,2024-09-17,NEG,not ironic,
22962076,19700,19700,1.8361155662658683e+18,2024-09-17,NEG,ironic,
22962077,19701,19701,1.8361155648062223e+18,2024-09-17,NEG,not ironic,
22962078,19702,19702,1.8361155640095247e+18,2024-09-17,NEG,not ironic,
22962079,19703,19703,1.836115563862512e+18,2024-09-17,NEG,not ironic,
22962080,19704,19704,1.836115563829158e+18,2024-09-17,POS,ironic,
22962081,19705,19705,1.836115563707536e+18,2024-09-17,NEG,not ironic,
22962082,19706,19706,1.836115563611136e+18,2024-09-17,NEU,not ironic,
22962083,19707,19707,1.836115563598484e+18,2024-09-17,NEU,ironic,
22962084,19708,19708,1.8361155628810447e+18,2024-09-17,NEG,ironic,
22962085,19709,19709,1.836115559773053e+18,2024-09-17,NEU,not ironic,
22962086,19710,19710,1.836115559005467e+18,2024-09-17,NEG,ironic,
22962087,19711,19711,1.836115557537424e+18,2024-09-17,NEG,ironic,
22962088,19712,19712,1.836115556799488e+18,2024-09-17,NEG,not ironic,
22962089,19713,19713,1.836115555574584e+18,2024-09-17,NEG,not ironic,
22962090,19714,19714,1.8361155552895388e+18,2024-09-17,NEU,not ironic,
22962091,19715,19715,1.8361155551134065e+18,2024-09-17,POS,ironic,
22962092,19716,19716,1.836115553934808e+18,2024-09-17,NEG,ironic,
22962093,19717,19717,1.836115553628349e+18,2024-09-17,NEG,not ironic,
22962094,19718,19718,1.8361155536202345e+18,2024-09-17,POS,not ironic,
22962095,19719,19719,1.836115553179608e+18,2024-09-17,NEU,not ironic,
22962096,19720,19720,1.8361155511579853e+18,2024-09-17,NEG,not ironic,
22962097,19721,19721,1.836115550793044e+18,2024-09-17,NEU,not ironic,
22962098,19722,19722,1.8361155498998863e+18,2024-09-17,POS,not ironic,
22962099,19723,19723,1.8361155496356744e+18,2024-09-17,NEG,ironic,
22962100,19724,19724,1.8361155493714327e+18,2024-09-17,POS,not ironic,
22962101,19725,19725,1.836115549115372e+18,2024-09-17,NEG,ironic,
22962102,19726,19726,1.836115548360614e+18,2024-09-17,NEU,not ironic,
22962103,19727,19727,1.8361155482681224e+18,2024-09-17,NEU,not ironic,
22962104,19728,19728,1.8361155481047447e+18,2024-09-17,NEG,not ironic,
22962105,19729,19729,1.8361155479115853e+18,2024-09-17,NEG,ironic,
22962106,19730,19730,1.836115547072926e+18,2024-09-17,NEG,ironic,
22962107,19731,19731,1.836115545768264e+18,2024-09-17,NEG,ironic,
22962108,19732,19732,1.83611554575988e+18,2024-09-17,POS,not ironic,
22962109,19733,19733,1.83611554461064e+18,2024-09-17,NEG,ironic,
22962110,19734,19734,1.8361155439901617e+18,2024-09-17,NEG,not ironic,
22962111,19735,19735,1.836115542807372e+18,2024-09-17,NEG,ironic,
22962112,19736,19736,1.8361155425011343e+18,2024-09-17,NEG,ironic,
22962113,19737,19737,1.8361155422618788e+18,2024-09-17,NEU,not ironic,
22962114,19738,19738,1.8361155412134835e+18,2024-09-17,NEG,not ironic,
22962115,19739,19739,1.8361155411799288e+18,2024-09-17,POS,ironic,
22962116,19740,19740,1.8361155406889044e+18,2024-09-17,NEU,not ironic,
22962117,19741,19741,1.836115539271312e+18,2024-09-17,POS,ironic,
22962118,19742,19742,1.8361155392545096e+18,2024-09-17,NEG,not ironic,
22962119,19743,19743,1.8361155389191992e+18,2024-09-17,NEG,not ironic,
22962120,19744,19744,1.8361155388098929e+18,2024-09-17,POS,not ironic,
22962121,19745,19745,1.8361155387976333e+18,2024-09-17,NEG,not ironic,
22962122,19746,19746,1.83611553846184e+18,2024-09-17,NEG,not ironic,
22962123,19747,19747,1.8361155381013097e+18,2024-09-17,NEG,not ironic,
22962124,19748,19748,1.836115536079364e+18,2024-09-17,POS,not ironic,
22962125,19749,19749,1.8361155356812493e+18,2024-09-17,NEG,not ironic,
22962126,19750,19750,1.836115535526008e+18,2024-09-17,NEU,not ironic,
22962127,19751,19751,1.8361155351736847e+18,2024-09-17,NEG,not ironic,
22962128,19752,19752,1.8361155337350472e+18,2024-09-17,NEU,not ironic,
22962129,19753,19753,1.8361155330218063e+18,2024-09-17,NEU,not ironic,
22962130,19754,19754,1.83611553248913e+18,2024-09-17,NEU,ironic,
22962131,19755,19755,1.8361155321326016e+18,2024-09-17,NEG,not ironic,
22962132,19756,19756,1.836115532086416e+18,2024-09-17,NEG,not ironic,
22962133,19757,19757,1.8361155320489288e+18,2024-09-17,NEG,ironic,
22962134,19758,19758,1.8361155303124872e+18,2024-09-17,NEG,not ironic,
22962135,19759,19759,1.8361155302115533e+18,2024-09-17,POS,not ironic,
22962136,19760,19760,1.8361155300734776e+18,2024-09-17,NEU,not ironic,
22962137,19761,19761,1.8361155285296952e+18,2024-09-17,NEG,ironic,
22962138,19762,19762,1.836115528269566e+18,2024-09-17,NEU,not ironic,
22962139,19763,19763,1.8361155280096136e+18,2024-09-17,NEG,ironic,
22962140,19764,19764,1.8361155278336527e+18,2024-09-17,NEU,not ironic,
22962141,19765,19765,1.836115527778877e+18,2024-09-17,NEU,ironic,
22962142,19766,19766,1.8361155275819955e+18,2024-09-17,NEG,not ironic,
22962143,19767,19767,1.836115527171015e+18,2024-09-17,NEU,not ironic,
22962144,19768,19768,1.8361155270912617e+18,2024-09-17,NEG,not ironic,
22962145,19769,19769,1.8361155268687176e+18,2024-09-17,NEG,not ironic,
22962146,19770,19770,1.8361155268270208e+18,2024-09-17,NEU,not ironic,
22962147,19771,19771,1.8361155259082304e+18,2024-09-17,NEG,not ironic,
22962148,19772,19772,1.836115525702948e+18,2024-09-17,NEG,ironic,
22962149,19773,19773,1.836115524939604e+18,2024-09-17,NEU,not ironic,
22962150,19774,19774,1.8361155239368625e+18,2024-09-17,NEG,not ironic,
22962151,19775,19775,1.836115523840668e+18,2024-09-17,NEU,not ironic,
22962152,19776,19776,1.836115522846356e+18,2024-09-17,NEG,ironic,
22962153,19777,19777,1.836115522238235e+18,2024-09-17,NEU,not ironic,
22962154,19778,19778,1.8361155220284623e+18,2024-09-17,NEG,not ironic,
22962155,19779,19779,1.8361155220035955e+18,2024-09-17,NEG,ironic,
22962156,19780,19780,1.8361155219193984e+18,2024-09-17,POS,not ironic,
22962157,19781,19781,1.8361155215631608e+18,2024-09-17,NEG,ironic,
22962158,19782,19782,1.836115521080628e+18,2024-09-17,POS,ironic,
22962159,19783,19783,1.836115519184999e+18,2024-09-17,NEG,not ironic,
22962160,19784,19784,1.8361155191262784e+18,2024-09-17,NEU,not ironic,
22962161,19785,19785,1.8361155187697623e+18,2024-09-17,NEU,ironic,
22962162,19786,19786,1.8361155183629148e+18,2024-09-17,NEG,not ironic,
22962163,19787,19787,1.8361155182077583e+18,2024-09-17,POS,ironic,
22962164,19788,19788,1.8361155176079404e+18,2024-09-17,NEU,not ironic,
22962165,19789,19789,1.8361155174105367e+18,2024-09-17,NEU,not ironic,
22962166,19790,19790,1.836115515531833e+18,2024-09-17,POS,not ironic,
22962167,19791,19791,1.8361155154853524e+18,2024-09-17,NEG,not ironic,
22962168,19792,19792,1.8361155152211727e+18,2024-09-17,NEU,not ironic,
22962169,19793,19793,1.8361155141518336e+18,2024-09-17,NEG,not ironic,
22962170,19794,19794,1.836115513186906e+18,2024-09-17,NEU,not ironic,
22962171,19795,19795,1.836115511295324e+18,2024-09-17,NEU,not ironic,
22962172,19796,19796,1.836115510855111e+18,2024-09-17,NEG,not ironic,
22962173,19797,19797,1.8361155107628365e+18,2024-09-17,NEG,not ironic,
22962174,19798,19798,1.8361155095713587e+18,2024-09-17,NEU,ironic,
22962175,19799,19799,1.8361155094667963e+18,2024-09-17,NEU,not ironic,
22962176,19800,19800,1.8361155087283407e+18,2024-09-17,NEU,ironic,
22962177,19801,19801,1.8361155085608264e+18,2024-09-17,NEG,not ironic,
22962178,19802,19802,1.836115507990147e+18,2024-09-17,NEG,not ironic,
22962179,19803,19803,1.836115507478688e+18,2024-09-17,NEU,not ironic,
22962180,19804,19804,1.836115506799014e+18,2024-09-17,NEG,not ironic,
22962181,19805,19805,1.83611550631658e+18,2024-09-17,NEG,not ironic,
22962182,19806,19806,1.8361155057841969e+18,2024-09-17,NEG,ironic,
22962183,19807,19807,1.836115505389712e+18,2024-09-17,NEG,ironic,
22962184,19808,19808,1.836115505297396e+18,2024-09-17,NEG,not ironic,
22962185,19809,19809,1.83611550510472e+18,2024-09-17,NEU,ironic,
22962186,19810,19810,1.836115504974492e+18,2024-09-17,NEU,not ironic,
22962187,19811,19811,1.8361155045007608e+18,2024-09-17,NEG,not ironic,
22962188,19812,19812,1.8361155041819727e+18,2024-09-17,NEU,ironic,
22962189,19813,19813,1.83611550410206e+18,2024-09-17,POS,not ironic,
22962190,19814,19814,1.8361155040349025e+18,2024-09-17,POS,not ironic,
22962191,19815,19815,1.836115503477064e+18,2024-09-17,NEU,not ironic,
22962192,19816,19816,1.8361155022649344e+18,2024-09-17,NEG,not ironic,
22962193,19817,19817,1.836115499878617e+18,2024-09-17,POS,not ironic,
22962194,19818,19818,1.8361154998070769e+18,2024-09-17,POS,ironic,
22962195,19819,19819,1.8361154990940567e+18,2024-09-17,NEU,not ironic,
22962196,19820,19820,1.8361154986496865e+18,2024-09-17,NEG,not ironic,
22962197,19821,19821,1.8361154975254244e+18,2024-09-17,NEG,not ironic,
22962198,19822,19822,1.8361154961999217e+18,2024-09-17,NEG,not ironic,
22962199,19823,19823,1.836115494094484e+18,2024-09-17,NEU,ironic,
22962200,19824,19824,1.8361154932977544e+18,2024-09-17,NEU,not ironic,
22962201,19825,19825,1.8361154932391e+18,2024-09-17,NEU,not ironic,
22962202,19826,19826,1.8361154923496448e+18,2024-09-17,NEG,not ironic,
22962203,19827,19827,1.8361154919555768e+18,2024-09-17,NEU,ironic,
22962204,19828,19828,1.8361154919427443e+18,2024-09-17,NEG,not ironic,
22962205,19829,19829,1.836115491544322e+18,2024-09-17,NEG,not ironic,
22962206,19830,19830,1.8361154908354808e+18,2024-09-17,NEU,not ironic,
22962207,19831,19831,1.836115490441466e+18,2024-09-17,NEG,not ironic,
22962208,19832,19832,1.836115487996208e+18,2024-09-17,POS,not ironic,
22962209,19833,19833,1.8361154874341624e+18,2024-09-17,NEG,not ironic,
22962210,19834,19834,1.8361154872702405e+18,2024-09-17,NEG,not ironic,
22962211,19835,19835,1.836115485852623e+18,2024-09-17,NEG,not ironic,
22962212,19836,19836,1.8361154848797865e+18,2024-09-17,NEG,ironic,
22962213,19837,19837,1.836115484401636e+18,2024-09-17,NEU,not ironic,
22962214,19838,19838,1.836115484183569e+18,2024-09-17,NEU,not ironic,
22962215,19839,19839,1.8361154833741007e+18,2024-09-17,NEG,not ironic,
22962216,19840,19840,1.8361154825938908e+18,2024-09-17,NEU,not ironic,
22962217,19841,19841,1.8361154822833075e+18,2024-09-17,NEU,ironic,
22962218,19842,19842,1.8361154818347213e+18,2024-09-17,POS,ironic,
22962219,19843,19843,1.8361154817634184e+18,2024-09-17,NEG,not ironic,
22962220,19844,19844,1.836115480115057e+18,2024-09-17,NEG,ironic,
22962221,19845,19845,1.8361154798043835e+18,2024-09-17,NEG,not ironic,
22962222,19846,19846,1.8361154797501524e+18,2024-09-17,NEG,ironic,
22962223,19847,19847,1.8361154793849487e+18,2024-09-17,NEG,not ironic,
22962224,19848,19848,1.8361154792801807e+18,2024-09-17,NEG,ironic,
22962225,19849,19849,1.836115479120794e+18,2024-09-17,NEU,not ironic,
22962226,19850,19850,1.8361154774517228e+18,2024-09-17,POS,not ironic,
22962227,19851,19851,1.836115476558066e+18,2024-09-17,NEU,not ironic,
22962228,19852,19852,1.8361154756229568e+18,2024-09-17,NEG,not ironic,
22962229,19853,19853,1.8361154755304527e+18,2024-09-17,NEG,not ironic,
22962230,19854,19854,1.8361154751490007e+18,2024-09-17,NEG,not ironic,
22962231,19855,19855,1.836115475077412e+18,2024-09-17,NEU,not ironic,
22962232,19856,19856,1.836115474620232e+18,2024-09-17,NEG,ironic,
22962233,19857,19857,1.8361154741883087e+18,2024-09-17,NEU,ironic,
22962234,19858,19858,1.836115474167252e+18,2024-09-17,POS,not ironic,
22962235,19859,19859,1.8361154741630405e+18,2024-09-17,NEG,ironic,
22962236,19860,19860,1.8361154741253865e+18,2024-09-17,NEG,not ironic,
22962237,19861,19861,1.8361154739995e+18,2024-09-17,POS,ironic,
22962238,19862,19862,1.8361154708328123e+18,2024-09-17,NEG,not ironic,
22962239,19863,19863,1.836115470828925e+18,2024-09-17,NEG,not ironic,
22962240,19864,19864,1.8361154705142948e+18,2024-09-17,NEU,not ironic,
22962241,19865,19865,1.8361154683498327e+18,2024-09-17,NEG,ironic,
22962242,19866,19866,1.8361154681820488e+18,2024-09-17,NEU,not ironic,
22962243,19867,19867,1.8361154669785247e+18,2024-09-17,NEG,ironic,
22962244,19868,19868,1.8361154668610765e+18,2024-09-17,NEU,not ironic,
22962245,19869,19869,1.8361154654266043e+18,2024-09-17,NEG,not ironic,
22962246,19870,19870,1.8361154651246144e+18,2024-09-17,NEG,ironic,
22962247,19871,19871,1.836115464419972e+18,2024-09-17,NEG,ironic,
22962248,19872,19872,1.8361154643442808e+18,2024-09-17,NEU,ironic,
22962249,19873,19873,1.8361154638705167e+18,2024-09-17,NEG,ironic,
22962250,19874,19874,1.8361154618737705e+18,2024-09-17,NEU,not ironic,
22962251,19875,19875,1.836115461177553e+18,2024-09-17,NEG,not ironic,
22962252,19876,19876,1.83611546091332e+18,2024-09-17,NEU,ironic,
22962253,19877,19877,1.836115458719912e+18,2024-09-17,NEG,not ironic,
22962254,19878,19878,1.836115455691404e+18,2024-09-17,NEG,ironic,
22962255,19879,19879,1.836115454655632e+18,2024-09-17,NEU,not ironic,
22962256,19880,19880,1.836115454294692e+18,2024-09-17,NEG,ironic,
22962257,19881,19881,1.8361154529986644e+18,2024-09-17,NEG,not ironic,
22962258,19882,19882,1.8361154528185265e+18,2024-09-17,NEG,not ironic,
22962259,19883,19883,1.836115450456859e+18,2024-09-17,NEU,not ironic,
22962260,19884,19884,1.8361154503145272e+18,2024-09-17,POS,ironic,
22962261,19885,19885,1.8361154500710769e+18,2024-09-17,NEG,not ironic,
22962262,19886,19886,1.8361154496811868e+18,2024-09-17,NEG,not ironic,
22962263,19887,19887,1.836115449089524e+18,2024-09-17,NEU,not ironic,
22962264,19888,19888,1.8361154488213545e+18,2024-09-17,NEG,ironic,
22962265,19889,19889,1.836115448775217e+18,2024-09-17,NEU,not ironic,
22962266,19890,19890,1.8361154480745884e+18,2024-09-17,NEU,not ironic,
22962267,19891,19891,1.836115447000732e+18,2024-09-17,NEU,ironic,
22962268,19892,19892,1.8361154466316288e+18,2024-09-17,NEG,ironic,
22962269,19893,19893,1.836115445713376e+18,2024-09-17,POS,not ironic,
22962270,19894,19894,1.836115443662107e+18,2024-09-17,NEG,not ironic,
22962271,19895,19895,1.8361154406757952e+18,2024-09-17,NEU,not ironic,
22962272,19896,19896,1.8361154402439665e+18,2024-09-17,NEG,ironic,
22962273,19897,19897,1.8361154400426767e+18,2024-09-17,NEG,not ironic,
22962274,19898,19898,1.836115439333839e+18,2024-09-17,NEU,ironic,
22962275,19899,19899,1.8361154368508111e+18,2024-09-17,NEG,not ironic,
22962276,19900,19900,1.8361154366662607e+18,2024-09-17,POS,ironic,
22962277,19901,19901,1.8361154361039304e+18,2024-09-17,NEG,ironic,
22962278,19902,19902,1.8361154360665088e+18,2024-09-17,POS,not ironic,
22962279,19903,19903,1.836115431775724e+18,2024-09-17,NEG,ironic,
22962280,19904,19904,1.836115431641232e+18,2024-09-17,NEG,not ironic,
22962281,19905,19905,1.8361154307981724e+18,2024-09-17,NEG,not ironic,
22962282,19906,19906,1.8361154294772247e+18,2024-09-17,NEG,not ironic,
22962283,19907,19907,1.8361154285249004e+18,2024-09-17,NEU,not ironic,
22962284,19908,19908,1.836115428340568e+18,2024-09-17,POS,not ironic,
22962285,19909,19909,1.8361154278370304e+18,2024-09-17,NEG,ironic,
22962286,19910,19910,1.83611542733788e+18,2024-09-17,NEU,not ironic,
22962287,19911,19911,1.836115426423772e+18,2024-09-17,NEG,ironic,
22962288,19912,19912,1.8361154256519864e+18,2024-09-17,NEU,not ironic,
22962289,19913,19913,1.8361154245699013e+18,2024-09-17,NEG,not ironic,
22962290,19914,19914,1.8361154245025715e+18,2024-09-17,NEU,not ironic,
22962291,19915,19915,1.836115424187974e+18,2024-09-17,NEG,not ironic,
22962292,19916,19916,1.836115422891983e+18,2024-09-17,NEG,not ironic,
22962293,19917,19917,1.836115422803788e+18,2024-09-17,NEU,not ironic,
22962294,19918,19918,1.8361154227031693e+18,2024-09-17,NEU,ironic,
22962295,19919,19919,1.836115422082474e+18,2024-09-17,NEU,ironic,
22962296,19920,19920,1.836115421319304e+18,2024-09-17,NEG,ironic,
22962297,19921,19921,1.8361154212144453e+18,2024-09-17,NEG,not ironic,
22962298,19922,19922,1.836115420639826e+18,2024-09-17,NEG,not ironic,
22962299,19923,19923,1.8361154200481587e+18,2024-09-17,NEG,not ironic,
22962300,19924,19924,1.8361154163153183e+18,2024-09-17,NEU,not ironic,
22962301,19925,19925,1.8361154152540687e+18,2024-09-17,NEG,not ironic,
22962302,19926,19926,1.8361154149646623e+18,2024-09-17,NEU,not ironic,
22962303,19927,19927,1.8361154144784384e+18,2024-09-17,NEG,not ironic,
22962304,19928,19928,1.8361154128800648e+18,2024-09-17,POS,not ironic,
22962305,19929,19929,1.8361154109761487e+18,2024-09-17,NEG,ironic,
22962306,19930,19930,1.8361154106235333e+18,2024-09-17,NEG,ironic,
22962307,19931,19931,1.8361154091852063e+18,2024-09-17,NEG,not ironic,
22962308,19932,19932,1.8361154089377587e+18,2024-09-17,NEG,not ironic,
22962309,19933,19933,1.8361154086984008e+18,2024-09-17,NEU,ironic,
22962310,19934,19934,1.8361154077549243e+18,2024-09-17,NEG,not ironic,
22962311,19935,19935,1.8361154072639647e+18,2024-09-17,NEG,not ironic,
22962312,19936,19936,1.8361154069200448e+18,2024-09-17,NEG,not ironic,
22962313,19937,19937,1.83611540668518e+18,2024-09-17,NEG,not ironic,
22962314,19938,19938,1.8361154064630784e+18,2024-09-17,NEG,ironic,
22962315,19939,19939,1.836115406416708e+18,2024-09-17,NEU,not ironic,
22962316,19940,19940,1.836115405599056e+18,2024-09-17,NEG,ironic,
22962317,19941,19941,1.8361154039213304e+18,2024-09-17,NEG,not ironic,
22962318,19942,19942,1.8361154034389647e+18,2024-09-17,NEU,not ironic,
22962319,19943,19943,1.8361154033592768e+18,2024-09-17,NEG,not ironic,
22962320,19944,19944,1.8361154031367496e+18,2024-09-17,NEG,not ironic,
22962321,19945,19945,1.8361154021930107e+18,2024-09-17,POS,not ironic,
22962322,19946,19946,1.836115401794818e+18,2024-09-17,NEG,not ironic,
22962323,19947,19947,1.836115401773892e+18,2024-09-17,POS,not ironic,
22962324,19948,19948,1.836115400456836e+18,2024-09-17,NEU,ironic,
22962325,19949,19949,1.8361154000664704e+18,2024-09-17,NEG,not ironic,
22962326,19950,19950,1.8361153991564168e+18,2024-09-17,POS,not ironic,
22962327,19951,19951,1.8361153986782487e+18,2024-09-17,NEU,not ironic,
22962328,19952,19952,1.8361153984855127e+18,2024-09-17,NEG,ironic,
22962329,19953,19953,1.8361153971473288e+18,2024-09-17,NEG,not ironic,
22962330,19954,19954,1.8361153957885747e+18,2024-09-17,NEG,not ironic,
22962331,19955,19955,1.8361153957801864e+18,2024-09-17,NEG,not ironic,
22962332,19956,19956,1.8361153956793303e+18,2024-09-17,POS,ironic,
22962333,19957,19957,1.83611539511722e+18,2024-09-17,NEG,not ironic,
22962334,19958,19958,1.836115394773607e+18,2024-09-17,POS,ironic,
22962335,19959,19959,1.8361153944170376e+18,2024-09-17,NEG,not ironic,
22962336,19960,19960,1.8361153941276303e+18,2024-09-17,NEG,not ironic,
22962337,19961,19961,1.83611539389676e+18,2024-09-17,NEG,not ironic,
22962338,19962,19962,1.8361153936199025e+18,2024-09-17,NEG,ironic,
22962339,19963,19963,1.8361153925294124e+18,2024-09-17,NEG,ironic,
22962340,19964,19964,1.8361153920260047e+18,2024-09-17,NEU,not ironic,
22962341,19965,19965,1.836115391611089e+18,2024-09-17,POS,ironic,
22962342,19966,19966,1.8361153904153928e+18,2024-09-17,NEG,not ironic,
22962343,19967,19967,1.8361153895304684e+18,2024-09-17,NEG,not ironic,
22962344,19968,19968,1.8361153893458944e+18,2024-09-17,NEG,ironic,
22962345,19969,19969,1.8361153889473943e+18,2024-09-17,NEG,not ironic,
22962346,19970,19970,1.836115388465316e+18,2024-09-17,NEU,not ironic,
22962347,19971,19971,1.8361153867580293e+18,2024-09-17,NEG,not ironic,
22962348,19972,19972,1.8361153866366856e+18,2024-09-17,NEG,not ironic,
22962349,19973,19973,1.8361153864140145e+18,2024-09-17,NEG,ironic,
22962350,19974,19974,1.8361153860282327e+18,2024-09-17,NEG,ironic,
22962351,19975,19975,1.8361153850047944e+18,2024-09-17,NEU,not ironic,
22962352,19976,19976,1.8361153839522488e+18,2024-09-17,POS,ironic,
22962353,19977,19977,1.83611538243788e+18,2024-09-17,NEG,not ironic,
22962354,19978,19978,1.83611538175026e+18,2024-09-17,NEG,not ironic,
22962355,19979,19979,1.836115381720896e+18,2024-09-17,NEG,ironic,
22962356,19980,19980,1.8361153808692347e+18,2024-09-17,NEG,not ironic,
22962357,19981,19981,1.8361153785122324e+18,2024-09-17,NEU,ironic,
22962358,19982,19982,1.8361153774175764e+18,2024-09-17,NEG,not ironic,
22962359,19983,19983,1.8361153773627108e+18,2024-09-17,NEG,not ironic,
22962360,19984,19984,1.836115377102951e+18,2024-09-17,NEG,not ironic,
22962361,19985,19985,1.8361153760541696e+18,2024-09-17,NEG,not ironic,
22962362,19986,19986,1.8361153755804183e+18,2024-09-17,POS,ironic,
22962363,19987,19987,1.836115375219708e+18,2024-09-17,NEG,not ironic,
22962364,19988,19988,1.836115374078596e+18,2024-09-17,NEU,not ironic,
22962365,19989,19989,1.8361153733823409e+18,2024-09-17,NEU,not ironic,
22962366,19990,19990,1.8361153725521308e+18,2024-09-17,NEU,not ironic,
22962367,19991,19991,1.8361153722081608e+18,2024-09-17,NEU,ironic,
22962368,19992,19992,1.836115371658724e+18,2024-09-17,NEU,not ironic,
22962369,19993,19993,1.8361153712474524e+18,2024-09-17,NEG,ironic,
22962370,19994,19994,1.836115370416964e+18,2024-09-17,NEG,not ironic,
22962371,19995,19995,1.8361153679090363e+18,2024-09-17,NEG,not ironic,
22962372,19996,19996,1.836115367694828e+18,2024-09-17,NEG,not ironic,
22962373,19997,19997,1.8361153666004047e+18,2024-09-17,NEG,not ironic,
22962374,19998,19998,1.8361153651576463e+18,2024-09-17,POS,ironic,
22962375,19999,19999,1.836115364880548e+18,2024-09-17,NEG,not ironic,
22962376,20000,20000,1.836115364494836e+18,2024-09-17,NEG,not ironic,
22962377,20001,20001,1.836115364217832e+18,2024-09-17,NEU,not ironic,
22962378,20002,20002,1.8361153642136527e+18,2024-09-17,POS,ironic,
22962379,20003,20003,1.8361153638445711e+18,2024-09-17,NEU,not ironic,
22962380,20004,20004,1.836115361718244e+18,2024-09-17,NEU,ironic,
22962381,20005,20005,1.83611535957076e+18,2024-09-17,NEG,ironic,
22962382,20006,20006,1.836115359428182e+18,2024-09-17,NEG,ironic,
22962383,20007,20007,1.836115359130358e+18,2024-09-17,NEG,not ironic,
22962384,20008,20008,1.836115358018843e+18,2024-09-17,POS,not ironic,
22962385,20009,20009,1.8361153560850227e+18,2024-09-17,POS,not ironic,
22962386,20010,20010,1.836115355003216e+18,2024-09-17,NEG,ironic,
22962387,20011,20011,1.8361153542062203e+18,2024-09-17,NEU,not ironic,
22962388,20012,20012,1.8361153540088712e+18,2024-09-17,NEG,ironic,
22962389,20013,20013,1.8361153532374387e+18,2024-09-17,NEG,ironic,
22962390,20014,20014,1.8361153529689247e+18,2024-09-17,NEG,ironic,
22962391,20015,20015,1.836115352863888e+18,2024-09-17,NEU,not ironic,
22962392,20016,20016,1.8361153526920847e+18,2024-09-17,NEG,not ironic,
22962393,20017,20017,1.836115352431862e+18,2024-09-17,NEG,not ironic,
22962394,20018,20018,1.8361153513960607e+18,2024-09-17,NEG,not ironic,
22962395,20019,20019,1.8361153506408847e+18,2024-09-17,NEU,not ironic,
22962396,20020,20020,1.836115349634466e+18,2024-09-17,NEG,ironic,
22962397,20021,20021,1.836115345989604e+18,2024-09-17,POS,not ironic,
22962398,20022,20022,1.836115345481806e+18,2024-09-17,NEU,ironic,
22962399,20023,20023,1.8361153451631288e+18,2024-09-17,NEG,not ironic,
22962400,20024,20024,1.836115344961708e+18,2024-09-17,NEU,not ironic,
22962401,20025,20025,1.8361153448529472e+18,2024-09-17,NEU,not ironic,
22962402,20026,20026,1.8361153447858383e+18,2024-09-17,NEG,not ironic,
22962403,20027,20027,1.8361153447649364e+18,2024-09-17,NEG,ironic,
22962404,20028,20028,1.8361153417281905e+18,2024-09-17,NEG,not ironic,
22962405,20029,20029,1.8361153409687475e+18,2024-09-17,NEG,not ironic,
22962406,20030,20030,1.8361153375003323e+18,2024-09-17,NEG,not ironic,
22962407,20031,20031,1.8361153374416653e+18,2024-09-17,NEG,ironic,
22962408,20032,20032,1.8361153373533435e+18,2024-09-17,NEG,not ironic,
22962409,20033,20033,1.8361153351428795e+18,2024-09-17,NEU,not ironic,
22962410,20034,20034,1.8361153350214984e+18,2024-09-17,NEG,ironic,
22962411,20035,20035,1.836115334907953e+18,2024-09-17,NEU,ironic,
22962412,20036,20036,1.8361153330417871e+18,2024-09-17,NEG,not ironic,
22962413,20037,20037,1.8361153326430948e+18,2024-09-17,NEG,not ironic,
22962414,20038,20038,1.8361153324545843e+18,2024-09-17,POS,not ironic,
22962415,20039,20039,1.836115331657376e+18,2024-09-17,NEG,ironic,
22962416,20040,20040,1.8361153316112348e+18,2024-09-17,NEU,not ironic,
22962417,20041,20041,1.83611533154026e+18,2024-09-17,POS,not ironic,
22962418,20042,20042,1.836115330743276e+18,2024-09-17,NEU,ironic,
22962419,20043,20043,1.836115330738844e+18,2024-09-17,NEG,not ironic,
22962420,20044,20044,1.8361153307346703e+18,2024-09-17,NEU,not ironic,
22962421,20045,20045,1.83611533062568e+18,2024-09-17,NEG,ironic,
22962422,20046,20046,1.836115330466513e+18,2024-09-17,NEU,ironic,
22962423,20047,20047,1.8361153278995625e+18,2024-09-17,NEU,ironic,
22962424,20048,20048,1.8361153269388567e+18,2024-09-17,NEG,not ironic,
22962425,20049,20049,1.8361153263686487e+18,2024-09-17,NEG,not ironic,
22962426,20050,20050,1.8361153241918305e+18,2024-09-17,NEG,not ironic,
22962427,20051,20051,1.8361153226145464e+18,2024-09-17,NEG,ironic,
22962428,20052,20052,1.836115321276764e+18,2024-09-17,NEG,ironic,
22962429,20053,20053,1.836115320987419e+18,2024-09-17,NEU,not ironic,
22962430,20054,20054,1.836115317853992e+18,2024-09-17,NEU,not ironic,
22962431,20055,20055,1.8361153176065152e+18,2024-09-17,NEU,ironic,
22962432,20056,20056,1.8361153174303007e+18,2024-09-17,NEU,not ironic,
22962433,20057,20057,1.836115316494992e+18,2024-09-17,NEG,not ironic,
22962434,20058,20058,1.836115316407198e+18,2024-09-17,NEU,not ironic,
22962435,20059,20059,1.836115316247613e+18,2024-09-17,NEG,not ironic,
22962436,20060,20060,1.836115315488625e+18,2024-09-17,NEU,not ironic,
22962437,20061,20061,1.8361153153711844e+18,2024-09-17,NEG,ironic,
22962438,20062,20062,1.8361153150314447e+18,2024-09-17,NEU,not ironic,
22962439,20063,20063,1.836115314033201e+18,2024-09-17,NEU,ironic,
22962440,20064,20064,1.8361153140038413e+18,2024-09-17,NEU,ironic,
22962441,20065,20065,1.8361153139071224e+18,2024-09-17,NEG,ironic,
22962442,20066,20066,1.8361153137354056e+18,2024-09-17,NEG,not ironic,
22962443,20067,20067,1.836115312128967e+18,2024-09-17,NEG,not ironic,
22962444,20068,20068,1.8361153116925256e+18,2024-09-17,NEG,ironic,
22962445,20069,20069,1.836115310862308e+18,2024-09-17,NEU,ironic,
22962446,20070,20070,1.8361153107281144e+18,2024-09-17,NEG,not ironic,
22962447,20071,20071,1.8361153105643195e+18,2024-09-17,NEG,ironic,
22962448,20072,20072,1.8361153102541327e+18,2024-09-17,NEG,not ironic,
22962449,20073,20073,1.836115309322998e+18,2024-09-17,NEU,ironic,
22962450,20074,20074,1.8361153087819328e+18,2024-09-17,NEU,not ironic,
22962451,20075,20075,1.8361153081737585e+18,2024-09-17,NEU,not ironic,
22962452,20076,20076,1.83611530729692e+18,2024-09-17,NEU,not ironic,
22962453,20077,20077,1.8361153060388209e+18,2024-09-17,NEG,not ironic,
22962454,20078,20078,1.8361153057450148e+18,2024-09-17,NEU,not ironic,
22962455,20079,20079,1.8361153051535767e+18,2024-09-17,NEU,not ironic,
22962456,20080,20080,1.8361153050112527e+18,2024-09-17,NEG,ironic,
22962457,20081,20081,1.8361153031110487e+18,2024-09-17,NEG,not ironic,
22962458,20082,20082,1.836115301974328e+18,2024-09-17,NEU,not ironic,
22962459,20083,20083,1.83611530189908e+18,2024-09-17,NEG,not ironic,
22962460,20084,20084,1.836115301412254e+18,2024-09-17,NEG,ironic,
22962461,20085,20085,1.8361152997932403e+18,2024-09-17,NEU,not ironic,
22962462,20086,20086,1.8361152993321288e+18,2024-09-17,NEU,not ironic,
22962463,20087,20087,1.8361152989124767e+18,2024-09-17,NEG,ironic,
22962464,20088,20088,1.836115298761508e+18,2024-09-17,NEU,ironic,
22962465,20089,20089,1.8361152987072228e+18,2024-09-17,NEU,not ironic,
22962466,20090,20090,1.8361152966100623e+18,2024-09-17,NEG,not ironic,
22962467,20091,20091,1.8361152965384847e+18,2024-09-17,NEG,not ironic,
22962468,20092,20092,1.8361152965345649e+18,2024-09-17,NEG,not ironic,
22962469,20093,20093,1.83611529639166e+18,2024-09-17,POS,ironic,
22962470,20094,20094,1.8361152945965056e+18,2024-09-17,NEG,ironic,
22962471,20095,20095,1.8361152917572403e+18,2024-09-17,NEU,ironic,
22962472,20096,20096,1.8361152911195016e+18,2024-09-17,NEG,ironic,
22962473,20097,20097,1.8361152902386688e+18,2024-09-17,NEU,ironic,
22962474,20098,20098,1.8361152899535096e+18,2024-09-17,NEG,ironic,
22962475,20099,20099,1.836115288817128e+18,2024-09-17,NEG,not ironic,
22962476,20100,20100,1.8361152885654364e+18,2024-09-17,NEG,ironic,
22962477,20101,20101,1.836115287655044e+18,2024-09-17,NEG,not ironic,
22962478,20102,20102,1.8361152870636173e+18,2024-09-17,NEU,not ironic,
22962479,20103,20103,1.836115286879052e+18,2024-09-17,NEU,not ironic,
22962480,20104,20104,1.836115285826532e+18,2024-09-17,NEU,not ironic,
22962481,20105,20105,1.8361152833515768e+18,2024-09-17,NEU,not ironic,
22962482,20106,20106,1.8361152831966784e+18,2024-09-17,NEU,not ironic,
22962483,20107,20107,1.836115282517201e+18,2024-09-17,NEG,not ironic,
22962484,20108,20108,1.836115282479444e+18,2024-09-17,NEG,not ironic,
22962485,20109,20109,1.8361152817284303e+18,2024-09-17,NEG,ironic,
22962486,20110,20110,1.836115280046568e+18,2024-09-17,NEG,not ironic,
22962487,20111,20111,1.8361152775888937e+18,2024-09-17,NEG,ironic,
22962488,20112,20112,1.8361152773369687e+18,2024-09-17,NEU,not ironic,
22962489,20113,20113,1.836115276959748e+18,2024-09-17,NEU,not ironic,
22962490,20114,20114,1.8361152763683515e+18,2024-09-17,NEU,not ironic,
22962491,20115,20115,1.8361152756005071e+18,2024-09-17,NEU,ironic,
22962492,20116,20116,1.8361152738850447e+18,2024-09-17,NEG,ironic,
22962493,20117,20117,1.836115273318855e+18,2024-09-17,NEG,ironic,
22962494,20118,20118,1.8361152728575053e+18,2024-09-17,NEU,not ironic,
22962495,20119,20119,1.836115271591056e+18,2024-09-17,NEU,not ironic,
22962496,20120,20120,1.8361152711086984e+18,2024-09-17,NEU,not ironic,
22962497,20121,20121,1.8361152709825905e+18,2024-09-17,NEG,ironic,
22962498,20122,20122,1.8361152706389325e+18,2024-09-17,NEU,not ironic,
22962499,20123,20123,1.8361152697242872e+18,2024-09-17,NEU,not ironic,
22962500,20124,20124,1.836115268868936e+18,2024-09-17,NEG,not ironic,
22962501,20125,20125,1.836115267727852e+18,2024-09-17,NEG,not ironic,
22962502,20126,20126,1.8361152662349704e+18,2024-09-17,NEG,ironic,
22962503,20127,20127,1.836115266109064e+18,2024-09-17,NEG,not ironic,
22962504,20128,20128,1.8361152655215985e+18,2024-09-17,NEG,ironic,
22962505,20129,20129,1.8361152649598444e+18,2024-09-17,POS,not ironic,
22962506,20130,20130,1.8361152638690427e+18,2024-09-17,NEU,not ironic,
22962507,20131,20131,1.836115262237745e+18,2024-09-17,NEU,ironic,
22962508,20132,20132,1.8361152619858537e+18,2024-09-17,POS,ironic,
22962509,20133,20133,1.836115261612516e+18,2024-09-17,NEU,not ironic,
22962510,20134,20134,1.8361152606562964e+18,2024-09-17,POS,not ironic,
22962511,20135,20135,1.8361152573763087e+18,2024-09-17,NEG,ironic,
22962512,20136,20136,1.836115257112113e+18,2024-09-17,NEG,not ironic,
22962513,20137,20137,1.8361152570913303e+18,2024-09-17,NEG,ironic,
22962514,20138,20138,1.836115254620901e+18,2024-09-17,NEG,not ironic,
22962515,20139,20139,1.836115254604108e+18,2024-09-17,NEG,ironic,
22962516,20140,20140,1.836115253077201e+18,2024-09-17,NEU,not ironic,
22962517,20141,20141,1.8361152518400617e+18,2024-09-17,NEU,not ironic,
22962518,20142,20142,1.8361152499733632e+18,2024-09-17,POS,ironic,
22962519,20143,20143,1.836115247406682e+18,2024-09-17,NEU,not ironic,
22962520,20144,20144,1.83611524715058e+18,2024-09-17,NEG,not ironic,
22962521,20145,20145,1.836115246114894e+18,2024-09-17,NEG,not ironic,
22962522,20146,20146,1.836115244847964e+18,2024-09-17,NEG,ironic,
22962523,20147,20147,1.8361152446214065e+18,2024-09-17,NEG,not ironic,
22962524,20148,20148,1.8361152437450547e+18,2024-09-17,NEU,ironic,
22962525,20149,20149,1.836115242755261e+18,2024-09-17,NEG,ironic,
22962526,20150,20150,1.836115242637501e+18,2024-09-17,NEG,not ironic,
22962527,20151,20151,1.8361152413710784e+18,2024-09-17,NEG,ironic,
22962528,20152,20152,1.8361152412452493e+18,2024-09-17,POS,ironic,
22962529,20153,20153,1.8361152411443448e+18,2024-09-17,POS,ironic,
22962530,20154,20154,1.8361152407668984e+18,2024-09-17,NEG,not ironic,
22962531,20155,20155,1.8361152400751127e+18,2024-09-17,NEU,ironic,
22962532,20156,20156,1.836115236031452e+18,2024-09-17,NEU,not ironic,
22962533,20157,20157,1.8361152357884603e+18,2024-09-17,NEU,ironic,
22962534,20158,20158,1.836115235352056e+18,2024-09-17,NEG,ironic,
22962535,20159,20159,1.8361152348027988e+18,2024-09-17,NEG,not ironic,
22962536,20160,20160,1.8361152345972777e+18,2024-09-17,NEG,ironic,
22962537,20161,20161,1.836115234261733e+18,2024-09-17,NEG,not ironic,
22962538,20162,20162,1.836115232860656e+18,2024-09-17,NEU,ironic,
22962539,20163,20163,1.836115231925506e+18,2024-09-17,NEG,ironic,
22962540,20164,20164,1.8361152318249088e+18,2024-09-17,NEG,ironic,
22962541,20165,20165,1.836115231644296e+18,2024-09-17,NEG,not ironic,
22962542,20166,20166,1.8361152313506e+18,2024-09-17,NEU,not ironic,
22962543,20167,20167,1.8361152295557243e+18,2024-09-17,NEG,not ironic,
22962544,20168,20168,1.8361152287504184e+18,2024-09-17,NEG,ironic,
22962545,20169,20169,1.83611522870014e+18,2024-09-17,NEG,not ironic,
22962546,20170,20170,1.8361152273662728e+18,2024-09-17,NEG,not ironic,
22962547,20171,20171,1.8361152272738225e+18,2024-09-17,NEU,not ironic,
22962548,20172,20172,1.8361152259737887e+18,2024-09-17,NEU,ironic,
22962549,20173,20173,1.836115225013056e+18,2024-09-17,NEG,ironic,
22962550,20174,20174,1.836115224073732e+18,2024-09-17,POS,not ironic,
22962551,20175,20175,1.8361152220856689e+18,2024-09-17,NEU,not ironic,
22962552,20176,20176,1.836115221636916e+18,2024-09-17,NEG,ironic,
22962553,20177,20177,1.836115220931953e+18,2024-09-17,POS,ironic,
22962554,20178,20178,1.836115219870777e+18,2024-09-17,NEG,not ironic,
22962555,20179,20179,1.8361152195481275e+18,2024-09-17,NEU,not ironic,
22962556,20180,20180,1.836115219271004e+18,2024-09-17,NEU,not ironic,
22962557,20181,20181,1.8361152178787576e+18,2024-09-17,POS,not ironic,
22962558,20182,20182,1.8361152174800817e+18,2024-09-17,NEU,not ironic,
22962559,20183,20183,1.8361152172999311e+18,2024-09-17,NEG,not ironic,
22962560,20184,20184,1.836115216389804e+18,2024-09-17,NEU,ironic,
22962561,20185,20185,1.836115215882052e+18,2024-09-17,NEU,ironic,
22962562,20186,20186,1.8361152154583693e+18,2024-09-17,NEU,not ironic,
22962563,20187,20187,1.836115215114736e+18,2024-09-17,NEG,ironic,
22962564,20188,20188,1.8361152145526784e+18,2024-09-17,NEG,not ironic,
22962565,20189,20189,1.8361152138645711e+18,2024-09-17,NEG,ironic,
22962566,20190,20190,1.8361152136883727e+18,2024-09-17,NEG,not ironic,
22962567,20191,20191,1.836115213424509e+18,2024-09-17,NEG,ironic,
22962568,20192,20192,1.8361152131098588e+18,2024-09-17,NEG,ironic,
22962569,20193,20193,1.8361152092214927e+18,2024-09-17,NEU,ironic,
22962570,20194,20194,1.8361152091921487e+18,2024-09-17,NEU,not ironic,
22962571,20195,20195,1.8361152090624123e+18,2024-09-17,NEG,not ironic,
22962572,20196,20196,1.8361152088568463e+18,2024-09-17,NEU,not ironic,
22962573,20197,20197,1.836115208772711e+18,2024-09-17,POS,not ironic,
22962574,20198,20198,1.8361152080135168e+18,2024-09-17,NEU,not ironic,
22962575,20199,20199,1.836115206814208e+18,2024-09-17,NEG,not ironic,
22962576,20200,20200,1.8361152067177395e+18,2024-09-17,NEG,ironic,
22962577,20201,20201,1.83611520642814e+18,2024-09-17,NEG,not ironic,
22962578,20202,20202,1.836115205354619e+18,2024-09-17,NEG,ironic,
22962579,20203,20203,1.8361152034459927e+18,2024-09-17,NEU,not ironic,
22962580,20204,20204,1.8361152033536287e+18,2024-09-17,NEU,not ironic,
22962581,20205,20205,1.8361152030264648e+18,2024-09-17,NEG,not ironic,
22962582,20206,20206,1.836115201986564e+18,2024-09-17,NEG,not ironic,
22962583,20207,20207,1.8361152011642227e+18,2024-09-17,NEG,ironic,
22962584,20208,20208,1.836115199704916e+18,2024-09-17,NEG,ironic,
22962585,20209,20209,1.83611519940266e+18,2024-09-17,NEG,ironic,
22962586,20210,20210,1.8361151978971835e+18,2024-09-17,POS,not ironic,
22962587,20211,20211,1.8361151973058035e+18,2024-09-17,NEG,not ironic,
22962588,20212,20212,1.8361151971924744e+18,2024-09-17,NEG,not ironic,
22962589,20213,20213,1.8361151964665856e+18,2024-09-17,NEG,not ironic,
22962590,20214,20214,1.836115196181648e+18,2024-09-17,NEU,ironic,
22962591,20215,20215,1.8361151960852155e+18,2024-09-17,NEU,ironic,
22962592,20216,20216,1.83611519504056e+18,2024-09-17,NEG,not ironic,
22962593,20217,20217,1.8361151947933327e+18,2024-09-17,NEG,not ironic,
22962594,20218,20218,1.836115192805233e+18,2024-09-17,NEG,ironic,
22962595,20219,20219,1.836115192540992e+18,2024-09-17,POS,ironic,
22962596,20220,20220,1.8361151921297577e+18,2024-09-17,NEU,not ironic,
22962597,20221,20221,1.8361151914795707e+18,2024-09-17,NEG,ironic,
22962598,20222,20222,1.8361151913914647e+18,2024-09-17,NEG,not ironic,
22962599,20223,20223,1.8361151912446927e+18,2024-09-17,NEG,not ironic,
22962600,20224,20224,1.8361151908674644e+18,2024-09-17,NEU,not ironic,
22962601,20225,20225,1.8361151904145288e+18,2024-09-17,NEG,not ironic,
22962602,20226,20226,1.8361151878265933e+18,2024-09-17,NEU,not ironic,
22962603,20227,20227,1.8361151877175424e+18,2024-09-17,NEG,not ironic,
22962604,20228,20228,1.8361151871930084e+18,2024-09-17,NEU,not ironic,
22962605,20229,20229,1.8361151864550564e+18,2024-09-17,NEU,not ironic,
22962606,20230,20230,1.8361151861066383e+18,2024-09-17,NEU,not ironic,
22962607,20231,20231,1.8361151850999967e+18,2024-09-17,NEG,ironic,
22962608,20232,20232,1.836115184965788e+18,2024-09-17,NEU,not ironic,
22962609,20233,20233,1.8361151845592315e+18,2024-09-17,NEU,ironic,
22962610,20234,20234,1.836115183766324e+18,2024-09-17,POS,not ironic,
22962611,20235,20235,1.836115182939956e+18,2024-09-17,NEU,not ironic,
22962612,20236,20236,1.8361151804317537e+18,2024-09-17,NEG,not ironic,
22962613,20237,20237,1.836115179576218e+18,2024-09-17,NEG,not ironic,
22962614,20238,20238,1.8361151791986488e+18,2024-09-17,POS,not ironic,
22962615,20239,20239,1.836115179127608e+18,2024-09-17,POS,not ironic,
22962616,20240,20240,1.8361151787583245e+18,2024-09-17,NEU,not ironic,
22962617,20241,20241,1.836115178196444e+18,2024-09-17,NEU,not ironic,
22962618,20242,20242,1.83611517744996e+18,2024-09-17,NEG,not ironic,
22962619,20243,20243,1.8361151751891564e+18,2024-09-17,NEU,not ironic,
22962620,20244,20244,1.836115174391952e+18,2024-09-17,NEG,ironic,
22962621,20245,20245,1.836115174291576e+18,2024-09-17,NEG,not ironic,
22962622,20246,20246,1.8361151740147512e+18,2024-09-17,NEG,not ironic,
22962623,20247,20247,1.83611517340219e+18,2024-09-17,NEU,not ironic,
22962624,20248,20248,1.836115173318288e+18,2024-09-17,POS,not ironic,
22962625,20249,20249,1.8361151722027912e+18,2024-09-17,NEG,ironic,
22962626,20250,20250,1.8361151719721247e+18,2024-09-17,NEU,not ironic,
22962627,20251,20251,1.8361151719217928e+18,2024-09-17,NEU,ironic,
22962628,20252,20252,1.8361151710743104e+18,2024-09-17,NEG,not ironic,
22962629,20253,20253,1.8361151702815872e+18,2024-09-17,NEU,not ironic,
22962630,20254,20254,1.836115169237209e+18,2024-09-17,NEG,not ironic,
22962631,20255,20255,1.836115168759268e+18,2024-09-17,NEU,ironic,
22962632,20256,20256,1.8361151686334587e+18,2024-09-17,NEU,not ironic,
22962633,20257,20257,1.8361151669638963e+18,2024-09-17,POS,not ironic,
22962634,20258,20258,1.8361151659952407e+18,2024-09-17,POS,ironic,
22962635,20259,20259,1.8361151658146163e+18,2024-09-17,NEG,ironic,
22962636,20260,20260,1.8361151654790515e+18,2024-09-17,NEU,not ironic,
22962637,20261,20261,1.836115164417937e+18,2024-09-17,NEU,not ironic,
22962638,20262,20262,1.8361151607898967e+18,2024-09-17,POS,not ironic,
22962639,20263,20263,1.8361151606975693e+18,2024-09-17,NEG,not ironic,
22962640,20264,20264,1.8361151587810383e+18,2024-09-17,NEG,not ironic,
22962641,20265,20265,1.8361151582187848e+18,2024-09-17,NEU,not ironic,
22962642,20266,20266,1.836115156591612e+18,2024-09-17,NEU,not ironic,
22962643,20267,20267,1.8361151549430413e+18,2024-09-17,NEU,not ironic,
22962644,20268,20268,1.83611515217476e+18,2024-09-17,NEG,not ironic,
22962645,20269,20269,1.836115152136984e+18,2024-09-17,NEG,not ironic,
22962646,20270,20270,1.8361151517849395e+18,2024-09-17,NEU,not ironic,
22962647,20271,20271,1.836115151348544e+18,2024-09-17,NEU,not ironic,
22962648,20272,20272,1.8361151512187825e+18,2024-09-17,POS,ironic,
22962649,20273,20273,1.836115151059325e+18,2024-09-17,NEU,not ironic,
22962650,20274,20274,1.836115149754897e+18,2024-09-17,NEG,not ironic,
22962651,20275,20275,1.836115149385831e+18,2024-09-17,NEG,not ironic,
22962652,20276,20276,1.836115149192614e+18,2024-09-17,POS,ironic,
22962653,20277,20277,1.8361151481398605e+18,2024-09-17,NEG,not ironic,
22962654,20278,20278,1.8361151471164416e+18,2024-09-17,NEG,not ironic,
22962655,20279,20279,1.836115144864072e+18,2024-09-17,NEU,not ironic,
22962656,20280,20280,1.8361151444992287e+18,2024-09-17,NEG,ironic,
22962657,20281,20281,1.8361151440128696e+18,2024-09-17,NEG,not ironic,
22962658,20282,20282,1.836115143236744e+18,2024-09-17,NEU,not ironic,
22962659,20283,20283,1.8361151431695444e+18,2024-09-17,NEG,not ironic,
22962660,20284,20284,1.836115143148626e+18,2024-09-17,NEG,ironic,
22962661,20285,20285,1.836115140879749e+18,2024-09-17,NEG,not ironic,
22962662,20286,20286,1.8361151377840952e+18,2024-09-17,NEU,ironic,
22962663,20287,20287,1.8361151371717555e+18,2024-09-17,POS,not ironic,
22962664,20288,20288,1.8361151355694697e+18,2024-09-17,POS,not ironic,
22962665,20289,20289,1.83611513403884e+18,2024-09-17,NEG,ironic,
22962666,20290,20290,1.8361151338037327e+18,2024-09-17,NEU,not ironic,
22962667,20291,20291,1.836115133652988e+18,2024-09-17,NEG,not ironic,
22962668,20292,20292,1.8361151314593423e+18,2024-09-17,NEG,not ironic,
22962669,20293,20293,1.836115131085767e+18,2024-09-17,NEG,not ironic,
22962670,20294,20294,1.8361151294206364e+18,2024-09-17,NEG,ironic,
22962671,20295,20295,1.8361151286196145e+18,2024-09-17,NEU,not ironic,
22962672,20296,20296,1.836115127927485e+18,2024-09-17,POS,not ironic,
22962673,20297,20297,1.8361151273530944e+18,2024-09-17,NEG,not ironic,
22962674,20298,20298,1.836115126795056e+18,2024-09-17,NEG,ironic,
22962675,20299,20299,1.836115126514012e+18,2024-09-17,NEU,not ironic,
22962676,20300,20300,1.836115126329504e+18,2024-09-17,NEG,not ironic,
22962677,20301,20301,1.83611512591453e+18,2024-09-17,NEU,not ironic,
22962678,20302,20302,1.836115123041116e+18,2024-09-17,NEU,not ironic,
22962679,20303,20303,1.8361151230075208e+18,2024-09-17,NEU,ironic,
22962680,20304,20304,1.8361151228778127e+18,2024-09-17,NEG,not ironic,
22962681,20305,20305,1.8361151219927985e+18,2024-09-17,NEG,not ironic,
22962682,20306,20306,1.836115121921278e+18,2024-09-17,NEU,not ironic,
22962683,20307,20307,1.8361151207806444e+18,2024-09-17,NEU,not ironic,
22962684,20308,20308,1.836115119471768e+18,2024-09-17,NEG,not ironic,
22962685,20309,20309,1.836115119295636e+18,2024-09-17,POS,ironic,
22962686,20310,20310,1.8361151185996068e+18,2024-09-17,NEU,not ironic,
22962687,20311,20311,1.836115118188328e+18,2024-09-17,NEG,ironic,
22962688,20312,20312,1.8361151178234268e+18,2024-09-17,NEU,not ironic,
22962689,20313,20313,1.8361151177689247e+18,2024-09-17,NEG,not ironic,
22962690,20314,20314,1.8361151174210888e+18,2024-09-17,POS,ironic,
22962691,20315,20315,1.836115115814343e+18,2024-09-17,NEG,not ironic,
22962692,20316,20316,1.8361151144388567e+18,2024-09-17,POS,not ironic,
22962693,20317,20317,1.8361151136123128e+18,2024-09-17,POS,not ironic,
22962694,20318,20318,1.8361151135496648e+18,2024-09-17,NEU,ironic,
22962695,20319,20319,1.836115113486484e+18,2024-09-17,NEG,not ironic,
22962696,20320,20320,1.8361151133735488e+18,2024-09-17,NEU,not ironic,
22962697,20321,20321,1.836115112605668e+18,2024-09-17,NEU,ironic,
22962698,20322,20322,1.8361151122281764e+18,2024-09-17,NEG,ironic,
22962699,20323,20323,1.836115111401935e+18,2024-09-17,NEG,not ironic,
22962700,20324,20324,1.836115110563108e+18,2024-09-17,NEU,not ironic,
22962701,20325,20325,1.8361151096993016e+18,2024-09-17,POS,not ironic,
22962702,20326,20326,1.836115107996116e+18,2024-09-17,NEG,not ironic,
22962703,20327,20327,1.836115107983856e+18,2024-09-17,NEG,not ironic,
22962704,20328,20328,1.8361151074382728e+18,2024-09-17,POS,not ironic,
22962705,20329,20329,1.8361151058405327e+18,2024-09-17,NEU,not ironic,
22962706,20330,20330,1.8361151051400847e+18,2024-09-17,NEG,not ironic,
22962707,20331,20331,1.836115104859067e+18,2024-09-17,NEU,ironic,
22962708,20332,20332,1.8361151048378816e+18,2024-09-17,NEU,ironic,
22962709,20333,20333,1.8361151044813087e+18,2024-09-17,NEG,ironic,
22962710,20334,20334,1.83611510428004e+18,2024-09-17,NEG,ironic,
22962711,20335,20335,1.8361151032272369e+18,2024-09-17,NEU,ironic,
22962712,20336,20336,1.836115102941988e+18,2024-09-17,NEG,not ironic,
22962713,20337,20337,1.8361151026570568e+18,2024-09-17,NEG,not ironic,
22962714,20338,20338,1.8361151015287887e+18,2024-09-17,NEG,ironic,
22962715,20339,20339,1.8361150997084613e+18,2024-09-17,NEU,not ironic,
22962716,20340,20340,1.8361150981814927e+18,2024-09-17,NEU,not ironic,
22962717,20341,20341,1.8361150970786327e+18,2024-09-17,NEG,not ironic,
22962718,20342,20342,1.8361150960298232e+18,2024-09-17,NEG,not ironic,
22962719,20343,20343,1.83611509546802e+18,2024-09-17,NEU,not ironic,
22962720,20344,20344,1.8361150950945423e+18,2024-09-17,NEU,not ironic,
22962721,20345,20345,1.8361150950231944e+18,2024-09-17,NEU,not ironic,
22962722,20346,20346,1.8361150938281088e+18,2024-09-17,NEG,ironic,
22962723,20347,20347,1.836115092221629e+18,2024-09-17,NEG,not ironic,
22962724,20348,20348,1.836115092120965e+18,2024-09-17,NEG,not ironic,
22962725,20349,20349,1.836115091546088e+18,2024-09-17,NEU,not ironic,
22962726,20350,20350,1.8361150897469888e+18,2024-09-17,POS,not ironic,
22962727,20351,20351,1.8361150883880305e+18,2024-09-17,POS,not ironic,
22962728,20352,20352,1.8361150880482964e+18,2024-09-17,NEU,not ironic,
22962729,20353,20353,1.836115086316049e+18,2024-09-17,NEG,not ironic,
22962730,20354,20354,1.8361150844829164e+18,2024-09-17,NEG,ironic,
22962731,20355,20355,1.8361150843531144e+18,2024-09-17,NEU,not ironic,
22962732,20356,20356,1.8361150841935296e+18,2024-09-17,NEG,ironic,
22962733,20357,20357,1.8361150841140388e+18,2024-09-17,NEG,not ironic,
22962734,20358,20358,1.8361150838497976e+18,2024-09-17,NEG,not ironic,
22962735,20359,20359,1.836115082238944e+18,2024-09-17,NEG,not ironic,
22962736,20360,20360,1.8361150815135457e+18,2024-09-17,NEG,not ironic,
22962737,20361,20361,1.8361150809093164e+18,2024-09-17,NEU,not ironic,
22962738,20362,20362,1.8361150800749243e+18,2024-09-17,NEG,ironic,
22962739,20363,20363,1.8361150791269868e+18,2024-09-17,NEU,ironic,
22962740,20364,20364,1.8361150788919503e+18,2024-09-17,NEG,ironic,
22962741,20365,20365,1.8361150784223603e+18,2024-09-17,NEU,not ironic,
22962742,20366,20366,1.8361150779397407e+18,2024-09-17,NEU,ironic,
22962743,20367,20367,1.836115076652089e+18,2024-09-17,NEU,not ironic,
22962744,20368,20368,1.836115076014838e+18,2024-09-17,NEG,not ironic,
22962745,20369,20369,1.836115075712848e+18,2024-09-17,NEU,not ironic,
22962746,20370,20370,1.836115074748212e+18,2024-09-17,NEG,not ironic,
22962747,20371,20371,1.83611507443778e+18,2024-09-17,NEU,ironic,
22962748,20372,20372,1.836115073913492e+18,2024-09-17,NEU,not ironic,
22962749,20373,20373,1.8361150738671004e+18,2024-09-17,NEG,not ironic,
22962750,20374,20374,1.8361150730660047e+18,2024-09-17,NEG,ironic,
22962751,20375,20375,1.836115072973726e+18,2024-09-17,NEU,ironic,
22962752,20376,20376,1.8361150727726164e+18,2024-09-17,NEU,not ironic,
22962753,20377,20377,1.836115072399144e+18,2024-09-17,NEG,not ironic,
22962754,20378,20378,1.83611507157307e+18,2024-09-17,NEG,not ironic,
22962755,20379,20379,1.836115070763336e+18,2024-09-17,NEU,ironic,
22962756,20380,20380,1.8361150706962063e+18,2024-09-17,NEU,ironic,
22962757,20381,20381,1.836115069895152e+18,2024-09-17,NEG,not ironic,
22962758,20382,20382,1.8361150696686228e+18,2024-09-17,NEG,ironic,
22962759,20383,20383,1.836115069144593e+18,2024-09-17,NEG,not ironic,
22962760,20384,20384,1.8361150687458225e+18,2024-09-17,NEU,not ironic,
22962761,20385,20385,1.8361150686620385e+18,2024-09-17,NEU,not ironic,
22962762,20386,20386,1.8361150676766103e+18,2024-09-17,POS,ironic,
22962763,20387,20387,1.8361150661540288e+18,2024-09-17,NEG,not ironic,
22962764,20388,20388,1.83611506516838e+18,2024-09-17,NEG,not ironic,
22962765,20389,20389,1.8361150633561367e+18,2024-09-17,NEG,not ironic,
22962766,20390,20390,1.8361150623581844e+18,2024-09-17,NEG,not ironic,
22962767,20391,20391,1.8361150615274127e+18,2024-09-17,NEU,not ironic,
22962768,20392,20392,1.8361150605125007e+18,2024-09-17,NEG,ironic,
22962769,20393,20393,1.836115059971633e+18,2024-09-17,NEU,not ironic,
22962770,20394,20394,1.83611505948908e+18,2024-09-17,NEG,not ironic,
22962771,20395,20395,1.8361150580464148e+18,2024-09-17,NEG,not ironic,
22962772,20396,20396,1.8361150557186007e+18,2024-09-17,NEG,not ironic,
22962773,20397,20397,1.836115055538266e+18,2024-09-17,NEG,not ironic,
22962774,20398,20398,1.836115053638226e+18,2024-09-17,NEG,ironic,
22962775,20399,20399,1.8361150534285112e+18,2024-09-17,NEG,not ironic,
22962776,20400,20400,1.836115053285905e+18,2024-09-17,NEG,not ironic,
22962777,20401,20401,1.8361150532856632e+18,2024-09-17,NEU,not ironic,
22962778,20402,20402,1.8361150526145367e+18,2024-09-17,NEU,ironic,
22962779,20403,20403,1.8361150525349235e+18,2024-09-17,NEG,not ironic,
22962780,20404,20404,1.8361150521658289e+18,2024-09-17,NEG,ironic,
22962781,20405,20405,1.8361150514026624e+18,2024-09-17,NEU,not ironic,
22962782,20406,20406,1.836115051184317e+18,2024-09-17,NEG,ironic,
22962783,20407,20407,1.8361150510123128e+18,2024-09-17,POS,not ironic,
22962784,20408,20408,1.8361150509035889e+18,2024-09-17,POS,ironic,
22962785,20409,20409,1.836114899128492e+18,2024-09-17,NEU,ironic,
22962786,20410,20410,1.83611489871322e+18,2024-09-17,NEU,not ironic,
22962787,20411,20411,1.836114897559864e+18,2024-09-17,NEG,ironic,
22962788,20412,20412,1.8361148968300544e+18,2024-09-17,NEG,not ironic,
22962789,20413,20413,1.8361148954500508e+18,2024-09-17,NEU,not ironic,
22962790,20414,20414,1.836114895433273e+18,2024-09-17,NEG,ironic,
22962791,20415,20415,1.836114893667472e+18,2024-09-17,NEU,not ironic,
22962792,20416,20416,1.8361148910838413e+18,2024-09-17,POS,not ironic,
22962793,20417,20417,1.8361148910335145e+18,2024-09-17,NEG,ironic,
22962794,20418,20418,1.836114886218388e+18,2024-09-17,NEG,not ironic,
22962795,20419,20419,1.836114882845913e+18,2024-09-17,NEU,not ironic,
22962796,20420,20420,1.836114880211857e+18,2024-09-17,NEG,ironic,
22962797,20421,20421,1.836114879725318e+18,2024-09-17,POS,ironic,
22962798,20422,20422,1.8361148793730908e+18,2024-09-17,NEG,not ironic,
22962799,20423,20423,1.836114879217812e+18,2024-09-17,NEG,ironic,
22962800,20424,20424,1.8361148788655724e+18,2024-09-17,NEG,ironic,
22962801,20425,20425,1.8361148788026783e+18,2024-09-17,POS,not ironic,
22962802,20426,20426,1.8361148767725647e+18,2024-09-17,NEU,not ironic,
22962803,20427,20427,1.8361148764037164e+18,2024-09-17,NEG,ironic,
22962804,20428,20428,1.8361148750154007e+18,2024-09-17,NEU,ironic,
22962805,20429,20429,1.836114873937265e+18,2024-09-17,NEG,ironic,
22962806,20430,20430,1.8361148736019297e+18,2024-09-17,NEG,ironic,
22962807,20431,20431,1.836114872972849e+18,2024-09-17,NEU,ironic,
22962808,20432,20432,1.8361148728091976e+18,2024-09-17,NEG,ironic,
22962809,20433,20433,1.8361148727086e+18,2024-09-17,NEG,not ironic,
22962810,20434,20434,1.8361148723979515e+18,2024-09-17,NEG,ironic,
22962811,20435,20435,1.8361148717899817e+18,2024-09-17,POS,ironic,
22962812,20436,20436,1.836114871676736e+18,2024-09-17,NEG,ironic,
22962813,20437,20437,1.8361148691811249e+18,2024-09-17,POS,ironic,
22962814,20438,20438,1.836114868052616e+18,2024-09-17,POS,not ironic,
22962815,20439,20439,1.836114863011271e+18,2024-09-17,NEG,ironic,
22962816,20440,20440,1.8361148605574144e+18,2024-09-17,NEU,not ironic,
22962817,20441,20441,1.8361148598653207e+18,2024-09-17,NEG,not ironic,
22962818,20442,20442,1.8361148592741788e+18,2024-09-17,NEG,ironic,
22962819,20443,20443,1.8361148569712968e+18,2024-09-17,NEG,ironic,
22962820,20444,20444,1.836114856254001e+18,2024-09-17,NEU,not ironic,
22962821,20445,20445,1.836114855373189e+18,2024-09-17,NEG,not ironic,
22962822,20446,20446,1.8361148545133568e+18,2024-09-17,POS,not ironic,
22962823,20447,20447,1.8361148538383608e+18,2024-09-17,POS,ironic,
22962824,20448,20448,1.8361148531714665e+18,2024-09-17,NEU,not ironic,
22962825,20449,20449,1.8361148513343608e+18,2024-09-17,NEG,ironic,
22962826,20450,20450,1.8361148506966144e+18,2024-09-17,NEU,ironic,
22962827,20451,20451,1.8361148480125087e+18,2024-09-17,NEG,not ironic,
22962828,20452,20452,1.8361148468884e+18,2024-09-17,NEG,ironic,
22962829,20453,20453,1.8361148468087035e+18,2024-09-17,NEU,not ironic,
22962830,20454,20454,1.8361148465694108e+18,2024-09-17,NEG,ironic,
22962831,20455,20455,1.8361148458857147e+18,2024-09-17,NEU,ironic,
22962832,20456,20456,1.836114845877572e+18,2024-09-17,NEG,ironic,
22962833,20457,20457,1.8361148443295867e+18,2024-09-17,NEU,ironic,
22962834,20458,20458,1.8361148421530296e+18,2024-09-17,NEU,ironic,
22962835,20459,20459,1.836114841997648e+18,2024-09-17,NEG,ironic,
22962836,20460,20460,1.8361148392170168e+18,2024-09-17,NEG,not ironic,
22962837,20461,20461,1.836114837534909e+18,2024-09-17,NEG,ironic,
22962838,20462,20462,1.8361148366918085e+18,2024-09-17,NEU,not ironic,
22962839,20463,20463,1.8361148361591688e+18,2024-09-17,NEG,ironic,
22962840,20464,20464,1.8361148323254769e+18,2024-09-17,NEU,not ironic,
22962841,20465,20465,1.8361148294191232e+18,2024-09-17,NEU,not ironic,
22962842,20466,20466,1.836114829402072e+18,2024-09-17,NEU,not ironic,
22962843,20467,20467,1.8361148290833577e+18,2024-09-17,NEG,not ironic,
22962844,20468,20468,1.8361148287855693e+18,2024-09-17,NEU,ironic,
22962845,20469,20469,1.83611482869348e+18,2024-09-17,NEG,not ironic,
22962846,20470,20470,1.836114828596806e+18,2024-09-17,NEG,not ironic,
22962847,20471,20471,1.836114828437402e+18,2024-09-17,NEU,not ironic,
22962848,20472,20472,1.836114827615572e+18,2024-09-17,NEG,ironic,
22962849,20473,20473,1.8361148243898616e+18,2024-09-17,NEG,ironic,
22962850,20474,20474,1.8361148242559345e+18,2024-09-17,NEU,not ironic,
22962851,20475,20475,1.8361148237649595e+18,2024-09-17,NEG,ironic,
22962852,20476,20476,1.836114822565364e+18,2024-09-17,POS,ironic,
22962853,20477,20477,1.83611482250691e+18,2024-09-17,NEG,not ironic,
22962854,20478,20478,1.8361148192731016e+18,2024-09-17,NEG,not ironic,
22962855,20479,20479,1.8361148189710912e+18,2024-09-17,NEU,not ironic,
22962856,20480,20480,1.8361148188031096e+18,2024-09-17,NEU,not ironic,
22962857,20481,20481,1.836114818463601e+18,2024-09-17,NEG,ironic,
22962858,20482,20482,1.8361148180900457e+18,2024-09-17,NEG,ironic,
22962859,20483,20483,1.8361148179393167e+18,2024-09-17,NEU,not ironic,
22962860,20484,20484,1.8361148178219256e+18,2024-09-17,NEU,not ironic,
22962861,20485,20485,1.836114815737308e+18,2024-09-17,NEG,ironic,
22962862,20486,20486,1.8361148133504576e+18,2024-09-17,POS,ironic,
22962863,20487,20487,1.83611481315786e+18,2024-09-17,NEU,ironic,
22962864,20488,20488,1.8361148123102825e+18,2024-09-17,NEG,ironic,
22962865,20489,20489,1.8361148110690345e+18,2024-09-17,NEG,ironic,
22962866,20490,20490,1.836114809353392e+18,2024-09-17,NEG,ironic,
22962867,20491,20491,1.8361148087789527e+18,2024-09-17,NEG,ironic,
22962868,20492,20492,1.836114807122203e+18,2024-09-17,NEG,not ironic,
22962869,20493,20493,1.8361148070047624e+18,2024-09-17,NEU,not ironic,
22962870,20494,20494,1.8361148069290724e+18,2024-09-17,NEG,not ironic,
22962871,20495,20495,1.8361148057420232e+18,2024-09-17,NEG,ironic,
22962872,20496,20496,1.8361148052764303e+18,2024-09-17,NEU,ironic,
22962873,20497,20497,1.8361148038380628e+18,2024-09-17,NEU,ironic,
22962874,20498,20498,1.8361148037581207e+18,2024-09-17,NEG,not ironic,
22962875,20499,20499,1.836114803149988e+18,2024-09-17,NEU,not ironic,
22962876,20500,20500,1.836114802709553e+18,2024-09-17,NEG,not ironic,
22962877,20501,20501,1.8361148024327823e+18,2024-09-17,NEG,ironic,
22962878,20502,20502,1.8361148016736013e+18,2024-09-17,NEG,ironic,
22962879,20503,20503,1.836114801178874e+18,2024-09-17,NEG,ironic,
22962880,20504,20504,1.836114801170556e+18,2024-09-17,NEU,not ironic,
22962881,20505,20505,1.836114801132516e+18,2024-09-17,NEG,not ironic,
22962882,20506,20506,1.836114801107325e+18,2024-09-17,NEG,ironic,
22962883,20507,20507,1.836114800834941e+18,2024-09-17,NEG,not ironic,
22962884,20508,20508,1.8361147985029084e+18,2024-09-17,NEU,not ironic,
22962885,20509,20509,1.8361147978525448e+18,2024-09-17,NEU,not ironic,
22962886,20510,20510,1.836114797269561e+18,2024-09-17,NEU,not ironic,
22962887,20511,20511,1.8361147970555825e+18,2024-09-17,NEU,ironic,
22962888,20512,20512,1.836114797038884e+18,2024-09-17,NEG,not ironic,
22962889,20513,20513,1.8361147964684088e+18,2024-09-17,POS,not ironic,
22962890,20514,20514,1.8361147959150223e+18,2024-09-17,NEG,not ironic,
22962891,20516,20516,1.8361147951222991e+18,2024-09-17,POS,not ironic,
22962892,20517,20517,1.8361147938679567e+18,2024-09-17,POS,ironic,
22962893,20518,20518,1.836114792429265e+18,2024-09-17,NEU,not ironic,
22962894,20519,20519,1.836114792055964e+18,2024-09-17,NEG,ironic,
22962895,20520,20520,1.83611479119648e+18,2024-09-17,NEU,not ironic,
22962896,20521,20521,1.8361147907854213e+18,2024-09-17,NEG,ironic,
22962897,20522,20522,1.8361147905966449e+18,2024-09-17,NEU,not ironic,
22962898,20523,20523,1.836114788843496e+18,2024-09-17,NEG,not ironic,
22962899,20524,20524,1.836114788331692e+18,2024-09-17,NEU,not ironic,
22962900,20525,20525,1.8361147880798413e+18,2024-09-17,NEG,not ironic,
22962901,20526,20526,1.8361147862933297e+18,2024-09-17,NEU,ironic,
22962902,20527,20527,1.836114786234356e+18,2024-09-17,NEG,ironic,
22962903,20528,20528,1.836114785336738e+18,2024-09-17,NEU,not ironic,
22962904,20529,20529,1.8361147825978168e+18,2024-09-17,NEU,ironic,
22962905,20530,20530,1.8361147809707167e+18,2024-09-17,NEG,ironic,
22962906,20531,20531,1.8361147792424264e+18,2024-09-17,NEG,ironic,
22962907,20532,20532,1.8361147789824207e+18,2024-09-17,NEG,not ironic,
22962908,20533,20533,1.8361147775773207e+18,2024-09-17,NEU,ironic,
22962909,20534,20534,1.8361147762521247e+18,2024-09-17,POS,not ironic,
22962910,20535,20535,1.8361147740753388e+18,2024-09-17,NEG,not ironic,
22962911,20536,20536,1.8361147740331287e+18,2024-09-17,NEG,not ironic,
22962912,20537,20537,1.8361147740123592e+18,2024-09-17,POS,ironic,
22962913,20538,20538,1.8361147734042007e+18,2024-09-17,NEG,not ironic,
22962914,20539,20539,1.8361147719740088e+18,2024-09-17,NEG,not ironic,
22962915,20540,20540,1.8361147684255465e+18,2024-09-17,NEG,ironic,
22962916,20541,20541,1.8361147679430287e+18,2024-09-17,NEU,not ironic,
22962917,20542,20542,1.8361147663074145e+18,2024-09-17,NEU,not ironic,
22962918,20543,20543,1.8361147648017165e+18,2024-09-17,NEG,ironic,
22962919,20544,20544,1.8361147628133128e+18,2024-09-17,NEG,not ironic,
22962920,20545,20545,1.836114762544932e+18,2024-09-17,NEG,ironic,
22962921,20546,20546,1.8361147615930327e+18,2024-09-17,POS,not ironic,
22962922,20547,20547,1.836114761496564e+18,2024-09-17,NEU,not ironic,
22962923,20548,20548,1.8361147603974188e+18,2024-09-17,NEG,not ironic,
22962924,20549,20549,1.8361147596801395e+18,2024-09-17,NEG,not ironic,
22962925,20550,20550,1.8361147595585288e+18,2024-09-17,NEG,ironic,
22962926,20551,20551,1.8361147591226447e+18,2024-09-17,NEG,ironic,
22962927,20552,20552,1.836114758107566e+18,2024-09-17,NEG,not ironic,
22962928,20553,20553,1.8361147579731643e+18,2024-09-17,NEG,not ironic,
22962929,20554,20554,1.836114756152984e+18,2024-09-17,NEG,ironic,
22962930,20555,20555,1.83611475609018e+18,2024-09-17,NEG,ironic,
22962931,20556,20556,1.8361147546892447e+18,2024-09-17,NEG,not ironic,
22962932,20557,20557,1.8361147545924608e+18,2024-09-17,NEU,not ironic,
22962933,20558,20558,1.836114754257236e+18,2024-09-17,NEG,not ironic,
22962934,20559,20559,1.8361147501591475e+18,2024-09-17,POS,not ironic,
22962935,20560,20560,1.8361147493624056e+18,2024-09-17,NEG,ironic,
22962936,20561,20561,1.8361147484352307e+18,2024-09-17,NEU,not ironic,
22962937,20562,20562,1.8361147478399096e+18,2024-09-17,NEU,not ironic,
22962938,20563,20563,1.8361147465732303e+18,2024-09-17,NEG,ironic,
22962939,20564,20564,1.8361147463129787e+18,2024-09-17,NEG,not ironic,
22962940,20565,20565,1.8361147455914724e+18,2024-09-17,NEG,not ironic,
22962941,20566,20566,1.836114745167933e+18,2024-09-17,NEU,not ironic,
22962942,20567,20567,1.8361147446354616e+18,2024-09-17,NEG,ironic,
22962943,20568,20568,1.8361147441193413e+18,2024-09-17,NEU,not ironic,
22962944,20569,20569,1.8361147432429527e+18,2024-09-17,NEG,not ironic,
22962945,20570,20570,1.8361147427812844e+18,2024-09-17,NEU,ironic,
22962946,20571,20571,1.83611474164492e+18,2024-09-17,POS,ironic,
22962947,20572,20572,1.8361147413552287e+18,2024-09-17,NEG,ironic,
22962948,20573,20573,1.836114741237842e+18,2024-09-17,POS,ironic,
22962949,20574,20574,1.8361147412168625e+18,2024-09-17,POS,ironic,
22962950,20575,20575,1.8361147404450985e+18,2024-09-17,NEG,not ironic,
22962951,20576,20576,1.836114740067652e+18,2024-09-17,NEG,ironic,
22962952,20577,20577,1.836114739341992e+18,2024-09-17,NEU,not ironic,
22962953,20578,20578,1.8361147390989809e+18,2024-09-17,NEG,not ironic,
22962954,20579,20579,1.8361147386666844e+18,2024-09-17,NEU,not ironic,
22962955,20580,20580,1.8361147384153088e+18,2024-09-17,NEG,ironic,
22962956,20581,20581,1.83611473802102e+18,2024-09-17,NEG,ironic,
22962957,20582,20582,1.8361147377145613e+18,2024-09-17,NEU,not ironic,
22962958,20583,20583,1.836114737500952e+18,2024-09-17,NEU,not ironic,
22962959,20584,20584,1.8361147367585587e+18,2024-09-17,POS,ironic,
22962960,20585,20585,1.8361147367163784e+18,2024-09-17,NEU,not ironic,
22962961,20586,20586,1.8361147367079688e+18,2024-09-17,NEG,not ironic,
22962962,20587,20587,1.8361147361461783e+18,2024-09-17,POS,ironic,
22962963,20588,20588,1.8361147353073293e+18,2024-09-17,NEG,ironic,
22962964,20589,20589,1.836114732572389e+18,2024-09-17,NEG,not ironic,
22962965,20590,20590,1.8361147305800832e+18,2024-09-17,NEG,not ironic,
22962966,20591,20591,1.836114730101969e+18,2024-09-17,NEG,not ironic,
22962967,20592,20592,1.8361147300141588e+18,2024-09-17,NEG,not ironic,
22962968,20593,20593,1.8361147295276564e+18,2024-09-17,NEU,not ironic,
22962969,20594,20594,1.836114729506616e+18,2024-09-17,NEG,not ironic,
22962970,20595,20595,1.8361147293218573e+18,2024-09-17,POS,ironic,
22962971,20596,20596,1.8361147287387791e+18,2024-09-17,NEG,ironic,
22962972,20597,20597,1.836114726243448e+18,2024-09-17,NEU,not ironic,
22962973,20598,20598,1.8361147261008325e+18,2024-09-17,NEG,not ironic,
22962974,20599,20599,1.8361147260966385e+18,2024-09-17,NEG,ironic,
22962975,20600,20600,1.836114726088323e+18,2024-09-17,NEG,ironic,
22962976,20601,20601,1.8361147249135985e+18,2024-09-17,NEG,not ironic,
22962977,20602,20602,1.836114724359983e+18,2024-09-17,NEG,not ironic,
22962978,20603,20603,1.8361147234877809e+18,2024-09-17,POS,not ironic,
22962979,20604,20604,1.836114722393068e+18,2024-09-17,NEU,ironic,
22962980,20605,20605,1.8361147218895588e+18,2024-09-17,POS,not ironic,
22962981,20606,20606,1.8361147218811407e+18,2024-09-17,NEG,not ironic,
22962982,20607,20607,1.836114721533244e+18,2024-09-17,NEG,not ironic,
22962983,20608,20608,1.8361147198680965e+18,2024-09-17,NEU,not ironic,
22962984,20609,20609,1.836114718664143e+18,2024-09-17,NEG,not ironic,
22962985,20610,20610,1.8361147181148777e+18,2024-09-17,NEU,not ironic,
22962986,20611,20611,1.836114717707752e+18,2024-09-17,NEU,not ironic,
22962987,20612,20612,1.8361147176618929e+18,2024-09-17,NEU,not ironic,
22962988,20613,20613,1.836114717250852e+18,2024-09-17,NEU,not ironic,
22962989,20614,20614,1.83611471711244e+18,2024-09-17,NEG,ironic,
22962990,20615,20615,1.836114715032064e+18,2024-09-17,NEG,not ironic,
22962991,20616,20616,1.8361147134505487e+18,2024-09-17,NEG,ironic,
22962992,20617,20617,1.836114713354097e+18,2024-09-17,NEG,not ironic,
22962993,20618,20618,1.836114712670491e+18,2024-09-17,NEU,not ironic,
22962994,20619,20619,1.836114711613768e+18,2024-09-17,NEG,not ironic,
22962995,20620,20620,1.836114709285614e+18,2024-09-17,NEG,not ironic,
22962996,20621,20621,1.836114709176816e+18,2024-09-17,NEG,ironic,
22962997,20622,20622,1.8361147090256205e+18,2024-09-17,NEG,not ironic,
22962998,20623,20623,1.836114708744593e+18,2024-09-17,NEG,not ironic,
22962999,20624,20624,1.836114705397748e+18,2024-09-17,NEG,not ironic,
22963000,20625,20625,1.836114705255141e+18,2024-09-17,NEU,ironic,
22963001,20626,20626,1.8361147046847163e+18,2024-09-17,NEG,not ironic,
22963002,20627,20627,1.83611470310738e+18,2024-09-17,NEG,ironic,
22963003,20628,20628,1.836114702838928e+18,2024-09-17,POS,not ironic,
22963004,20629,20629,1.836114700750205e+18,2024-09-17,NEG,not ironic,
22963005,20630,20630,1.836114700435948e+18,2024-09-17,NEG,ironic,
22963006,20631,20631,1.8361147001549207e+18,2024-09-17,NEG,ironic,
22963007,20632,20632,1.836114699462513e+18,2024-09-17,NEG,ironic,
22963008,20633,20633,1.8361146993577004e+18,2024-09-17,POS,ironic,
22963009,20634,20634,1.8361146989760348e+18,2024-09-17,NEU,not ironic,
22963010,20635,20635,1.836114698921464e+18,2024-09-17,NEG,not ironic,
22963011,20636,20636,1.8361146987288044e+18,2024-09-17,NEG,not ironic,
22963012,20637,20637,1.8361146986952504e+18,2024-09-17,NEG,ironic,
22963013,20638,20638,1.8361146985400607e+18,2024-09-17,POS,not ironic,
22963014,20639,20639,1.836114698531644e+18,2024-09-17,NEG,ironic,
22963015,20640,20640,1.8361146977596247e+18,2024-09-17,NEG,ironic,
22963016,20641,20641,1.8361146977012247e+18,2024-09-17,NEU,ironic,
22963017,20642,20642,1.836114697457967e+18,2024-09-17,NEG,not ironic,
22963018,20643,20643,1.8361146973821747e+18,2024-09-17,POS,not ironic,
22963019,20644,20644,1.8361146971853624e+18,2024-09-17,NEU,not ironic,
22963020,20645,20645,1.8361146970927844e+18,2024-09-17,NEG,not ironic,
22963021,20646,20646,1.8361146970130355e+18,2024-09-17,NEG,ironic,
22963022,20647,20647,1.8361146964806577e+18,2024-09-17,POS,not ironic,
22963023,20648,20648,1.8361146963335744e+18,2024-09-17,NEG,not ironic,
22963024,20649,20649,1.836114693703848e+18,2024-09-17,NEG,not ironic,
22963025,20650,20650,1.83611469161946e+18,2024-09-17,NEG,not ironic,
22963026,20651,20651,1.8361146913633528e+18,2024-09-17,NEG,not ironic,
22963027,20652,20652,1.836114691132699e+18,2024-09-17,POS,ironic,
22963028,20653,20653,1.8361146906336177e+18,2024-09-17,NEG,not ironic,
22963029,20654,20654,1.836114689132024e+18,2024-09-17,NEG,ironic,
22963030,20655,20655,1.8361146885909668e+18,2024-09-17,NEU,not ironic,
22963031,20656,20656,1.836114688461116e+18,2024-09-17,NEU,ironic,
22963032,20657,20657,1.8361146877855744e+18,2024-09-17,NEG,not ironic,
22963033,20658,20658,1.8361146870348352e+18,2024-09-17,POS,not ironic,
22963034,20659,20659,1.8361146856045368e+18,2024-09-17,NEU,not ironic,
22963035,20660,20660,1.836114683259974e+18,2024-09-17,NEG,ironic,
22963036,20661,20661,1.8361146827356613e+18,2024-09-17,POS,not ironic,
22963037,20662,20662,1.836114679615108e+18,2024-09-17,NEG,ironic,
22963038,20663,20663,1.836114679418233e+18,2024-09-17,NEG,ironic,
22963039,20664,20664,1.836114677857948e+18,2024-09-17,NEG,not ironic,
22963040,20665,20665,1.8361146770776023e+18,2024-09-17,NEG,not ironic,
22963041,20666,20666,1.836114676243112e+18,2024-09-17,NEG,not ironic,
22963042,20667,20667,1.8361146755343035e+18,2024-09-17,NEG,ironic,
22963043,20668,20668,1.8361146737263616e+18,2024-09-17,NEG,ironic,
22963044,20669,20669,1.8361146736215163e+18,2024-09-17,NEU,ironic,
22963045,20670,20670,1.836114672895796e+18,2024-09-17,NEG,not ironic,
22963046,20671,20671,1.836114672698954e+18,2024-09-17,NEU,not ironic,
22963047,20672,20672,1.8361146725102223e+18,2024-09-17,POS,ironic,
22963048,20673,20673,1.8361146713900567e+18,2024-09-17,POS,ironic,
22963049,20674,20674,1.8361146707860603e+18,2024-09-17,NEU,ironic,
22963050,20675,20675,1.83611466635722e+18,2024-09-17,NEU,not ironic,
22963051,20676,20676,1.8361146656984108e+18,2024-09-17,POS,not ironic,
22963052,20677,20677,1.8361146656734948e+18,2024-09-17,NEG,not ironic,
22963053,20678,20678,1.836114664360408e+18,2024-09-17,POS,ironic,
22963054,20679,20679,1.8361146638696817e+18,2024-09-17,NEG,not ironic,
22963055,20680,20680,1.836114663094043e+18,2024-09-17,NEG,ironic,
22963056,20681,20681,1.836114662242554e+18,2024-09-17,NEG,not ironic,
22963057,20682,20682,1.8361146602961024e+18,2024-09-17,POS,not ironic,
22963058,20683,20683,1.8361146594447647e+18,2024-09-17,NEG,not ironic,
22963059,20684,20684,1.836114659092632e+18,2024-09-17,NEG,ironic,
22963060,20685,20685,1.8361146581528904e+18,2024-09-17,NEU,not ironic,
22963061,20686,20686,1.8361146579895337e+18,2024-09-17,NEU,not ironic,
22963062,20687,20687,1.8361146573476088e+18,2024-09-17,NEG,not ironic,
22963063,20688,20688,1.8361146555984847e+18,2024-09-17,NEU,not ironic,
22963064,20689,20689,1.8361146552798129e+18,2024-09-17,NEU,not ironic,
22963065,20690,20690,1.836114655250428e+18,2024-09-17,NEG,ironic,
22963066,20691,20691,1.8361146549738417e+18,2024-09-17,NEU,ironic,
22963067,20692,20692,1.8361146547934705e+18,2024-09-17,NEG,not ironic,
22963068,20693,20693,1.836114654226944e+18,2024-09-17,NEG,not ironic,
22963069,20694,20694,1.836114653791032e+18,2024-09-17,NEU,ironic,
22963070,20695,20695,1.836114653757244e+18,2024-09-17,NEG,not ironic,
22963071,20696,20696,1.8361146535139487e+18,2024-09-17,NEG,not ironic,
22963072,20697,20697,1.8361146534261148e+18,2024-09-17,NEG,not ironic,
22963073,20698,20698,1.8361146533380465e+18,2024-09-17,NEG,not ironic,
22963074,20699,20699,1.836114651895013e+18,2024-09-17,NEG,not ironic,
22963075,20700,20700,1.8361146509472937e+18,2024-09-17,NEG,ironic,
22963076,20701,20701,1.836114648330048e+18,2024-09-17,NEG,ironic,
22963077,20702,20702,1.8361146477803564e+18,2024-09-17,NEU,not ironic,
22963078,20703,20703,1.8361146461573985e+18,2024-09-17,NEG,ironic,
22963079,20704,20704,1.8361146430075167e+18,2024-09-17,NEU,not ironic,
22963080,20705,20705,1.8361146412582543e+18,2024-09-17,NEG,ironic,
22963081,20706,20706,1.8361146408220145e+18,2024-09-17,NEU,not ironic,
22963082,20707,20707,1.8361146400421115e+18,2024-09-17,NEU,ironic,
22963083,20708,20708,1.8361146394632768e+18,2024-09-17,NEG,ironic,
22963084,20709,20709,1.836114637848281e+18,2024-09-17,NEU,ironic,
22963085,20710,20710,1.836114637299028e+18,2024-09-17,NEG,not ironic,
22963086,20711,20711,1.8361146356042552e+18,2024-09-17,NEG,not ironic,
22963087,20712,20712,1.8361146346269647e+18,2024-09-17,NEG,ironic,
22963088,20713,20713,1.836114634266256e+18,2024-09-17,NEG,ironic,
22963089,20714,20714,1.836114633960391e+18,2024-09-17,NEG,not ironic,
22963090,20715,20715,1.83611463376724e+18,2024-09-17,NEU,ironic,
22963091,20716,20716,1.8361146337042227e+18,2024-09-17,NEG,not ironic,
22963092,20717,20717,1.836114631678468e+18,2024-09-17,NEG,not ironic,
22963093,20718,20718,1.8361146304707013e+18,2024-09-17,NEU,ironic,
22963094,20719,20719,1.8361146278406392e+18,2024-09-17,NEG,not ironic,
22963095,20720,20720,1.8361146266620027e+18,2024-09-17,NEG,ironic,
22963096,20721,20721,1.836114626200977e+18,2024-09-17,NEG,not ironic,
22963097,20722,20722,1.836114625563079e+18,2024-09-17,NEG,not ironic,
22963098,20723,20723,1.836114625173095e+18,2024-09-17,NEG,not ironic,
22963099,20724,20724,1.8361146239905016e+18,2024-09-17,NEU,not ironic,
22963100,20725,20725,1.8361146208909192e+18,2024-09-17,NEG,not ironic,
22963101,20726,20726,1.836114619527492e+18,2024-09-17,NEU,not ironic,
22963102,20727,20727,1.8361146168053844e+18,2024-09-17,NEG,ironic,
22963103,20728,20728,1.836114616608232e+18,2024-09-17,POS,ironic,
22963104,20729,20729,1.8361146157568988e+18,2024-09-17,NEG,not ironic,
22963105,20730,20730,1.836114614813148e+18,2024-09-17,NEG,ironic,
22963106,20731,20731,1.836114614469432e+18,2024-09-17,NEG,ironic,
22963107,20732,20732,1.836114613953524e+18,2024-09-17,NEG,ironic,
22963108,20733,20733,1.8361146135968115e+18,2024-09-17,NEG,not ironic,
22963109,20734,20734,1.836114613404112e+18,2024-09-17,NEU,ironic,
22963110,20735,20735,1.8361146132234527e+18,2024-09-17,NEU,not ironic,
22963111,20736,20736,1.8361146116131103e+18,2024-09-17,NEG,not ironic,
22963112,20737,20737,1.836114610178372e+18,2024-09-17,NEU,not ironic,
22963113,20738,20738,1.836114609863889e+18,2024-09-17,NEU,ironic,
22963114,20739,20739,1.836114609729618e+18,2024-09-17,NEG,not ironic,
22963115,20740,20740,1.836114609419244e+18,2024-09-17,NEG,not ironic,
22963116,20741,20741,1.8361146089414003e+18,2024-09-17,NEG,ironic,
22963117,20742,20742,1.836114608287028e+18,2024-09-17,NEU,not ironic,
22963118,20743,20743,1.8361146057701624e+18,2024-09-17,POS,not ironic,
22963119,20744,20744,1.8361146056569e+18,2024-09-17,NEG,ironic,
22963120,20745,20745,1.8361146053635604e+18,2024-09-17,NEG,not ironic,
22963121,20746,20746,1.8361146044448568e+18,2024-09-17,NEG,not ironic,
22963122,20747,20747,1.836114604197368e+18,2024-09-17,POS,ironic,
22963123,20748,20748,1.8361146036020224e+18,2024-09-17,NEG,not ironic,
22963124,20749,20749,1.8361146035391e+18,2024-09-17,NEG,ironic,
22963125,20750,20750,1.8361146020540787e+18,2024-09-17,NEG,ironic,
22963126,20751,20751,1.8361145995291405e+18,2024-09-17,NEU,ironic,
22963127,20752,20752,1.8361145987365967e+18,2024-09-17,NEG,ironic,
22963128,20753,20753,1.836114598535332e+18,2024-09-17,NEG,ironic,
22963129,20754,20754,1.8361145982878804e+18,2024-09-17,POS,ironic,
22963130,20755,20755,1.8361145978010668e+18,2024-09-17,NEU,not ironic,
22963131,20756,20756,1.8361145971592645e+18,2024-09-17,NEU,not ironic,
22963132,20757,20757,1.8361145958171768e+18,2024-09-17,NEU,not ironic,
22963133,20758,20758,1.836114594512933e+18,2024-09-17,NEU,not ironic,
22963134,20759,20759,1.83611459396742e+18,2024-09-17,NEG,ironic,
22963135,20760,20760,1.83611459229814e+18,2024-09-17,NEU,ironic,
22963136,20761,20761,1.8361145920548536e+18,2024-09-17,POS,not ironic,
22963137,20762,20762,1.8361145915265764e+18,2024-09-17,POS,ironic,
22963138,20763,20763,1.8361145913000965e+18,2024-09-17,NEG,ironic,
22963139,20764,20764,1.83611459064968e+18,2024-09-17,NEG,ironic,
22963140,20765,20765,1.8361145906245512e+18,2024-09-17,NEU,ironic,
22963141,20766,20766,1.8361145905868024e+18,2024-09-17,NEG,not ironic,
22963142,20767,20767,1.8361145902177567e+18,2024-09-17,NEU,not ironic,
22963143,20768,20768,1.8361145893956529e+18,2024-09-17,NEG,ironic,
22963144,20769,20769,1.836114589286868e+18,2024-09-17,NEU,not ironic,
22963145,20770,20770,1.8361145876300805e+18,2024-09-17,NEG,not ironic,
22963146,20771,20771,1.8361145858724293e+18,2024-09-17,NEU,not ironic,
22963147,20772,20772,1.8361145852264448e+18,2024-09-17,NEU,not ironic,
22963148,20773,20773,1.8361145847064087e+18,2024-09-17,NEG,not ironic,
22963149,20774,20774,1.8361145846479296e+18,2024-09-17,NEU,not ironic,
22963150,20775,20775,1.8361145844466808e+18,2024-09-17,NEU,not ironic,
22963151,20776,20776,1.836114582852768e+18,2024-09-17,NEU,not ironic,
22963152,20777,20777,1.8361145813006505e+18,2024-09-17,NEG,ironic,
22963153,20778,20778,1.8361145812924872e+18,2024-09-17,NEU,not ironic,
22963154,20779,20779,1.836114580591833e+18,2024-09-17,NEG,not ironic,
22963155,20780,20780,1.8361145789394824e+18,2024-09-17,NEG,not ironic,
22963156,20781,20781,1.8361145784823032e+18,2024-09-17,NEG,ironic,
22963157,20782,20782,1.8361145780041523e+18,2024-09-17,NEG,not ironic,
22963158,20783,20783,1.8361145777483e+18,2024-09-17,NEU,not ironic,
22963159,20784,20784,1.8361145770436813e+18,2024-09-17,POS,ironic,
22963160,20785,20785,1.8361145760831936e+18,2024-09-17,NEG,not ironic,
22963161,20786,20786,1.8361145757348493e+18,2024-09-17,NEG,not ironic,
22963162,20787,20787,1.8361145743215864e+18,2024-09-17,NEG,ironic,
22963163,20788,20788,1.836114574052934e+18,2024-09-17,POS,ironic,
22963164,20789,20789,1.836114573193085e+18,2024-09-17,NEG,not ironic,
22963165,20790,20790,1.83611457308004e+18,2024-09-17,POS,not ironic,
22963166,20791,20791,1.8361145719643543e+18,2024-09-17,NEU,ironic,
22963167,20792,20792,1.836114571557253e+18,2024-09-17,POS,not ironic,
22963168,20793,20793,1.8361145710458025e+18,2024-09-17,POS,ironic,
22963169,20794,20794,1.836114570819129e+18,2024-09-17,NEG,not ironic,
22963170,20795,20795,1.836114570181575e+18,2024-09-17,NEG,ironic,
22963171,20796,20796,1.836114570014004e+18,2024-09-17,NEU,not ironic,
22963172,20797,20797,1.8361145696532933e+18,2024-09-17,NEU,not ironic,
22963173,20798,20798,1.8361145691206167e+18,2024-09-17,NEU,not ironic,
22963174,20799,20799,1.8361145687347405e+18,2024-09-17,NEG,not ironic,
22963175,20800,20800,1.8361145651695823e+18,2024-09-17,POS,not ironic,
22963176,20801,20801,1.836114565102481e+18,2024-09-17,NEU,not ironic,
22963177,20802,20802,1.8361145648715287e+18,2024-09-17,NEU,ironic,
22963178,20803,20803,1.8361145644649065e+18,2024-09-17,NEG,ironic,
22963179,20804,20804,1.8361145640035656e+18,2024-09-17,NEG,ironic,
22963180,20805,20805,1.836114563822936e+18,2024-09-17,NEU,not ironic,
22963181,20806,20806,1.8361145633492544e+18,2024-09-17,NEG,ironic,
22963182,20807,20807,1.836114562573361e+18,2024-09-17,NEG,not ironic,
22963183,20808,20808,1.836114561172177e+18,2024-09-17,NEG,not ironic,
22963184,20809,20809,1.8361145610004808e+18,2024-09-17,NEU,not ironic,
22963185,20810,20810,1.8361145609668887e+18,2024-09-17,NEU,not ironic,
22963186,20811,20811,1.8361145603542385e+18,2024-09-17,NEU,ironic,
22963187,20812,20812,1.8361145600019087e+18,2024-09-17,NEG,not ironic,
22963188,20813,20813,1.8361145599350907e+18,2024-09-17,NEU,not ironic,
22963189,20814,20814,1.836114559620272e+18,2024-09-17,NEU,ironic,
22963190,20815,20815,1.8361145587772828e+18,2024-09-17,NEG,not ironic,
22963191,20816,20816,1.8361145585549112e+18,2024-09-17,NEG,not ironic,
22963192,20817,20817,1.836114556168352e+18,2024-09-17,NEG,not ironic,
22963193,20818,20818,1.8361145554721508e+18,2024-09-17,POS,ironic,
22963194,20819,20819,1.8361145549564644e+18,2024-09-17,NEG,not ironic,
22963195,20820,20820,1.836114554822046e+18,2024-09-17,POS,not ironic,
22963196,20821,20821,1.836114549621044e+18,2024-09-17,NEG,not ironic,
22963197,20822,20822,1.83611454497801e+18,2024-09-17,NEU,not ironic,
22963198,20823,20823,1.836114544739128e+18,2024-09-17,NEG,ironic,
22963199,20824,20824,1.8361145439797327e+18,2024-09-17,NEG,ironic,
22963200,20825,20825,1.8361145439545388e+18,2024-09-17,NEU,not ironic,
22963201,20826,20826,1.836114543388644e+18,2024-09-17,NEG,not ironic,
22963202,20827,20827,1.8361145429227727e+18,2024-09-17,NEG,ironic,
22963203,20828,20828,1.8361145420754496e+18,2024-09-17,NEG,ironic,
22963204,20829,20829,1.836114541215621e+18,2024-09-17,NEG,not ironic,
22963205,20830,20830,1.836114540863591e+18,2024-09-17,NEG,not ironic,
22963206,20831,20831,1.836114540834235e+18,2024-09-17,NEU,not ironic,
22963207,20832,20832,1.8361145397604887e+18,2024-09-17,POS,not ironic,
22963208,20833,20833,1.8361145392191736e+18,2024-09-17,POS,not ironic,
22963209,20834,20834,1.8361145369248773e+18,2024-09-17,NEU,not ironic,
22963210,20835,20835,1.836114534680908e+18,2024-09-17,NEG,not ironic,
22963211,20836,20836,1.836114534412752e+18,2024-09-17,NEU,ironic,
22963212,20837,20837,1.836114534353732e+18,2024-09-17,NEG,ironic,
22963213,20838,20838,1.8361145333765448e+18,2024-09-17,NEG,ironic,
22963214,20839,20839,1.8361145333473976e+18,2024-09-17,POS,not ironic,
22963215,20840,20840,1.8361145316819968e+18,2024-09-17,NEU,not ironic,
22963216,20841,20841,1.8361145305204367e+18,2024-09-17,NEG,not ironic,
22963217,20842,20842,1.8361145304953e+18,2024-09-17,NEU,not ironic,
22963218,20843,20843,1.836114529962353e+18,2024-09-17,POS,not ironic,
22963219,20844,20844,1.8361145296897807e+18,2024-09-17,NEU,not ironic,
22963220,20845,20845,1.8361145285407247e+18,2024-09-17,NEG,not ironic,
22963221,20846,20846,1.836114527383097e+18,2024-09-17,NEG,not ironic,
22963222,20847,20847,1.83611452690056e+18,2024-09-17,NEG,ironic,
22963223,20848,20848,1.8361145267998351e+18,2024-09-17,NEU,not ironic,
22963224,20849,20849,1.836114526711804e+18,2024-09-17,NEU,not ironic,
22963225,20850,20850,1.8361145258522337e+18,2024-09-17,NEU,not ironic,
22963226,20851,20851,1.836114524383908e+18,2024-09-17,NEU,not ironic,
22963227,20852,20852,1.836114523637552e+18,2024-09-17,NEG,ironic,
22963228,20853,20853,1.8361145228445696e+18,2024-09-17,NEU,ironic,
22963229,20854,20854,1.8361145223664804e+18,2024-09-17,POS,ironic,
22963230,20855,20855,1.8361145222322424e+18,2024-09-17,NEG,ironic,
22963231,20856,20856,1.8361145219179195e+18,2024-09-17,NEG,ironic,
22963232,20857,20857,1.8361145212468308e+18,2024-09-17,NEU,not ironic,
22963233,20858,20858,1.8361145203909512e+18,2024-09-17,NEU,ironic,
22963234,20859,20859,1.836114519887848e+18,2024-09-17,NEU,not ironic,
22963235,20860,20860,1.8361145194769124e+18,2024-09-17,NEU,not ironic,
22963236,20861,20861,1.8361145187131845e+18,2024-09-17,NEG,not ironic,
22963237,20862,20862,1.8361145160707973e+18,2024-09-17,NEG,not ironic,
22963238,20863,20863,1.8361145152110188e+18,2024-09-17,NEU,ironic,
22963239,20864,20864,1.8361145150770383e+18,2024-09-17,NEG,not ironic,
22963240,20865,20865,1.836114515030684e+18,2024-09-17,POS,not ironic,
22963241,20866,20866,1.836114512073667e+18,2024-09-17,NEG,not ironic,
22963242,20867,20867,1.836114511859704e+18,2024-09-17,NEG,not ironic,
22963243,20868,20868,1.8361145097164964e+18,2024-09-17,NEU,ironic,
22963244,20869,20869,1.8361145097080087e+18,2024-09-17,NEG,ironic,
22963245,20870,20870,1.836114509557305e+18,2024-09-17,NEG,not ironic,
22963246,20871,20871,1.8361145081728983e+18,2024-09-17,NEG,ironic,
22963247,20872,20872,1.8361145072839928e+18,2024-09-17,NEG,not ironic,
22963248,20873,20873,1.836114507095249e+18,2024-09-17,POS,not ironic,
22963249,20874,20874,1.8361145059376207e+18,2024-09-17,NEU,ironic,
22963250,20875,20875,1.8361145055727168e+18,2024-09-17,NEG,ironic,
22963251,20876,20876,1.8361145031987164e+18,2024-09-17,NEG,ironic,
22963252,20877,20877,1.8361145013532467e+18,2024-09-17,NEG,not ironic,
22963253,20878,20878,1.8361144999269256e+18,2024-09-17,NEU,not ironic,
22963254,20879,20879,1.836114499343958e+18,2024-09-17,NEU,not ironic,
22963255,20880,20880,1.8361144982201016e+18,2024-09-17,NEU,not ironic,
22963256,20881,20881,1.8361144981905e+18,2024-09-17,NEG,not ironic,
22963257,20882,20882,1.83611449699956e+18,2024-09-17,NEG,ironic,
22963258,20883,20883,1.8361144969030536e+18,2024-09-17,NEU,ironic,
22963259,20884,20884,1.8361144962024164e+18,2024-09-17,NEU,not ironic,
22963260,20885,20885,1.8361144953889467e+18,2024-09-17,NEG,not ironic,
22963261,20886,20886,1.8361144949275727e+18,2024-09-17,NEG,ironic,
22963262,20887,20887,1.836114494163932e+18,2024-09-17,NEG,ironic,
22963263,20888,20888,1.8361144932120863e+18,2024-09-17,POS,ironic,
22963264,20889,20889,1.836114491483796e+18,2024-09-17,NEG,not ironic,
22963265,20890,20890,1.8361144902886807e+18,2024-09-17,POS,ironic,
22963266,20891,20891,1.8361144880866632e+18,2024-09-17,NEG,ironic,
22963267,20892,20892,1.8361144872265976e+18,2024-09-17,NEG,not ironic,
22963268,20893,20893,1.8361144843998868e+18,2024-09-17,POS,ironic,
22963269,20894,20894,1.8361144822230264e+18,2024-09-17,NEG,ironic,
22963270,20895,20895,1.836114482063368e+18,2024-09-17,NEG,not ironic,
22963271,20896,20896,1.8361144809645007e+18,2024-09-17,NEU,ironic,
22963272,20897,20897,1.8361144805576827e+18,2024-09-17,NEU,not ironic,
22963273,20898,20898,1.8361144798238848e+18,2024-09-17,NEG,not ironic,
22963274,20899,20899,1.836114479303598e+18,2024-09-17,NEG,ironic,
22963275,20900,20900,1.836114479152509e+18,2024-09-17,NEU,not ironic,
22963276,20901,20901,1.8361144779362145e+18,2024-09-17,NEG,ironic,
22963277,20902,20902,1.8361144776635968e+18,2024-09-17,NEG,ironic,
22963278,20903,20903,1.8361144774958244e+18,2024-09-17,NEG,not ironic,
22963279,20904,20904,1.8361144774622129e+18,2024-09-17,NEG,not ironic,
22963280,20905,20905,1.8361144770137009e+18,2024-09-17,POS,ironic,
22963281,20906,20906,1.8361144749204767e+18,2024-09-17,NEU,not ironic,
22963282,20907,20907,1.8361144710871693e+18,2024-09-17,NEG,ironic,
22963283,20908,20908,1.8361144693716787e+18,2024-09-17,NEU,ironic,
22963284,20909,20909,1.83611446813436e+18,2024-09-17,NEG,ironic,
22963285,20910,20910,1.8361144664480115e+18,2024-09-17,POS,not ironic,
22963286,20911,20911,1.8361144649128512e+18,2024-09-17,POS,not ironic,
22963287,20912,20912,1.836114462237168e+18,2024-09-17,NEU,not ironic,
22963288,20913,20913,1.8361144589068905e+18,2024-09-17,NEG,not ironic,
22963289,20914,20914,1.8361144581687296e+18,2024-09-17,NEU,not ironic,
22963290,20915,20915,1.83611445508588e+18,2024-09-17,NEU,ironic,
22963291,20916,20916,1.836114455001756e+18,2024-09-17,NEG,ironic,
22963292,20917,20917,1.836114453982512e+18,2024-09-17,NEG,not ironic,
22963293,20918,20918,1.8361144532026368e+18,2024-09-17,NEG,ironic,
22963294,20919,20919,1.836114453122982e+18,2024-09-17,NEU,not ironic,
22963295,20920,20920,1.83611445270354e+18,2024-09-17,NEG,ironic,
22963296,20921,20921,1.8361144525984768e+18,2024-09-17,NEG,ironic,
22963297,20922,20922,1.8361144522673605e+18,2024-09-17,NEG,ironic,
22963298,20923,20923,1.8361144496039245e+18,2024-09-17,POS,ironic,
22963299,20924,20924,1.8361144479343247e+18,2024-09-17,NEU,ironic,
22963300,20925,20925,1.836114447103824e+18,2024-09-17,NEG,not ironic,
22963301,20926,20926,1.8361144458036145e+18,2024-09-17,NEG,not ironic,
22963302,20927,20927,1.836114445161882e+18,2024-09-17,NEG,ironic,
22963303,20928,20928,1.836114445052888e+18,2024-09-17,NEG,not ironic,
22963304,20929,20929,1.836114444906385e+18,2024-09-17,NEG,not ironic,
22963305,20930,20930,1.836114443706524e+18,2024-09-17,NEU,not ironic,
22963306,20931,20931,1.836114443618448e+18,2024-09-17,NEU,not ironic,
22963307,20932,20932,1.8361144432660685e+18,2024-09-17,NEG,not ironic,
22963308,20933,20933,1.8361144416515727e+18,2024-09-17,NEU,not ironic,
22963309,20934,20934,1.83611443996122e+18,2024-09-17,NEG,not ironic,
22963310,20935,20935,1.836114439508272e+18,2024-09-17,NEG,not ironic,
22963311,20936,20936,1.836114438195417e+18,2024-09-17,NEU,not ironic,
22963312,20937,20937,1.8361144378092424e+18,2024-09-17,NEU,ironic,
22963313,20938,20938,1.8361144377466355e+18,2024-09-17,NEU,not ironic,
22963314,20939,20939,1.8361144374950167e+18,2024-09-17,NEU,not ironic,
22963315,20940,20940,1.8361144359766303e+18,2024-09-17,NEG,ironic,
22963316,20941,20941,1.836114435230044e+18,2024-09-17,NEU,not ironic,
22963317,20942,20942,1.836114434118308e+18,2024-09-17,NEG,not ironic,
22963318,20943,20943,1.836114432382112e+18,2024-09-17,NEU,ironic,
22963319,20944,20944,1.8361144316520945e+18,2024-09-17,NEG,ironic,
22963320,20945,20945,1.8361144314800865e+18,2024-09-17,POS,ironic,
22963321,20946,20946,1.836114430322758e+18,2024-09-17,NEG,not ironic,
22963322,20947,20947,1.836114428112024e+18,2024-09-17,NEG,ironic,
22963323,20948,20948,1.8361144271977103e+18,2024-09-17,NEG,not ironic,
22963324,20949,20949,1.8361144267069645e+18,2024-09-17,NEU,not ironic,
22963325,20950,20950,1.8361144266314632e+18,2024-09-17,NEG,ironic,
22963326,20951,20951,1.836114424504984e+18,2024-09-17,NEU,ironic,
22963327,20952,20952,1.8361144241445688e+18,2024-09-17,NEG,ironic,
22963328,20953,20953,1.836114423636988e+18,2024-09-17,NEG,not ironic,
22963329,20954,20954,1.8361144222484808e+18,2024-09-17,NEG,not ironic,
22963330,20955,20955,1.836114420994544e+18,2024-09-17,NEG,not ironic,
22963331,20956,20956,1.8361144196188447e+18,2024-09-17,NEG,ironic,
22963332,20957,20957,1.836114419568264e+18,2024-09-17,POS,not ironic,
22963333,20958,20958,1.8361144147576463e+18,2024-09-17,NEG,ironic,
22963334,20959,20959,1.8361144144556567e+18,2024-09-17,NEU,ironic,
22963335,20960,20960,1.8361144141534413e+18,2024-09-17,NEU,not ironic,
22963336,20961,20961,1.836114414056977e+18,2024-09-17,NEG,ironic,
22963337,20962,20962,1.836114413952136e+18,2024-09-17,NEU,ironic,
22963338,20963,20963,1.836114413176128e+18,2024-09-17,NEG,ironic,
22963339,20964,20964,1.836114411578364e+18,2024-09-17,NEG,ironic,
22963340,20965,20965,1.836114411536458e+18,2024-09-17,NEG,ironic,
22963341,20966,20966,1.83611441153226e+18,2024-09-17,NEG,ironic,
22963342,20967,20967,1.8361144115194511e+18,2024-09-17,NEG,not ironic,
22963343,20968,20968,1.8361144106514227e+18,2024-09-17,NEG,ironic,
22963344,20969,20969,1.836114410328196e+18,2024-09-17,NEU,not ironic,
22963345,20970,20970,1.8361144075896264e+18,2024-09-17,NEG,not ironic,
22963346,20971,20971,1.836114407543428e+18,2024-09-17,NEG,ironic,
22963347,20972,20972,1.8361144067924828e+18,2024-09-17,POS,not ironic,
22963348,20973,20973,1.8361144063816207e+18,2024-09-17,NEU,ironic,
22963349,20974,20974,1.8361144056140352e+18,2024-09-17,NEG,ironic,
22963350,20975,20975,1.8361144054505065e+18,2024-09-17,NEU,ironic,
22963351,20976,20976,1.836114405156664e+18,2024-09-17,POS,not ironic,
22963352,20977,20977,1.8361144040327867e+18,2024-09-17,NEU,ironic,
22963353,20978,20978,1.8361144027659305e+18,2024-09-17,NEG,not ironic,
22963354,20979,20979,1.83611440208246e+18,2024-09-17,NEU,ironic,
22963355,20980,20980,1.8361144010672087e+18,2024-09-17,NEG,not ironic,
22963356,20981,20981,1.836114400677368e+18,2024-09-17,NEG,not ironic,
22963357,20982,20982,1.836114400648008e+18,2024-09-17,NEG,not ironic,
22963358,20983,20983,1.8361143991758072e+18,2024-09-17,NEG,not ironic,
22963359,20984,20984,1.8361143989535247e+18,2024-09-17,NEU,ironic,
22963360,20985,20985,1.8361143982612644e+18,2024-09-17,NEU,not ironic,
22963361,20986,20986,1.8361143977287928e+18,2024-09-17,POS,not ironic,
22963362,20987,20987,1.8361143968980915e+18,2024-09-17,NEU,ironic,
22963363,20988,20988,1.8361143954261e+18,2024-09-17,NEU,not ironic,
22963364,20989,20989,1.8361143951199155e+18,2024-09-17,NEU,not ironic,
22963365,20990,20990,1.836114394239112e+18,2024-09-17,NEU,not ironic,
22963366,20991,20991,1.8361143942013624e+18,2024-09-17,NEG,not ironic,
22963367,20992,20992,1.8361143933706445e+18,2024-09-17,NEG,not ironic,
22963368,20993,20993,1.8361143933037816e+18,2024-09-17,NEU,not ironic,
22963369,20994,20994,1.836114393181852e+18,2024-09-17,NEG,ironic,
22963370,20995,20995,1.836114392741499e+18,2024-09-17,NEU,not ironic,
22963371,20996,20996,1.8361143926618235e+18,2024-09-17,NEU,ironic,
22963372,20997,20997,1.8361143923768404e+18,2024-09-17,NEG,ironic,
22963373,20998,20998,1.8361143907533947e+18,2024-09-17,NEG,ironic,
22963374,20999,20999,1.836114390304625e+18,2024-09-17,NEG,not ironic,
22963375,21000,21000,1.8361143883878364e+18,2024-09-17,NEG,ironic,
22963376,21001,21001,1.8361143875240307e+18,2024-09-17,NEG,ironic,
22963377,21002,21002,1.836114387196633e+18,2024-09-17,NEU,not ironic,
22963378,21003,21003,1.836114385057841e+18,2024-09-17,POS,not ironic,
22963379,21004,21004,1.8361143843783027e+18,2024-09-17,POS,not ironic,
22963380,21005,21005,1.836114382289539e+18,2024-09-17,NEU,not ironic,
22963381,21006,21006,1.8361143809135409e+18,2024-09-17,NEU,not ironic,
22963382,21007,21007,1.8361143803643533e+18,2024-09-17,POS,not ironic,
22963383,21008,21008,1.836114378757936e+18,2024-09-17,NEG,not ironic,
22963384,21009,21009,1.8361143771177288e+18,2024-09-17,NEG,not ironic,
22963385,21010,21010,1.836114375259612e+18,2024-09-17,NEU,not ironic,
22963386,21011,21011,1.8361143746769024e+18,2024-09-17,POS,ironic,
22963387,21012,21012,1.8361143746304983e+18,2024-09-17,NEG,ironic,
22963388,21013,21013,1.836114374404248e+18,2024-09-17,NEU,ironic,
22963389,21014,21014,1.8361143721310008e+18,2024-09-17,NEG,ironic,
22963390,21015,21015,1.8361143718454725e+18,2024-09-17,NEG,not ironic,
22963391,21016,21016,1.8361143704487936e+18,2024-09-17,NEG,ironic,
22963392,21017,21017,1.8361143691236188e+18,2024-09-17,NEG,ironic,
22963393,21018,21018,1.8361143683180465e+18,2024-09-17,POS,ironic,
22963394,21019,21019,1.8361143674792392e+18,2024-09-17,NEG,not ironic,
22963395,21020,21020,1.836114367471064e+18,2024-09-17,POS,not ironic,
22963396,21021,21021,1.8361143666951987e+18,2024-09-17,NEU,ironic,
22963397,21022,21022,1.8361143665857743e+18,2024-09-17,NEG,not ironic,
22963398,21023,21023,1.83611436625868e+18,2024-09-17,NEG,ironic,
22963399,21024,21024,1.8361143646231025e+18,2024-09-17,NEG,not ironic,
22963400,21025,21025,1.8361143631171256e+18,2024-09-17,NEG,ironic,
22963401,21026,21026,1.836114363029324e+18,2024-09-17,NEG,not ironic,
22963402,21027,21027,1.8361143624963976e+18,2024-09-17,NEG,ironic,
22963403,21028,21028,1.8361143612593e+18,2024-09-17,NEG,ironic,
22963404,21029,21029,1.8361143610241969e+18,2024-09-17,NEU,ironic,
22963405,21030,21030,1.83611436080212e+18,2024-09-17,NEU,not ironic,
22963406,21031,21031,1.8361143603449403e+18,2024-09-17,NEU,not ironic,
22963407,21032,21032,1.8361143596358413e+18,2024-09-17,NEG,not ironic,
22963408,21033,21033,1.836114358855942e+18,2024-09-17,NEG,not ironic,
22963409,21034,21034,1.836114358662776e+18,2024-09-17,NEG,not ironic,
22963410,21035,21035,1.836114357798781e+18,2024-09-17,NEG,ironic,
22963411,21036,21036,1.8361143565027784e+18,2024-09-17,NEG,not ironic,
22963412,21037,21037,1.8361143559070884e+18,2024-09-17,NEG,ironic,
22963413,21038,21038,1.836114354238104e+18,2024-09-17,NEU,ironic,
22963414,21039,21039,1.8361143531853248e+18,2024-09-17,NEG,not ironic,
22963415,21040,21040,1.8361143531724805e+18,2024-09-17,NEU,not ironic,
22963416,21041,21041,1.8361143528703964e+18,2024-09-17,NEU,not ironic,
22963417,21042,21042,1.8361143517130632e+18,2024-09-17,NEU,ironic,
22963418,21043,21043,1.8361143496494656e+18,2024-09-17,NEG,ironic,
22963419,21044,21044,1.8361143492510228e+18,2024-09-17,NEU,not ironic,
22963420,21045,21045,1.8361143486470267e+18,2024-09-17,NEU,not ironic,
22963421,21046,21046,1.8361143481814592e+18,2024-09-17,NEG,not ironic,
22963422,21047,21047,1.8361143463527053e+18,2024-09-17,NEG,not ironic,
22963423,21048,21048,1.8361143457778568e+18,2024-09-17,NEU,not ironic,
22963424,21049,21049,1.8361143452788168e+18,2024-09-17,NEG,not ironic,
22963425,21050,21050,1.8361143451951923e+18,2024-09-17,NEG,ironic,
22963426,21051,21051,1.8361143449099023e+18,2024-09-17,POS,not ironic,
22963427,21052,21052,1.8361143444778929e+18,2024-09-17,NEG,ironic,
22963428,21053,21053,1.8361143426323955e+18,2024-09-17,POS,ironic,
22963429,21054,21054,1.8361143425779136e+18,2024-09-17,NEU,not ironic,
22963430,21055,21055,1.8361143420242207e+18,2024-09-17,NEU,not ironic,
22963431,21056,21056,1.8361143416173737e+18,2024-09-17,NEG,not ironic,
22963432,21057,21057,1.8361143411434168e+18,2024-09-17,NEG,ironic,
22963433,21058,21058,1.8361143404765225e+18,2024-09-17,NEU,not ironic,
22963434,21059,21059,1.8361143397548567e+18,2024-09-17,NEG,ironic,
22963435,21060,21060,1.8361143397380465e+18,2024-09-17,NEU,not ironic,
22963436,21061,21061,1.8361143394821903e+18,2024-09-17,NEU,not ironic,
22963437,21062,21062,1.836114339301852e+18,2024-09-17,NEU,ironic,
22963438,21063,21063,1.8361143385049787e+18,2024-09-17,NEG,ironic,
22963439,21064,21064,1.8361143381654607e+18,2024-09-17,NEG,ironic,
22963440,21065,21065,1.836114337494172e+18,2024-09-17,NEU,ironic,
22963441,21066,21066,1.8361143369404703e+18,2024-09-17,NEG,not ironic,
22963442,21067,21067,1.8361143368733573e+18,2024-09-17,POS,ironic,
22963443,21068,21068,1.8361143365632369e+18,2024-09-17,NEU,not ironic,
22963444,21069,21069,1.836114336189944e+18,2024-09-17,NEG,ironic,
22963445,21070,21070,1.8361143358251008e+18,2024-09-17,NEG,ironic,
22963446,21071,21071,1.836114335636296e+18,2024-09-17,NEG,not ironic,
22963447,21072,21072,1.83611433520824e+18,2024-09-17,NEG,not ironic,
22963448,21073,21073,1.8361143337824133e+18,2024-09-17,NEG,not ironic,
22963449,21074,21074,1.8361143329517489e+18,2024-09-17,NEG,ironic,
22963450,21075,21075,1.8361143327421888e+18,2024-09-17,NEU,ironic,
22963451,21076,21076,1.8361143323855096e+18,2024-09-17,NEU,not ironic,
22963452,21077,21077,1.836114332104655e+18,2024-09-17,NEU,not ironic,
22963453,21078,21078,1.8361143314459927e+18,2024-09-17,NEG,not ironic,
22963454,21079,21079,1.836114330418296e+18,2024-09-17,NEG,not ironic,
22963455,21080,21080,1.836114330137564e+18,2024-09-17,NEG,not ironic,
22963456,21081,21081,1.836114329533391e+18,2024-09-17,POS,ironic,
22963457,21082,21082,1.836114329113932e+18,2024-09-17,NEG,not ironic,
22963458,21083,21083,1.836114324944728e+18,2024-09-17,POS,ironic,
22963459,21084,21084,1.8361143248650447e+18,2024-09-17,NEU,not ironic,
22963460,21085,21085,1.8361143235229527e+18,2024-09-17,NEU,not ironic,
22963461,21086,21086,1.836114323103716e+18,2024-09-17,NEG,ironic,
22963462,21087,21087,1.836114322310787e+18,2024-09-17,NEG,ironic,
22963463,21088,21088,1.8361143221893573e+18,2024-09-17,NEG,not ironic,
22963464,21089,21089,1.8361143217529203e+18,2024-09-17,NEG,not ironic,
22963465,21090,21090,1.8361143217195955e+18,2024-09-17,NEG,ironic,
22963466,21091,21091,1.836114321564144e+18,2024-09-17,NEG,not ironic,
22963467,21092,21092,1.8361143209098609e+18,2024-09-17,POS,not ironic,
22963468,21093,21093,1.8361143206120407e+18,2024-09-17,NEG,ironic,
22963469,21094,21094,1.8361143197102408e+18,2024-09-17,NEU,not ironic,
22963470,21095,21095,1.8361143196012465e+18,2024-09-17,NEU,not ironic,
22963471,21096,21096,1.8361143193747955e+18,2024-09-17,NEG,ironic,
22963472,21097,21097,1.8361143188881567e+18,2024-09-17,NEU,not ironic,
22963473,21098,21098,1.836114317638247e+18,2024-09-17,NEU,not ironic,
22963474,21099,21099,1.8361143175921293e+18,2024-09-17,NEG,not ironic,
22963475,21100,21100,1.83611431698394e+18,2024-09-17,POS,ironic,
22963476,21101,21101,1.8361143165561408e+18,2024-09-17,NEG,ironic,
22963477,21102,21102,1.8361143163968228e+18,2024-09-17,NEG,not ironic,
22963478,21103,21103,1.8361143159605576e+18,2024-09-17,NEU,not ironic,
22963479,21104,21104,1.83611431537757e+18,2024-09-17,NEU,not ironic,
22963480,21105,21105,1.8361143140689308e+18,2024-09-17,NEU,not ironic,
22963481,21106,21106,1.8361143126137613e+18,2024-09-17,NEG,ironic,
22963482,21107,21107,1.8361143125254267e+18,2024-09-17,NEG,not ironic,
22963483,21108,21108,1.836114311229428e+18,2024-09-17,NEU,not ironic,
22963484,21109,21109,1.8361143111244923e+18,2024-09-17,NEU,not ironic,
22963485,21110,21110,1.8361143099713487e+18,2024-09-17,NEU,ironic,
22963486,21111,21111,1.8361143084446188e+18,2024-09-17,NEG,not ironic,
22963487,21112,21112,1.8361143066410724e+18,2024-09-17,NEG,not ironic,
22963488,21113,21113,1.8361143065863416e+18,2024-09-17,NEG,not ironic,
22963489,21114,21114,1.8361143056806047e+18,2024-09-17,NEG,not ironic,
22963490,21115,21115,1.8361143054289016e+18,2024-09-17,NEU,not ironic,
22963491,21116,21116,1.8361143053909484e+18,2024-09-17,NEU,not ironic,
22963492,21117,21117,1.836114303956431e+18,2024-09-17,NEG,ironic,
22963493,21118,21118,1.83611430373442e+18,2024-09-17,POS,ironic,
22963494,21119,21119,1.8361143025975665e+18,2024-09-17,NEU,not ironic,
22963495,21120,21120,1.8361143021822607e+18,2024-09-17,NEU,not ironic,
22963496,21121,21121,1.8361143021405844e+18,2024-09-17,NEU,not ironic,
22963497,21122,21122,1.836114301628879e+18,2024-09-17,NEG,ironic,
22963498,21123,21123,1.8361143005803028e+18,2024-09-17,NEG,ironic,
22963499,21124,21124,1.836114299929989e+18,2024-09-17,NEG,ironic,
22963500,21125,21125,1.8361142997663089e+18,2024-09-17,NEU,not ironic,
22963501,21126,21126,1.8361142987641697e+18,2024-09-17,NEG,not ironic,
22963502,21127,21127,1.8361142981014733e+18,2024-09-17,NEG,ironic,
22963503,21128,21128,1.8361142976652984e+18,2024-09-17,NEU,not ironic,
22963504,21129,21129,1.836114297497297e+18,2024-09-17,NEG,not ironic,
22963505,21130,21130,1.8361142972919688e+18,2024-09-17,NEU,not ironic,
22963506,21131,21131,1.836114296889316e+18,2024-09-17,NEU,ironic,
22963507,21132,21132,1.8361142959120428e+18,2024-09-17,NEU,not ironic,
22963508,21133,21133,1.8361142956771988e+18,2024-09-17,NEU,ironic,
22963509,21134,21134,1.836114294389572e+18,2024-09-17,NEU,not ironic,
22963510,21135,21135,1.8361142919358428e+18,2024-09-17,NEG,not ironic,
22963511,21136,21136,1.8361142894528148e+18,2024-09-17,NEG,not ironic,
22963512,21137,21137,1.836114289347732e+18,2024-09-17,NEG,not ironic,
22963513,21138,21138,1.83611428875656e+18,2024-09-17,NEG,not ironic,
22963514,21139,21139,1.836114287955268e+18,2024-09-17,NEG,ironic,
22963515,21140,21140,1.836114286818612e+18,2024-09-17,NEG,ironic,
22963516,21141,21141,1.8361142861897075e+18,2024-09-17,NEG,not ironic,
22963517,21142,21142,1.8361142852710927e+18,2024-09-17,NEG,not ironic,
22963518,21143,21143,1.836114285241733e+18,2024-09-17,NEG,not ironic,
22963519,21144,21144,1.8361142833833613e+18,2024-09-17,NEU,not ironic,
22963520,21145,21145,1.8361142820873587e+18,2024-09-17,NEG,ironic,
22963521,21146,21146,1.836114281081041e+18,2024-09-17,NEU,ironic,
22963522,21147,21147,1.8361142804851635e+18,2024-09-17,NEG,not ironic,
22963523,21148,21148,1.8361142797427635e+18,2024-09-17,NEG,ironic,
22963524,21149,21149,1.8361142779727544e+18,2024-09-17,NEU,not ironic,
22963525,21150,21150,1.83611427676924e+18,2024-09-17,NEU,ironic,
22963526,21151,21151,1.8361142753557588e+18,2024-09-17,NEG,not ironic,
22963527,21152,21152,1.836114274491732e+18,2024-09-17,NEU,not ironic,
22963528,21153,21153,1.836114274034324e+18,2024-09-17,NEG,not ironic,
22963529,21154,21154,1.8361142736948145e+18,2024-09-17,NEU,not ironic,
22963530,21155,21155,1.8361142733928248e+18,2024-09-17,NEU,not ironic,
22963531,21156,21156,1.8361142732124687e+18,2024-09-17,NEU,not ironic,
22963532,21157,21157,1.836114272872436e+18,2024-09-17,NEU,not ironic,
22963533,21158,21158,1.836114272805372e+18,2024-09-17,NEU,not ironic,
22963534,21159,21159,1.8361142720294464e+18,2024-09-17,POS,not ironic,
22963535,21160,21160,1.836114271920431e+18,2024-09-17,NEG,ironic,
22963536,21161,21161,1.8361142717022743e+18,2024-09-17,NEG,ironic,
22963537,21162,21162,1.836114271467672e+18,2024-09-17,NEG,not ironic,
22963538,21163,21163,1.8361142709221624e+18,2024-09-17,NEU,ironic,
22963539,21164,21164,1.836114267956728e+18,2024-09-17,NEU,not ironic,
22963540,21165,21165,1.8361142672731505e+18,2024-09-17,NEG,ironic,
22963541,21166,21166,1.8361142664176968e+18,2024-09-17,POS,not ironic,
22963542,21167,21167,1.8361142653481487e+18,2024-09-17,NEU,not ironic,
22963543,21168,21168,1.836114265305944e+18,2024-09-17,NEG,not ironic,
22963544,21169,21169,1.8361142645680087e+18,2024-09-17,NEG,not ironic,
22963545,21170,21170,1.836114262239908e+18,2024-09-17,NEG,not ironic,
22963546,21171,21171,1.83611426140106e+18,2024-09-17,NEU,not ironic,
22963547,21172,21172,1.836114260621222e+18,2024-09-17,NEU,not ironic,
22963548,21173,21173,1.83611425850724e+18,2024-09-17,NEU,not ironic,
22963549,21174,21174,1.836114257248711e+18,2024-09-17,NEG,not ironic,
22963550,21175,21175,1.836114255986164e+18,2024-09-17,NEG,ironic,
22963551,21176,21176,1.8361142556003249e+18,2024-09-17,NEG,not ironic,
22963552,21177,21177,1.836114254564316e+18,2024-09-17,POS,ironic,
22963553,21178,21178,1.8361142533273147e+18,2024-09-17,NEU,not ironic,
22963554,21179,21179,1.8361142522952625e+18,2024-09-17,NEG,not ironic,
22963555,21180,21180,1.8361142516999247e+18,2024-09-17,NEU,ironic,
22963556,21181,21181,1.836114251691508e+18,2024-09-17,NEU,not ironic,
22963557,21182,21182,1.8361142510959785e+18,2024-09-17,NEG,not ironic,
22963558,21183,21183,1.836114250017698e+18,2024-09-17,NEG,ironic,
22963559,21184,21184,1.8361142477528187e+18,2024-09-17,POS,not ironic,
22963560,21185,21185,1.836114247384003e+18,2024-09-17,NEG,not ironic,
22963561,21186,21186,1.8361142467545705e+18,2024-09-17,NEG,not ironic,
22963562,21187,21187,1.8361142463060088e+18,2024-09-17,NEU,not ironic,
22963563,21188,21188,1.8361142438017275e+18,2024-09-17,NEU,ironic,
22963564,21189,21189,1.8361142429461176e+18,2024-09-17,NEU,ironic,
22963565,21190,21190,1.83611424222054e+18,2024-09-17,NEG,not ironic,
22963566,21191,21191,1.836114241931076e+18,2024-09-17,NEG,ironic,
22963567,21192,21192,1.8361142405679724e+18,2024-09-17,NEG,not ironic,
22963568,21193,21193,1.8361142403792648e+18,2024-09-17,NEU,not ironic,
22963569,21194,21194,1.8361142398048384e+18,2024-09-17,NEG,not ironic,
22963570,21195,21195,1.8361142397039288e+18,2024-09-17,POS,ironic,
22963571,21196,21196,1.836114238487528e+18,2024-09-17,NEU,not ironic,
22963572,21197,21197,1.836114238051636e+18,2024-09-17,NEG,not ironic,
22963573,21198,21198,1.836114236746896e+18,2024-09-17,NEG,ironic,
22963574,21199,21199,1.8361142366085e+18,2024-09-17,NEG,ironic,
22963575,21200,21200,1.8361142350860247e+18,2024-09-17,NEG,ironic,
22963576,21201,21201,1.836114234469684e+18,2024-09-17,NEG,ironic,
22963577,21202,21202,1.836114234448495e+18,2024-09-17,NEU,not ironic,
22963578,21203,21203,1.836114233701848e+18,2024-09-17,NEG,not ironic,
22963579,21204,21204,1.8361142331314463e+18,2024-09-17,NEU,not ironic,
22963580,21205,21205,1.8361142327078047e+18,2024-09-17,NEU,not ironic,
22963581,21206,21206,1.8361142303760428e+18,2024-09-17,NEG,ironic,
22963582,21207,21207,1.836114229574902e+18,2024-09-17,NEG,not ironic,
22963583,21208,21208,1.836114229365216e+18,2024-09-17,NEG,ironic,
22963584,21209,21209,1.836114229096568e+18,2024-09-17,NEG,ironic,
22963585,21210,21210,1.836114227104224e+18,2024-09-17,NEU,not ironic,
22963586,21211,21211,1.836114226974225e+18,2024-09-17,NEG,ironic,
22963587,21212,21212,1.8361142267855296e+18,2024-09-17,NEG,not ironic,
22963588,21213,21213,1.8361142252464087e+18,2024-09-17,NEG,not ironic,
22963589,21214,21214,1.8361142249903183e+18,2024-09-17,NEG,ironic,
22963590,21215,21215,1.8361142215470328e+18,2024-09-17,POS,not ironic,
22963591,21216,21216,1.8361142213161088e+18,2024-09-17,NEU,not ironic,
22963592,21217,21217,1.8361142201374764e+18,2024-09-17,NEU,not ironic,
22963593,21218,21218,1.8361142161026127e+18,2024-09-17,NEG,not ironic,
22963594,21219,21219,1.836114215624676e+18,2024-09-17,NEU,ironic,
22963595,21220,21220,1.83611421546084e+18,2024-09-17,NEG,not ironic,
22963596,21221,21221,1.83611421536442e+18,2024-09-17,NEG,ironic,
22963597,21222,21222,1.8361142149239729e+18,2024-09-17,NEG,ironic,
22963598,21223,21223,1.8361142133429745e+18,2024-09-17,NEU,not ironic,
22963599,21224,21224,1.83611421327564e+18,2024-09-17,NEG,ironic,
22963600,21225,21225,1.836114211635626e+18,2024-09-17,POS,not ironic,
22963601,21226,21226,1.8361142110403008e+18,2024-09-17,NEU,not ironic,
22963602,21227,21227,1.8361142094632428e+18,2024-09-17,NEG,ironic,
22963603,21228,21228,1.836114208863204e+18,2024-09-17,NEU,not ironic,
22963604,21229,21229,1.836114208670257e+18,2024-09-17,NEG,ironic,
22963605,21230,21230,1.8361142062250232e+18,2024-09-17,POS,ironic,
22963606,21231,21231,1.8361142047110963e+18,2024-09-17,NEG,not ironic,
22963607,21232,21232,1.836114203922568e+18,2024-09-17,NEG,ironic,
22963608,21233,21233,1.8361142039183729e+18,2024-09-17,NEG,not ironic,
22963609,21234,21234,1.8361142037545656e+18,2024-09-17,NEG,not ironic,
22963610,21235,21235,1.836114203578676e+18,2024-09-17,NEG,ironic,
22963611,21236,21236,1.836114203322488e+18,2024-09-17,NEU,ironic,
22963612,21237,21237,1.8361142026139443e+18,2024-09-17,NEU,ironic,
22963613,21238,21238,1.836114201951012e+18,2024-09-17,NEU,not ironic,
22963614,21239,21239,1.8361142010368865e+18,2024-09-17,NEU,not ironic,
22963615,21240,21240,1.8361142008605248e+18,2024-09-17,NEG,ironic,
22963616,21241,21241,1.8361142006297928e+18,2024-09-17,POS,ironic,
22963617,21242,21242,1.836114199405024e+18,2024-09-17,POS,ironic,
22963618,21243,21243,1.8361141951561887e+18,2024-09-17,NEU,not ironic,
22963619,21244,21244,1.836114194149839e+18,2024-09-17,NEG,ironic,
22963620,21245,21245,1.8361141913771868e+18,2024-09-17,POS,ironic,
22963621,21246,21246,1.836114190114722e+18,2024-09-17,NEU,not ironic,
22963622,21247,21247,1.8361141880636828e+18,2024-09-17,NEG,ironic,
22963623,21248,21248,1.8361141879168369e+18,2024-09-17,NEU,not ironic,
22963624,21249,21249,1.8361141864700687e+18,2024-09-17,NEG,ironic,
22963625,21250,21250,1.8361141863019973e+18,2024-09-17,NEG,ironic,
22963626,21251,21251,1.8361141845365028e+18,2024-09-17,NEG,ironic,
22963627,21252,21252,1.836114183525372e+18,2024-09-17,NEG,ironic,
22963628,21253,21253,1.8361141832150144e+18,2024-09-17,NEG,ironic,
22963629,21254,21254,1.8361141826364744e+18,2024-09-17,NEG,ironic,
22963630,21255,21255,1.836114182153848e+18,2024-09-17,NEG,not ironic,
22963631,21256,21256,1.8361141821331584e+18,2024-09-17,NEG,not ironic,
22963632,21257,21257,1.836114181424079e+18,2024-09-17,NEU,not ironic,
22963633,21258,21258,1.8361141812731087e+18,2024-09-17,NEG,not ironic,
22963634,21259,21259,1.836114180245488e+18,2024-09-17,NEU,not ironic,
22963635,21260,21260,1.8361141785090207e+18,2024-09-17,POS,not ironic,
22963636,21261,21261,1.8361141782783104e+18,2024-09-17,NEG,not ironic,
22963637,21262,21262,1.836114176751833e+18,2024-09-17,NEG,not ironic,
22963638,21263,21263,1.836114176688952e+18,2024-09-17,NEU,not ironic,
22963639,21264,21264,1.8361141766342287e+18,2024-09-17,NEU,not ironic,
22963640,21265,21265,1.8361141766299448e+18,2024-09-17,NEG,ironic,
22963641,21266,21266,1.8361141761057265e+18,2024-09-17,NEG,not ironic,
22963642,21267,21267,1.8361141732912911e+18,2024-09-17,POS,ironic,
22963643,21268,21268,1.836114172372792e+18,2024-09-17,NEU,ironic,
22963644,21269,21269,1.8361141715842207e+18,2024-09-17,NEG,ironic,
22963645,21270,21270,1.8361141714122383e+18,2024-09-17,NEU,ironic,
22963646,21271,21271,1.8361141701917084e+18,2024-09-17,NEG,not ironic,
22963647,21272,21272,1.8361141692356728e+18,2024-09-17,NEG,ironic,
22963648,21273,21273,1.83611416868173e+18,2024-09-17,POS,ironic,
22963649,21274,21274,1.8361141678012216e+18,2024-09-17,NEU,not ironic,
22963650,21275,21275,1.8361141662744945e+18,2024-09-17,NEG,not ironic,
22963651,21276,21276,1.8361141659054733e+18,2024-09-17,NEU,not ironic,
22963652,21277,21277,1.83611416538946e+18,2024-09-17,NEG,not ironic,
22963653,21278,21278,1.8361141637454031e+18,2024-09-17,NEG,not ironic,
22963654,21279,21279,1.836114163539596e+18,2024-09-17,NEG,not ironic,
22963655,21280,21280,1.8361141634349468e+18,2024-09-17,NEG,ironic,
22963656,21281,21281,1.8361141631327032e+18,2024-09-17,NEG,not ironic,
22963657,21282,21282,1.836114163111973e+18,2024-09-17,NEG,not ironic,
22963658,21283,21283,1.836114162528785e+18,2024-09-17,NEU,not ironic,
22963659,21284,21284,1.836114161157436e+18,2024-09-17,NEU,ironic,
22963660,21285,21285,1.8361141602009367e+18,2024-09-17,NEU,not ironic,
22963661,21286,21286,1.8361141594587505e+18,2024-09-17,NEG,ironic,
22963662,21287,21287,1.8361141580324705e+18,2024-09-17,NEG,ironic,
22963663,21288,21288,1.836114157101552e+18,2024-09-17,NEU,not ironic,
22963664,21289,21289,1.8361141567825265e+18,2024-09-17,POS,ironic,
22963665,21290,21290,1.836114156568888e+18,2024-09-17,POS,not ironic,
22963666,21291,21291,1.8361141563591803e+18,2024-09-17,NEG,not ironic,
22963667,21292,21292,1.8361141558598533e+18,2024-09-17,NEG,not ironic,
22963668,21293,21293,1.836114155624936e+18,2024-09-17,NEG,ironic,
22963669,21294,21294,1.8361141537377567e+18,2024-09-17,POS,not ironic,
22963670,21295,21295,1.8361141518670605e+18,2024-09-17,NEG,not ironic,
22963671,21296,21296,1.836114151468356e+18,2024-09-17,POS,not ironic,
22963672,21297,21297,1.8361141510992847e+18,2024-09-17,NEG,not ironic,
22963673,21298,21298,1.83611414924542e+18,2024-09-17,NEG,not ironic,
22963674,21299,21299,1.836114148901688e+18,2024-09-17,NEG,not ironic,
22963675,21300,21300,1.836114148838789e+18,2024-09-17,NEU,ironic,
22963676,21301,21301,1.83611414817579e+18,2024-09-17,NEG,not ironic,
22963677,21302,21302,1.8361141477270124e+18,2024-09-17,NEU,ironic,
22963678,21303,21303,1.8361141465568207e+18,2024-09-17,NEG,not ironic,
22963679,21304,21304,1.836114145382457e+18,2024-09-17,NEU,not ironic,
22963680,21305,21305,1.836114143822144e+18,2024-09-17,NEU,not ironic,
22963681,21306,21306,1.8361141437466952e+18,2024-09-17,NEG,not ironic,
22963682,21307,21307,1.8361141433190687e+18,2024-09-17,NEG,ironic,
22963683,21308,21308,1.8361141416959432e+18,2024-09-17,NEG,not ironic,
22963684,21309,21309,1.8361141411210284e+18,2024-09-17,NEG,not ironic,
22963685,21310,21310,1.8361141397455217e+18,2024-09-17,NEG,not ironic,
22963686,21311,21311,1.836114139015488e+18,2024-09-17,POS,not ironic,
22963687,21312,21312,1.836114137014776e+18,2024-09-17,NEU,not ironic,
22963688,21313,21313,1.8361141367424005e+18,2024-09-17,NEU,not ironic,
22963689,21314,21314,1.836114136629154e+18,2024-09-17,NEG,ironic,
22963690,21315,21315,1.8361141364697705e+18,2024-09-17,NEG,not ironic,
22963691,21316,21316,1.8361141361384369e+18,2024-09-17,NEU,not ironic,
22963692,21317,21317,1.8361141350898363e+18,2024-09-17,NEU,not ironic,
22963693,21318,21318,1.8361141321619576e+18,2024-09-17,NEG,not ironic,
22963694,21319,21319,1.836114131025285e+18,2024-09-17,POS,not ironic,
22963695,21320,21320,1.8361141295405463e+18,2024-09-17,POS,not ironic,
22963696,21321,21321,1.836114128303186e+18,2024-09-17,NEG,not ironic,
22963697,21322,21322,1.83611412704494e+18,2024-09-17,NEG,not ironic,
22963698,21323,21323,1.8361141260678968e+18,2024-09-17,NEU,ironic,
22963699,21324,21324,1.836114125820224e+18,2024-09-17,NEU,ironic,
22963700,21325,21325,1.8361141254217075e+18,2024-09-17,NEG,ironic,
22963701,21326,21326,1.8361141252539187e+18,2024-09-17,NEG,not ironic,
22963702,21327,21327,1.836114125077844e+18,2024-09-17,NEG,not ironic,
22963703,21328,21328,1.8361141241972687e+18,2024-09-17,NEG,not ironic,
22963704,21329,21329,1.8361141232996887e+18,2024-09-17,NEG,not ironic,
22963705,21330,21330,1.836114123244913e+18,2024-09-17,NEU,not ironic,
22963706,21331,21331,1.83611412322415e+18,2024-09-17,NEU,not ironic,
22963707,21332,21332,1.8361141217978e+18,2024-09-17,NEG,ironic,
22963708,21333,21333,1.8361141205982367e+18,2024-09-17,POS,not ironic,
22963709,21334,21334,1.8361141204054016e+18,2024-09-17,NEG,ironic,
22963710,21335,21335,1.8361141200949169e+18,2024-09-17,NEU,not ironic,
22963711,21336,21336,1.8361141197006607e+18,2024-09-17,NEU,not ironic,
22963712,21337,21337,1.836114119662973e+18,2024-09-17,NEG,not ironic,
22963713,21338,21338,1.8361141167649467e+18,2024-09-17,NEG,not ironic,
22963714,21339,21339,1.836114116324258e+18,2024-09-17,POS,ironic,
22963715,21340,21340,1.8361141145503247e+18,2024-09-17,NEG,not ironic,
22963716,21341,21341,1.8361141142061875e+18,2024-09-17,NEU,not ironic,
22963717,21342,21342,1.8361141142061468e+18,2024-09-17,POS,ironic,
22963718,21343,21343,1.836114114088944e+18,2024-09-17,NEU,not ironic,
22963719,21344,21344,1.836114111228224e+18,2024-09-17,NEU,ironic,
22963720,21345,21345,1.8361141111655345e+18,2024-09-17,NEG,not ironic,
22963721,21346,21346,1.8361141097688315e+18,2024-09-17,POS,not ironic,
22963722,21347,21347,1.8361141087244447e+18,2024-09-17,NEG,not ironic,
22963723,21348,21348,1.8361141077511247e+18,2024-09-17,POS,ironic,
22963724,21349,21349,1.8361141069754248e+18,2024-09-17,NEU,not ironic,
22963725,21350,21350,1.836114105666609e+18,2024-09-17,POS,not ironic,
22963726,21351,21351,1.8361141043791795e+18,2024-09-17,NEG,not ironic,
22963727,21352,21352,1.836114103850456e+18,2024-09-17,NEG,ironic,
22963728,21353,21353,1.8361141034100288e+18,2024-09-17,NEG,not ironic,
22963729,21354,21354,1.836113890985272e+18,2024-09-17,NEG,not ironic,
22963730,21355,21355,1.8361138907716324e+18,2024-09-17,NEU,ironic,
22963731,21356,21356,1.836113889802752e+18,2024-09-17,POS,ironic,
22963732,21357,21357,1.8361138887542167e+18,2024-09-17,NEG,not ironic,
22963733,21358,21358,1.836113887776686e+18,2024-09-17,NEU,ironic,
22963734,21359,21359,1.836113887592088e+18,2024-09-17,POS,not ironic,
22963735,21360,21360,1.836113887524984e+18,2024-09-17,NEU,not ironic,
22963736,21361,21361,1.8361138844967409e+18,2024-09-17,NEG,ironic,
22963737,21362,21362,1.836113884459008e+18,2024-09-17,NEG,ironic,
22963738,21363,21363,1.8361138834399887e+18,2024-09-17,NEU,not ironic,
22963739,21364,21364,1.836113883364569e+18,2024-09-17,NEU,not ironic,
22963740,21365,21365,1.83611388273506e+18,2024-09-17,POS,ironic,
22963741,21366,21366,1.8361138816865528e+18,2024-09-17,NEG,not ironic,
22963742,21367,21367,1.8361138813551903e+18,2024-09-17,NEG,ironic,
22963743,21368,21368,1.8361138805040456e+18,2024-09-17,POS,ironic,
22963744,21369,21369,1.8361138799039488e+18,2024-09-17,NEG,ironic,
22963745,21370,21370,1.836113878901494e+18,2024-09-17,NEU,not ironic,
22963746,21371,21371,1.8361138788637696e+18,2024-09-17,NEG,ironic,
22963747,21372,21372,1.8361138773834184e+18,2024-09-17,POS,not ironic,
22963748,21373,21373,1.836113877224108e+18,2024-09-17,NEG,not ironic,
22963749,21374,21374,1.8361138765569068e+18,2024-09-17,NEG,ironic,
22963750,21375,21375,1.836113875067876e+18,2024-09-17,NEG,not ironic,
22963751,21376,21376,1.8361138749130007e+18,2024-09-17,NEG,not ironic,
22963752,21377,21377,1.8361138745184333e+18,2024-09-17,POS,not ironic,
22963753,21378,21378,1.8361138735624315e+18,2024-09-17,NEU,not ironic,
22963754,21379,21379,1.8361138726690204e+18,2024-09-17,POS,ironic,
22963755,21380,21380,1.8361138719476408e+18,2024-09-17,NEG,not ironic,
22963756,21381,21381,1.836113871423312e+18,2024-09-17,NEG,not ironic,
22963757,21382,21382,1.83611387064744e+18,2024-09-17,NEU,ironic,
22963758,21383,21383,1.8361138684283087e+18,2024-09-17,NEG,ironic,
22963759,21384,21384,1.836113868092736e+18,2024-09-17,NEG,not ironic,
22963760,21385,21385,1.8361138671115963e+18,2024-09-17,NEU,not ironic,
22963761,21386,21386,1.8361138655219264e+18,2024-09-17,NEG,not ironic,
22963762,21387,21387,1.836113861872894e+18,2024-09-17,NEU,not ironic,
22963763,21388,21388,1.8361138612563195e+18,2024-09-17,NEG,not ironic,
22963764,21389,21389,1.8361138612477376e+18,2024-09-17,NEG,not ironic,
22963765,21390,21390,1.8361138600690404e+18,2024-09-17,NEU,not ironic,
22963766,21391,21391,1.8361138587187653e+18,2024-09-17,NEU,ironic,
22963767,21392,21392,1.836113858483622e+18,2024-09-17,NEG,not ironic,
22963768,21393,21393,1.8361138560383475e+18,2024-09-17,NEU,not ironic,
22963769,21394,21394,1.8361138552833928e+18,2024-09-17,NEU,not ironic,
22963770,21395,21395,1.8361138531823409e+18,2024-09-17,NEG,not ironic,
22963771,21396,21396,1.8361138530897188e+18,2024-09-17,NEG,ironic,
22963772,21397,21397,1.836113851517145e+18,2024-09-17,NEU,ironic,
22963773,21398,21398,1.8361138514707456e+18,2024-09-17,NEU,ironic,
22963774,21399,21399,1.8361138499859333e+18,2024-09-17,NEG,not ironic,
22963775,21400,21400,1.83611384979336e+18,2024-09-17,NEG,ironic,
22963776,21401,21401,1.8361138490509064e+18,2024-09-17,NEU,not ironic,
22963777,21402,21402,1.8361138475490675e+18,2024-09-17,NEU,not ironic,
22963778,21403,21403,1.8361138467021545e+18,2024-09-17,NEU,ironic,
22963779,21404,21404,1.8361138466895053e+18,2024-09-17,NEG,ironic,
22963780,21405,21405,1.836113846164976e+18,2024-09-17,NEG,ironic,
22963781,21406,21406,1.8361138455483889e+18,2024-09-17,NEU,not ironic,
22963782,21407,21407,1.8361138453095547e+18,2024-09-17,NEG,not ironic,
22963783,21408,21408,1.836113845091197e+18,2024-09-17,POS,ironic,
22963784,21409,21409,1.8361138450327183e+18,2024-09-17,NEU,not ironic,
22963785,21410,21410,1.8361138443991944e+18,2024-09-17,NEU,ironic,
22963786,21411,21411,1.8361138440680369e+18,2024-09-17,NEG,ironic,
22963787,21412,21412,1.8361138430067016e+18,2024-09-17,POS,not ironic,
22963788,21413,21413,1.836113842864104e+18,2024-09-17,NEG,not ironic,
22963789,21414,21414,1.8361138428011195e+18,2024-09-17,NEG,not ironic,
22963790,21415,21415,1.836113842700448e+18,2024-09-17,NEU,ironic,
22963791,21416,21416,1.836113842465624e+18,2024-09-17,NEG,not ironic,
22963792,21417,21417,1.836113842218373e+18,2024-09-17,NEU,not ironic,
22963793,21418,21418,1.836113839538193e+18,2024-09-17,NEG,ironic,
22963794,21419,21419,1.8361138391269504e+18,2024-09-17,NEU,ironic,
22963795,21420,21420,1.8361138390933632e+18,2024-09-17,NEU,not ironic,
22963796,21421,21421,1.836113838913041e+18,2024-09-17,POS,not ironic,
22963797,21422,21422,1.8361138388629304e+18,2024-09-17,POS,not ironic,
22963798,21423,21423,1.8361138365266988e+18,2024-09-17,NEG,not ironic,
22963799,21424,21424,1.8361138359182784e+18,2024-09-17,NEU,ironic,
22963800,21425,21425,1.8361138351549071e+18,2024-09-17,NEG,not ironic,
22963801,21426,21426,1.8361138343163656e+18,2024-09-17,NEG,not ironic,
22963802,21427,21427,1.8361138342196265e+18,2024-09-17,NEU,ironic,
22963803,21428,21428,1.836113833401733e+18,2024-09-17,NEG,not ironic,
22963804,21429,21429,1.836113832315621e+18,2024-09-17,NEG,ironic,
22963805,21430,21430,1.836113831107453e+18,2024-09-17,NEG,not ironic,
22963806,21431,21431,1.8361138301178063e+18,2024-09-17,NEU,not ironic,
22963807,21432,21432,1.8361138298242048e+18,2024-09-17,NEG,ironic,
22963808,21433,21433,1.8361138290270085e+18,2024-09-17,NEG,not ironic,
22963809,21434,21434,1.8361138289434007e+18,2024-09-17,NEU,not ironic,
22963810,21435,21435,1.836113828897337e+18,2024-09-17,POS,not ironic,
22963811,21436,21436,1.8361138287169088e+18,2024-09-17,NEG,not ironic,
22963812,21437,21437,1.83611382870852e+18,2024-09-17,NEG,ironic,
22963813,21438,21438,1.836113827567485e+18,2024-09-17,NEU,not ironic,
22963814,21439,21439,1.8361138262378248e+18,2024-09-17,NEG,not ironic,
22963815,21440,21440,1.8361138225761933e+18,2024-09-17,NEG,not ironic,
22963816,21441,21441,1.836113820428964e+18,2024-09-17,NEG,ironic,
22963817,21442,21442,1.8361138194178624e+18,2024-09-17,POS,ironic,
22963818,21443,21443,1.836113819115942e+18,2024-09-17,NEG,not ironic,
22963819,21444,21444,1.836113818100904e+18,2024-09-17,NEG,ironic,
22963820,21445,21445,1.8361138178365888e+18,2024-09-17,NEU,not ironic,
22963821,21446,21446,1.836113817740497e+18,2024-09-17,NEU,not ironic,
22963822,21447,21447,1.8361138176604813e+18,2024-09-17,NEG,not ironic,
22963823,21448,21448,1.8361138168174387e+18,2024-09-17,NEU,not ironic,
22963824,21449,21449,1.8361138159534607e+18,2024-09-17,NEG,not ironic,
22963825,21450,21450,1.8361138152783585e+18,2024-09-17,NEG,ironic,
22963826,21451,21451,1.8361138152403727e+18,2024-09-17,NEU,not ironic,
22963827,21452,21452,1.83611381428856e+18,2024-09-17,NEG,not ironic,
22963828,21453,21453,1.836113814162424e+18,2024-09-17,NEU,not ironic,
22963829,21454,21454,1.8361138140701527e+18,2024-09-17,POS,ironic,
22963830,21455,21455,1.8361138134074944e+18,2024-09-17,NEG,not ironic,
22963831,21456,21456,1.8361138130845128e+18,2024-09-17,NEU,not ironic,
22963832,21457,21457,1.8361138126989235e+18,2024-09-17,POS,ironic,
22963833,21458,21458,1.836113811327025e+18,2024-09-17,NEG,not ironic,
22963834,21459,21459,1.8361138111258053e+18,2024-09-17,NEU,not ironic,
22963835,21460,21460,1.8361138096577992e+18,2024-09-17,POS,not ironic,
22963836,21461,21461,1.836113808814752e+18,2024-09-17,NEG,not ironic,
22963837,21462,21462,1.836113807485137e+18,2024-09-17,NEU,ironic,
22963838,21463,21463,1.836113806717748e+18,2024-09-17,NEU,ironic,
22963839,21464,21464,1.8361138065077944e+18,2024-09-17,NEG,not ironic,
22963840,21465,21465,1.836113804884881e+18,2024-09-17,NEG,not ironic,
22963841,21466,21466,1.8361138045367465e+18,2024-09-17,NEU,ironic,
22963842,21467,21467,1.836113800480854e+18,2024-09-17,NEG,not ironic,
22963843,21468,21468,1.8361138002459727e+18,2024-09-17,NEG,ironic,
22963844,21469,21469,1.8361137995748849e+18,2024-09-17,NEU,not ironic,
22963845,21470,21470,1.8361137992307087e+18,2024-09-17,NEG,not ironic,
22963846,21471,21471,1.8361137989915927e+18,2024-09-17,POS,not ironic,
22963847,21472,21472,1.8361137974942807e+18,2024-09-17,NEG,not ironic,
22963848,21473,21473,1.8361137969954363e+18,2024-09-17,NEG,ironic,
22963849,21474,21474,1.8361137941474555e+18,2024-09-17,NEU,not ironic,
22963850,21475,21475,1.8361137941180823e+18,2024-09-17,NEG,not ironic,
22963851,21476,21476,1.836113794113688e+18,2024-09-17,NEG,not ironic,
22963852,21477,21477,1.836113792780112e+18,2024-09-17,NEG,ironic,
22963853,21478,21478,1.8361137906661832e+18,2024-09-17,NEG,not ironic,
22963854,21479,21479,1.836113788875215e+18,2024-09-17,NEG,not ironic,
22963855,21480,21480,1.8361137885100567e+18,2024-09-17,NEG,not ironic,
22963856,21481,21481,1.836113788291916e+18,2024-09-17,NEG,not ironic,
22963857,21482,21482,1.8361137875833697e+18,2024-09-17,NEU,not ironic,
22963858,21483,21483,1.8361137870714268e+18,2024-09-17,NEG,not ironic,
22963859,21484,21484,1.8361137868994524e+18,2024-09-17,POS,not ironic,
22963860,21485,21485,1.836113786773648e+18,2024-09-17,NEU,not ironic,
22963861,21486,21486,1.8361137850583985e+18,2024-09-17,NEU,ironic,
22963862,21487,21487,1.8361137848064904e+18,2024-09-17,NEG,not ironic,
22963863,21488,21488,1.8361137837537364e+18,2024-09-17,NEG,not ironic,
22963864,21489,21489,1.8361137831078216e+18,2024-09-17,NEU,not ironic,
22963865,21490,21490,1.8361137829067208e+18,2024-09-17,NEG,not ironic,
22963866,21491,21491,1.8361137826631928e+18,2024-09-17,NEU,ironic,
22963867,21492,21492,1.836113782126596e+18,2024-09-17,POS,not ironic,
22963868,21493,21493,1.8361137817532872e+18,2024-09-17,NEG,ironic,
22963869,21494,21494,1.836113781673632e+18,2024-09-17,NEG,ironic,
22963870,21495,21495,1.8361137797358264e+18,2024-09-17,NEG,not ironic,
22963871,21496,21496,1.836113779186144e+18,2024-09-17,NEU,not ironic,
22963872,21497,21497,1.8361137787037737e+18,2024-09-17,NEU,not ironic,
22963873,21498,21498,1.836113776543961e+18,2024-09-17,NEU,not ironic,
22963874,21499,21499,1.8361137762584617e+18,2024-09-17,NEG,not ironic,
22963875,21500,21500,1.8361137758012785e+18,2024-09-17,NEU,not ironic,
22963876,21501,21501,1.836113774929199e+18,2024-09-17,NEU,not ironic,
22963877,21502,21502,1.8361137744342515e+18,2024-09-17,NEU,not ironic,
22963878,21503,21503,1.836113774140424e+18,2024-09-17,NEU,ironic,
22963879,21504,21504,1.8361137740103967e+18,2024-09-17,NEU,not ironic,
22963880,21505,21505,1.8361137720348964e+18,2024-09-17,NEG,ironic,
22963881,21506,21506,1.836113772018308e+18,2024-09-17,NEU,not ironic,
22963882,21507,21507,1.836113771040756e+18,2024-09-17,POS,ironic,
22963883,21508,21508,1.8361137705251968e+18,2024-09-17,NEG,ironic,
22963884,21509,21509,1.8361137700970248e+18,2024-09-17,NEG,ironic,
22963885,21510,21510,1.836113768612295e+18,2024-09-17,NEG,ironic,
22963886,21511,21511,1.8361137684783148e+18,2024-09-17,NEU,ironic,
22963887,21512,21512,1.8361137677314417e+18,2024-09-17,NEG,not ironic,
22963888,21513,21513,1.83611376579788e+18,2024-09-17,NEG,ironic,
22963889,21514,21514,1.8361137641160256e+18,2024-09-17,NEG,ironic,
22963890,21515,21515,1.8361137637804365e+18,2024-09-17,NEG,not ironic,
22963891,21516,21516,1.8361137595694244e+18,2024-09-17,NEG,not ironic,
22963892,21517,21517,1.836113759569412e+18,2024-09-17,NEU,ironic,
22963893,21518,21518,1.836113758520808e+18,2024-09-17,POS,not ironic,
22963894,21519,21519,1.836113758004925e+18,2024-09-17,NEU,not ironic,
22963895,21520,21520,1.8361137573840896e+18,2024-09-17,NEG,not ironic,
22963896,21521,21521,1.8361137573004943e+18,2024-09-17,NEG,ironic,
22963897,21522,21522,1.836113756100924e+18,2024-09-17,NEU,not ironic,
22963898,21523,21523,1.836113755530204e+18,2024-09-17,NEG,ironic,
22963899,21524,21524,1.836113754972656e+18,2024-09-17,POS,not ironic,
22963900,21525,21525,1.8361137545238648e+18,2024-09-17,NEU,not ironic,
22963901,21526,21526,1.83611375439782e+18,2024-09-17,NEG,not ironic,
22963902,21527,21527,1.8361137526404383e+18,2024-09-17,NEU,ironic,
22963903,21528,21528,1.8361137512981548e+18,2024-09-17,NEU,not ironic,
22963904,21529,21529,1.8361137511768108e+18,2024-09-17,NEU,ironic,
22963905,21530,21530,1.8361137509210235e+18,2024-09-17,NEG,not ironic,
22963906,21531,21531,1.836113746944529e+18,2024-09-17,NEG,not ironic,
22963907,21532,21532,1.836113746889974e+18,2024-09-17,NEU,not ironic,
22963908,21533,21533,1.836113745237676e+18,2024-09-17,POS,not ironic,
22963909,21534,21534,1.8361137449943864e+18,2024-09-17,NEG,ironic,
22963910,21535,21535,1.836113744046494e+18,2024-09-17,POS,not ironic,
22963911,21536,21536,1.836113743832314e+18,2024-09-17,NEG,not ironic,
22963912,21537,21537,1.8361137434884173e+18,2024-09-17,NEU,not ironic,
22963913,21538,21538,1.8361137412108908e+18,2024-09-17,NEG,ironic,
22963914,21539,21539,1.8361137406407188e+18,2024-09-17,NEU,ironic,
22963915,21540,21540,1.836113739067855e+18,2024-09-17,NEU,ironic,
22963916,21541,21541,1.836113735263621e+18,2024-09-17,NEU,ironic,
22963917,21542,21542,1.8361137347767995e+18,2024-09-17,NEU,not ironic,
22963918,21543,21543,1.836113734529336e+18,2024-09-17,NEG,ironic,
22963919,21544,21544,1.8361137323486167e+18,2024-09-17,NEG,ironic,
22963920,21545,21545,1.8361137289971387e+18,2024-09-17,NEG,not ironic,
22963921,21546,21546,1.836113728539898e+18,2024-09-17,NEU,not ironic,
22963922,21547,21547,1.836113727852286e+18,2024-09-17,NEG,ironic,
22963923,21548,21548,1.8361137276297708e+18,2024-09-17,NEU,not ironic,
22963924,21549,21549,1.8361137265352748e+18,2024-09-17,NEU,not ironic,
22963925,21550,21550,1.836113723779584e+18,2024-09-17,NEG,not ironic,
22963926,21551,21551,1.8361137233096087e+18,2024-09-17,NEU,ironic,
22963927,21552,21552,1.836113721330152e+18,2024-09-17,NEG,ironic,
22963928,21553,21553,1.836113719564104e+18,2024-09-17,NEG,ironic,
22963929,21554,21554,1.83611371878004e+18,2024-09-17,NEU,not ironic,
22963930,21555,21555,1.836113718561608e+18,2024-09-17,NEG,ironic,
22963931,21556,21556,1.8361137181002552e+18,2024-09-17,NEG,ironic,
22963932,21557,21557,1.8361137172026647e+18,2024-09-17,NEG,ironic,
22963933,21558,21558,1.8361137165863857e+18,2024-09-17,NEU,ironic,
22963934,21559,21559,1.8361137161037745e+18,2024-09-17,NEG,not ironic,
22963935,21560,21560,1.836113640904184e+18,2024-09-17,NEG,not ironic,
22963936,21561,21561,1.8361136403000847e+18,2024-09-17,NEU,not ironic,
22963937,21562,21562,1.836113638303896e+18,2024-09-17,NEG,not ironic,
22963938,21563,21563,1.8361136381149268e+18,2024-09-17,NEU,ironic,
22963939,21564,21564,1.8361136352210824e+18,2024-09-17,NEG,ironic,
22963940,21565,21565,1.8361136337905748e+18,2024-09-17,NEG,not ironic,
22963941,21566,21566,1.8361136333669952e+18,2024-09-17,NEG,ironic,
22963942,21567,21567,1.836113633245565e+18,2024-09-17,NEG,ironic,
22963943,21568,21568,1.8361136329390856e+18,2024-09-17,NEG,ironic,
22963944,21569,21569,1.836113631974417e+18,2024-09-17,NEU,not ironic,
22963945,21570,21570,1.8361136317398093e+18,2024-09-17,NEG,ironic,
22963946,21571,21571,1.8361136316936724e+18,2024-09-17,NEU,not ironic,
22963947,21572,21572,1.836113631206904e+18,2024-09-17,NEU,ironic,
22963948,21573,21573,1.836113631165264e+18,2024-09-17,NEG,not ironic,
22963949,21574,21574,1.8361136310768148e+18,2024-09-17,NEG,not ironic,
22963950,21575,21575,1.8361136310265487e+18,2024-09-17,POS,ironic,
22963951,21576,21576,1.836113630888145e+18,2024-09-17,NEU,not ironic,
22963952,21577,21577,1.8361136296343311e+18,2024-09-17,NEU,ironic,
22963953,21578,21578,1.836113628564464e+18,2024-09-17,NEU,not ironic,
22963954,21579,21579,1.8361136272222577e+18,2024-09-17,NEG,not ironic,
22963955,21580,21580,1.8361136267357512e+18,2024-09-17,NEG,not ironic,
22963956,21581,21581,1.8361136266311885e+18,2024-09-17,POS,ironic,
22963957,21582,21582,1.8361136261236367e+18,2024-09-17,POS,not ironic,
22963958,21583,21583,1.836113625079256e+18,2024-09-17,NEU,not ironic,
22963959,21584,21584,1.836113624890516e+18,2024-09-17,NEG,not ironic,
22963960,21585,21585,1.8361136248064087e+18,2024-09-17,NEG,ironic,
22963961,21586,21586,1.836113624709956e+18,2024-09-17,NEU,not ironic,
22963962,21587,21587,1.83611362453819e+18,2024-09-17,NEU,not ironic,
22963963,21588,21588,1.83611362449184e+18,2024-09-17,NEU,not ironic,
22963964,21589,21589,1.8361136239636111e+18,2024-09-17,NEG,not ironic,
22963965,21590,21590,1.836113623510585e+18,2024-09-17,NEG,ironic,
22963966,21591,21591,1.836113622432465e+18,2024-09-17,NEG,ironic,
22963967,21592,21592,1.8361136209940032e+18,2024-09-17,NEU,not ironic,
22963968,21593,21593,1.8361136207633687e+18,2024-09-17,NEG,not ironic,
22963969,21594,21594,1.8361136195425897e+18,2024-09-17,NEU,not ironic,
22963970,21595,21595,1.8361136194963988e+18,2024-09-17,POS,ironic,
22963971,21596,21596,1.8361136192743383e+18,2024-09-17,NEG,ironic,
22963972,21597,21597,1.8361136189091963e+18,2024-09-17,NEG,not ironic,
22963973,21598,21598,1.8361136186913303e+18,2024-09-17,NEU,not ironic,
22963974,21599,21599,1.8361136176886129e+18,2024-09-17,NEU,ironic,
22963975,21600,21600,1.8361136153146248e+18,2024-09-17,NEG,ironic,
22963976,21601,21601,1.8361136152855432e+18,2024-09-17,NEU,not ironic,
22963977,21602,21602,1.8361136147819968e+18,2024-09-17,NEG,not ironic,
22963978,21603,21603,1.8361136093545884e+18,2024-09-17,NEG,ironic,
22963979,21604,21604,1.8361136091702605e+18,2024-09-17,NEG,not ironic,
22963980,21605,21605,1.83611360867507e+18,2024-09-17,NEG,ironic,
22963981,21606,21606,1.8361136076141527e+18,2024-09-17,POS,ironic,
22963982,21607,21607,1.8361136059742705e+18,2024-09-17,NEU,not ironic,
22963983,21608,21608,1.83611360576e+18,2024-09-17,NEU,not ironic,
22963984,21609,21609,1.8361136054999905e+18,2024-09-17,NEU,not ironic,
22963985,21610,21610,1.8361136053702208e+18,2024-09-17,NEG,ironic,
22963986,21611,21611,1.8361136050637947e+18,2024-09-17,NEG,not ironic,
22963987,21612,21612,1.8361136044474737e+18,2024-09-17,NEG,not ironic,
22963988,21613,21613,1.836113603516064e+18,2024-09-17,NEG,ironic,
22963989,21614,21614,1.8361136034114524e+18,2024-09-17,NEU,not ironic,
22963990,21615,21615,1.8361136012094715e+18,2024-09-17,POS,ironic,
22963991,21616,21616,1.8361136009869148e+18,2024-09-17,POS,not ironic,
22963992,21617,21617,1.836113600919864e+18,2024-09-17,NEG,not ironic,
22963993,21618,21618,1.836113599548293e+18,2024-09-17,NEU,ironic,
22963994,21619,21619,1.8361135970106824e+18,2024-09-17,NEG,not ironic,
22963995,21620,21620,1.8361135965076564e+18,2024-09-17,NEU,ironic,
22963996,21621,21621,1.8361135963522048e+18,2024-09-17,NEG,ironic,
22963997,21622,21622,1.836113595148517e+18,2024-09-17,NEG,not ironic,
22963998,21623,21623,1.8361135946579684e+18,2024-09-17,NEG,ironic,
22963999,21624,21624,1.8361135936093924e+18,2024-09-17,NEG,ironic,
22964000,21625,21625,1.8361135931522545e+18,2024-09-17,NEU,ironic,
22964001,21626,21626,1.8361135928248768e+18,2024-09-17,NEU,not ironic,
22964002,21627,21627,1.8361135916713656e+18,2024-09-17,NEU,not ironic,
22964003,21628,21628,1.836113591579419e+18,2024-09-17,NEG,ironic,
22964004,21629,21629,1.8361135895365427e+18,2024-09-17,NEU,ironic,
22964005,21630,21630,1.8361135893899223e+18,2024-09-17,NEU,not ironic,
22964006,21631,21631,1.8361135871248136e+18,2024-09-17,POS,ironic,
22964007,21632,21632,1.8361135869572265e+18,2024-09-17,NEG,not ironic,
22964008,21633,21633,1.83611358597132e+18,2024-09-17,NEG,not ironic,
22964009,21634,21634,1.8361135839664248e+18,2024-09-17,NEG,ironic,
22964010,21635,21635,1.8361135822134687e+18,2024-09-17,NEG,not ironic,
22964011,21636,21636,1.836113581047452e+18,2024-09-17,NEU,not ironic,
22964012,21637,21637,1.8361135807748017e+18,2024-09-17,NEU,ironic,
22964013,21638,21638,1.836113580560716e+18,2024-09-17,NEU,not ironic,
22964014,21639,21639,1.8361135788454423e+18,2024-09-17,NEG,ironic,
22964015,21640,21640,1.836113578241536e+18,2024-09-17,NEG,not ironic,
22964016,21641,21641,1.8361135769579807e+18,2024-09-17,NEG,ironic,
22964017,21642,21642,1.8361135756155988e+18,2024-09-17,POS,not ironic,
22964018,21643,21643,1.836113575225561e+18,2024-09-17,NEG,not ironic,
22964019,21644,21644,1.8361135747935027e+18,2024-09-17,NEU,not ironic,
22964020,21645,21645,1.836113574365925e+18,2024-09-17,NEU,not ironic,
22964021,21646,21646,1.836113573581296e+18,2024-09-17,NEU,not ironic,
22964022,21647,21647,1.8361135733299648e+18,2024-09-17,NEG,not ironic,
22964023,21648,21648,1.836113572491072e+18,2024-09-17,NEU,ironic,
22964024,21649,21649,1.836113572461425e+18,2024-09-17,NEG,ironic,
22964025,21650,21650,1.836113572180734e+18,2024-09-17,NEU,not ironic,
22964026,21651,21651,1.8361135704484083e+18,2024-09-17,NEG,ironic,
22964027,21652,21652,1.83611357039392e+18,2024-09-17,NEU,not ironic,
22964028,21653,21653,1.8361135698361344e+18,2024-09-17,NEG,not ironic,
22964029,21654,21654,1.8361135696219548e+18,2024-09-17,NEU,ironic,
22964030,21655,21655,1.8361135694751544e+18,2024-09-17,NEU,not ironic,
22964031,21656,21656,1.8361135694669783e+18,2024-09-17,POS,ironic,
22964032,21657,21657,1.8361135684226007e+18,2024-09-17,NEG,ironic,
22964033,21658,21658,1.8361135680451305e+18,2024-09-17,NEU,not ironic,
22964034,21659,21659,1.836113567634068e+18,2024-09-17,POS,not ironic,
22964035,21660,21660,1.8361135674283287e+18,2024-09-17,NEG,not ironic,
22964036,21661,21661,1.8361135661406533e+18,2024-09-17,NEG,not ironic,
22964037,21662,21662,1.8361135652473285e+18,2024-09-17,POS,ironic,
22964038,21663,21663,1.836113564626568e+18,2024-09-17,NEG,ironic,
22964039,21664,21664,1.836113564462924e+18,2024-09-17,NEU,not ironic,
22964040,21665,21665,1.836113563322324e+18,2024-09-17,POS,not ironic,
22964041,21666,21666,1.8361135632927247e+18,2024-09-17,NEU,not ironic,
22964042,21667,21667,1.836113562386993e+18,2024-09-17,NEG,not ironic,
22964043,21668,21668,1.836113558700204e+18,2024-09-17,NEG,ironic,
22964044,21669,21669,1.8361135583853368e+18,2024-09-17,NEU,not ironic,
22964045,21670,21670,1.836113557919826e+18,2024-09-17,NEG,ironic,
22964046,21671,21671,1.836113557823316e+18,2024-09-17,NEU,not ironic,
22964047,21672,21672,1.8361135566030728e+18,2024-09-17,POS,not ironic,
22964048,21673,21673,1.8361135560578127e+18,2024-09-17,NEG,ironic,
22964049,21674,21674,1.836113555801936e+18,2024-09-17,NEG,not ironic,
22964050,21675,21675,1.8361135557767703e+18,2024-09-17,NEG,not ironic,
22964051,21676,21676,1.836113555747205e+18,2024-09-17,NEG,ironic,
22964052,21677,21677,1.8361135554412265e+18,2024-09-17,NEU,not ironic,
22964053,21678,21678,1.83611355536552e+18,2024-09-17,NEG,ironic,
22964054,21679,21679,1.836113554778526e+18,2024-09-17,NEU,ironic,
22964055,21680,21680,1.8361135545602007e+18,2024-09-17,POS,not ironic,
22964056,21681,21681,1.8361135543671967e+18,2024-09-17,NEG,not ironic,
22964057,21682,21682,1.8361135527023457e+18,2024-09-17,NEG,not ironic,
22964058,21683,21683,1.8361135526520136e+18,2024-09-17,NEU,not ironic,
22964059,21684,21684,1.836113549690823e+18,2024-09-17,NEG,not ironic,
22964060,21685,21685,1.836113549493703e+18,2024-09-17,NEG,ironic,
22964061,21686,21686,1.8361135493256315e+18,2024-09-17,NEU,not ironic,
22964062,21687,21687,1.836113549313336e+18,2024-09-17,NEU,ironic,
22964063,21688,21688,1.836113549174936e+18,2024-09-17,NEG,ironic,
22964064,21689,21689,1.8361135489652209e+18,2024-09-17,NEG,ironic,
22964065,21690,21690,1.8361135485580984e+18,2024-09-17,NEG,not ironic,
22964066,21691,21691,1.8361135482228288e+18,2024-09-17,NEG,ironic,
22964067,21692,21692,1.8361135482019228e+18,2024-09-17,NEU,not ironic,
22964068,21693,21693,1.8361135476943465e+18,2024-09-17,NEG,not ironic,
22964069,21694,21694,1.836113547421799e+18,2024-09-17,NEU,ironic,
22964070,21695,21695,1.8361135464274785e+18,2024-09-17,NEG,ironic,
22964071,21696,21696,1.836113544531604e+18,2024-09-17,NEG,not ironic,
22964072,21697,21697,1.8361135439234872e+18,2024-09-17,NEG,ironic,
22964073,21698,21698,1.8361135437976407e+18,2024-09-17,NEU,not ironic,
22964074,21699,21699,1.8361135431097551e+18,2024-09-17,NEU,not ironic,
22964075,21700,21700,1.8361135424470515e+18,2024-09-17,NEU,not ironic,
22964076,21701,21701,1.836113540676977e+18,2024-09-17,NEG,not ironic,
22964077,21702,21702,1.8361135376363848e+18,2024-09-17,NEG,not ironic,
22964078,21703,21703,1.836113536365339e+18,2024-09-17,NEG,not ironic,
22964079,21704,21704,1.8361135350107464e+18,2024-09-17,NEG,ironic,
22964080,21705,21705,1.8361135344023552e+18,2024-09-17,NEU,ironic,
22964081,21706,21706,1.836113532879786e+18,2024-09-17,NEU,not ironic,
22964082,21707,21707,1.836113532628386e+18,2024-09-17,NEU,ironic,
22964083,21708,21708,1.8361135318899835e+18,2024-09-17,NEU,ironic,
22964084,21709,21709,1.8361135316301624e+18,2024-09-17,POS,not ironic,
22964085,21710,21710,1.8361135311268493e+18,2024-09-17,NEG,ironic,
22964086,21711,21711,1.8361135281402924e+18,2024-09-17,NEU,ironic,
22964087,21712,21712,1.8361135280566152e+18,2024-09-17,POS,ironic,
22964088,21713,21713,1.836113527469142e+18,2024-09-17,NEU,not ironic,
22964089,21714,21714,1.836113527007761e+18,2024-09-17,NEG,ironic,
22964090,21715,21715,1.8361135268357773e+18,2024-09-17,NEU,not ironic,
22964091,21716,21716,1.8361135244789064e+18,2024-09-17,NEG,not ironic,
22964092,21717,21717,1.8361135244157087e+18,2024-09-17,NEU,ironic,
22964093,21718,21718,1.83611352106471e+18,2024-09-17,POS,ironic,
22964094,21719,21719,1.8361135208254548e+18,2024-09-17,NEG,not ironic,
22964095,21720,21720,1.8361135206912084e+18,2024-09-17,POS,not ironic,
22964096,21721,21721,1.8361135204272407e+18,2024-09-17,NEG,not ironic,
22964097,21722,21722,1.8361135203052872e+18,2024-09-17,NEU,not ironic,
22964098,21723,21723,1.8361135194328435e+18,2024-09-17,NEG,not ironic,
22964099,21724,21724,1.8361135191686272e+18,2024-09-17,NEG,ironic,
22964100,21725,21725,1.8361135189589768e+18,2024-09-17,NEG,ironic,
22964101,21726,21726,1.8361135189004493e+18,2024-09-17,NEG,ironic,
22964102,21727,21727,1.836113518875038e+18,2024-09-17,NEG,not ironic,
22964103,21728,21728,1.8361135181536256e+18,2024-09-17,NEG,not ironic,
22964104,21729,21729,1.8361135179984205e+18,2024-09-17,NEG,ironic,
22964105,21730,21730,1.836113516832657e+18,2024-09-17,POS,not ironic,
22964106,21731,21731,1.836113514706224e+18,2024-09-17,POS,not ironic,
22964107,21732,21732,1.836113514630456e+18,2024-09-17,NEG,ironic,
22964108,21733,21733,1.836113514571715e+18,2024-09-17,NEU,ironic,
22964109,21734,21734,1.8361135144248284e+18,2024-09-17,NEG,not ironic,
22964110,21735,21735,1.836113513728586e+18,2024-09-17,NEG,not ironic,
22964111,21736,21736,1.8361135126967795e+18,2024-09-17,NEG,not ironic,
22964112,21737,21737,1.8361135123531407e+18,2024-09-17,NEG,not ironic,
22964113,21738,21738,1.8361135118875727e+18,2024-09-17,NEG,not ironic,
22964114,21739,21739,1.836113510440317e+18,2024-09-17,NEG,not ironic,
22964115,21740,21740,1.83611351043215e+18,2024-09-17,NEG,not ironic,
22964116,21741,21741,1.8361135103608463e+18,2024-09-17,NEG,not ironic,
22964117,21742,21742,1.83611350997468e+18,2024-09-17,NEU,not ironic,
22964118,21743,21743,1.8361135098237133e+18,2024-09-17,NEU,ironic,
22964119,21744,21744,1.8361135096601887e+18,2024-09-17,NEG,ironic,
22964120,21745,21745,1.8361135089596992e+18,2024-09-17,POS,ironic,
22964121,21746,21746,1.8361135073364544e+18,2024-09-17,NEG,not ironic,
22964122,21747,21747,1.8361135065104755e+18,2024-09-17,NEG,ironic,
22964123,21748,21748,1.8361135050547937e+18,2024-09-17,NEG,ironic,
22964124,21749,21749,1.8361135048956685e+18,2024-09-17,NEG,ironic,
22964125,21750,21750,1.836113504874672e+18,2024-09-17,NEU,not ironic,
22964126,21751,21751,1.836113504509592e+18,2024-09-17,NEU,not ironic,
22964127,21752,21752,1.8361135043544105e+18,2024-09-17,POS,ironic,
22964128,21753,21753,1.8361135037252403e+18,2024-09-17,POS,ironic,
22964129,21754,21754,1.8361135034735457e+18,2024-09-17,NEU,not ironic,
22964130,21755,21755,1.836113503326806e+18,2024-09-17,NEG,ironic,
22964131,21756,21756,1.8361135028572367e+18,2024-09-17,POS,ironic,
22964132,21757,21757,1.836113502496228e+18,2024-09-17,NEG,ironic,
22964133,21758,21758,1.8361135012256563e+18,2024-09-17,NEG,not ironic,
22964134,21759,21759,1.836113499652797e+18,2024-09-17,NEG,not ironic,
22964135,21760,21760,1.83611349716118e+18,2024-09-17,NEG,not ironic,
22964136,21761,21761,1.8361134966412785e+18,2024-09-17,NEU,ironic,
22964137,21762,21762,1.8361134946741617e+18,2024-09-17,NEG,ironic,
22964138,21763,21763,1.8361134946615544e+18,2024-09-17,NEU,not ironic,
22964139,21764,21764,1.8361134940028808e+18,2024-09-17,NEU,ironic,
22964140,21765,21765,1.8361134904334464e+18,2024-09-17,NEG,not ironic,
22964141,21766,21766,1.836113487837192e+18,2024-09-17,NEU,not ironic,
22964142,21767,21767,1.8361134874093727e+18,2024-09-17,POS,ironic,
22964143,21768,21768,1.836113487111869e+18,2024-09-17,NEU,ironic,
22964144,21769,21769,1.8361134868433595e+18,2024-09-17,NEG,ironic,
22964145,21770,21770,1.8361134867721385e+18,2024-09-17,NEG,not ironic,
22964146,21771,21771,1.836113486511764e+18,2024-09-17,NEG,not ironic,
22964147,21772,21772,1.836113485794596e+18,2024-09-17,NEG,not ironic,
22964148,21773,21773,1.8361134857318927e+18,2024-09-17,NEG,not ironic,
22964149,21774,21774,1.8361134856268188e+18,2024-09-17,NEU,not ironic,
22964150,21775,21775,1.836113483936732e+18,2024-09-17,NEG,not ironic,
22964151,21776,21776,1.8361134837773235e+18,2024-09-17,NEG,not ironic,
22964152,21777,21777,1.8361134837267825e+18,2024-09-17,NEG,not ironic,
22964153,21778,21778,1.8361134835927857e+18,2024-09-17,NEG,not ironic,
22964154,21779,21779,1.836113482753684e+18,2024-09-17,NEU,not ironic,
22964155,21780,21780,1.8361134822587927e+18,2024-09-17,NEG,not ironic,
22964156,21781,21781,1.836113482032554e+18,2024-09-17,NEU,not ironic,
22964157,21782,21782,1.836113480497472e+18,2024-09-17,NEU,not ironic,
22964158,21783,21783,1.8361134802245924e+18,2024-09-17,POS,ironic,
22964159,21784,21784,1.8361134798218688e+18,2024-09-17,NEU,ironic,
22964160,21785,21785,1.8361134797589752e+18,2024-09-17,NEU,ironic,
22964161,21786,21786,1.836113479662556e+18,2024-09-17,NEG,not ironic,
22964162,21787,21787,1.8361134789538647e+18,2024-09-17,POS,not ironic,
22964163,21788,21788,1.836113478530052e+18,2024-09-17,NEG,not ironic,
22964164,21789,21789,1.8361134748935127e+18,2024-09-17,POS,ironic,
22964165,21790,21790,1.8361134738282004e+18,2024-09-17,NEG,not ironic,
22964166,21791,21791,1.836113473350308e+18,2024-09-17,NEU,not ironic,
22964167,21792,21792,1.836113472805012e+18,2024-09-17,NEG,not ironic,
22964168,21793,21793,1.8361134719872369e+18,2024-09-17,NEG,ironic,
22964169,21794,21794,1.8361134718739863e+18,2024-09-17,NEG,ironic,
22964170,21795,21795,1.836113471832024e+18,2024-09-17,NEG,not ironic,
22964171,21796,21796,1.8361134718109988e+18,2024-09-17,NEG,ironic,
22964172,21797,21797,1.8361134716013e+18,2024-09-17,NEG,not ironic,
22964173,21798,21798,1.8361134713118764e+18,2024-09-17,NEU,not ironic,
22964174,21799,21799,1.83611347072048e+18,2024-09-17,NEG,ironic,
22964175,21800,21800,1.8361134698984448e+18,2024-09-17,POS,not ironic,
22964176,21801,21801,1.8361134685937792e+18,2024-09-17,NEU,not ironic,
22964177,21802,21802,1.8361134683507264e+18,2024-09-17,NEU,not ironic,
22964178,21803,21803,1.8361134670462976e+18,2024-09-17,NEG,ironic,
22964179,21804,21804,1.8361134659767296e+18,2024-09-17,NEU,not ironic,
22964180,21805,21805,1.8361134618828923e+18,2024-09-17,NEG,ironic,
22964181,21806,21806,1.836113459706237e+18,2024-09-17,POS,not ironic,
22964182,21807,21807,1.8361134596472177e+18,2024-09-17,NEG,not ironic,
22964183,21808,21808,1.836113459529868e+18,2024-09-17,NEU,not ironic,
22964184,21809,21809,1.836113458904924e+18,2024-09-17,NEG,not ironic,
22964185,21810,21810,1.836113456405074e+18,2024-09-17,NEG,not ironic,
22964186,21811,21811,1.83611345575918e+18,2024-09-17,NEG,ironic,
22964187,21812,21812,1.836113450910781e+18,2024-09-17,NEG,not ironic,
22964188,21813,21813,1.8361134505960248e+18,2024-09-17,NEG,not ironic,
22964189,21814,21814,1.8361134495811543e+18,2024-09-17,NEU,ironic,
22964190,21815,21815,1.8361134475928128e+18,2024-09-17,NEG,ironic,
22964191,21816,21816,1.8361134471107791e+18,2024-09-17,NEU,not ironic,
22964192,21817,21817,1.8361134449337103e+18,2024-09-17,NEU,not ironic,
22964193,21818,21818,1.8361134446819407e+18,2024-09-17,NEG,not ironic,
22964194,21819,21819,1.8361134439563592e+18,2024-09-17,NEG,ironic,
22964195,21820,21820,1.8361134423416177e+18,2024-09-17,POS,ironic,
22964196,21821,21821,1.836113441804702e+18,2024-09-17,POS,ironic,
22964197,21822,21822,1.8361134403325007e+18,2024-09-17,NEU,not ironic,
22964198,21823,21823,1.8361134398713736e+18,2024-09-17,NEG,not ironic,
22964199,21824,21824,1.836113439816848e+18,2024-09-17,NEG,ironic,
22964200,21825,21825,1.8361134396701e+18,2024-09-17,NEU,ironic,
22964201,21826,21826,1.836113438046852e+18,2024-09-17,NEU,ironic,
22964202,21827,21827,1.836113437539152e+18,2024-09-17,NEU,ironic,
22964203,21828,21828,1.8361134372245755e+18,2024-09-17,NEG,not ironic,
22964204,21829,21829,1.8361134351947249e+18,2024-09-17,NEU,not ironic,
22964205,21830,21830,1.8361134351315564e+18,2024-09-17,NEG,not ironic,
22964206,21831,21831,1.8361134346366e+18,2024-09-17,POS,not ironic,
22964207,21832,21832,1.8361134342591857e+18,2024-09-17,POS,not ironic,
22964208,21833,21833,1.836113433990968e+18,2024-09-17,NEU,not ironic,
22964209,21834,21834,1.836113433525392e+18,2024-09-17,NEG,ironic,
22964210,21835,21835,1.8361134323255503e+18,2024-09-17,NEG,not ironic,
22964211,21836,21836,1.836113432149652e+18,2024-09-17,NEG,not ironic,
22964212,21837,21837,1.836113430199067e+18,2024-09-17,NEG,not ironic,
22964213,21838,21838,1.8361134297001948e+18,2024-09-17,NEG,not ironic,
22964214,21839,21839,1.836113429041435e+18,2024-09-17,NEG,not ironic,
22964215,21840,21840,1.8361134289492088e+18,2024-09-17,NEU,not ironic,
22964216,21841,21841,1.8361134282319296e+18,2024-09-17,NEU,not ironic,
22964217,21842,21842,1.8361134279679388e+18,2024-09-17,NEG,not ironic,
22964218,21843,21843,1.836113426432824e+18,2024-09-17,NEG,not ironic,
22964219,21844,21844,1.8361134261096248e+18,2024-09-17,POS,not ironic,
22964220,21845,21845,1.8361134260593293e+18,2024-09-17,NEG,ironic,
22964221,21846,21846,1.8361134256356275e+18,2024-09-17,POS,not ironic,
22964222,21847,21847,1.836113424515744e+18,2024-09-17,NEG,not ironic,
22964223,21848,21848,1.8361134237775795e+18,2024-09-17,POS,not ironic,
22964224,21849,21849,1.8361134199148667e+18,2024-09-17,NEU,ironic,
22964225,21850,21850,1.8361134190424228e+18,2024-09-17,NEG,not ironic,
22964226,21851,21851,1.8361134182914048e+18,2024-09-17,NEG,not ironic,
22964227,21852,21852,1.8361134182371533e+18,2024-09-17,NEU,not ironic,
22964228,21853,21853,1.8361134180861583e+18,2024-09-17,POS,ironic,
22964229,21854,21854,1.836113417226036e+18,2024-09-17,NEG,not ironic,
22964230,21855,21855,1.836113416844624e+18,2024-09-17,NEG,not ironic,
22964231,21856,21856,1.8361134165424663e+18,2024-09-17,NEU,not ironic,
22964232,21857,21857,1.8361134160980585e+18,2024-09-17,NEG,not ironic,
22964233,21858,21858,1.8361134160852047e+18,2024-09-17,NEU,not ironic,
22964234,21859,21859,1.8361134160642908e+18,2024-09-17,NEU,not ironic,
22964235,21860,21860,1.8361134152214487e+18,2024-09-17,NEG,ironic,
22964236,21861,21861,1.8361134127969285e+18,2024-09-17,NEG,not ironic,
22964237,21862,21862,1.8361134126333097e+18,2024-09-17,NEU,ironic,
22964238,21863,21863,1.8361134118028288e+18,2024-09-17,NEU,not ironic,
22964239,21864,21864,1.8361134110227208e+18,2024-09-17,NEG,not ironic,
22964240,21865,21865,1.8361134093030075e+18,2024-09-17,NEG,not ironic,
22964241,21866,21866,1.836113407575004e+18,2024-09-17,POS,ironic,
22964242,21867,21867,1.8361134065853768e+18,2024-09-17,NEG,ironic,
22964243,21868,21868,1.836113406383764e+18,2024-09-17,NEU,not ironic,
22964244,21869,21869,1.836113405616284e+18,2024-09-17,NEG,ironic,
22964245,21870,21870,1.836113404966376e+18,2024-09-17,NEU,not ironic,
22964246,21871,21871,1.836113404542792e+18,2024-09-17,NEU,ironic,
22964247,21872,21872,1.8361134028144315e+18,2024-09-17,NEG,not ironic,
22964248,21873,21873,1.8361134026047447e+18,2024-09-17,NEG,ironic,
22964249,21874,21874,1.8361134011160044e+18,2024-09-17,NEG,ironic,
22964250,21875,21875,1.836113400008708e+18,2024-09-17,NEG,ironic,
22964251,21876,21876,1.8361133996899407e+18,2024-09-17,NEG,not ironic,
22964252,21877,21877,1.8361133994970035e+18,2024-09-17,NEG,not ironic,
22964253,21878,21878,1.836113399312164e+18,2024-09-17,POS,ironic,
22964254,21879,21879,1.8361133986285727e+18,2024-09-17,NEG,not ironic,
22964255,21880,21880,1.8361133985490908e+18,2024-09-17,NEU,ironic,
22964256,21881,21881,1.8361133975425352e+18,2024-09-17,NEU,not ironic,
22964257,21882,21882,1.8361133974080143e+18,2024-09-17,NEG,ironic,
22964258,21883,21883,1.836113397177316e+18,2024-09-17,NEU,not ironic,
22964259,21884,21884,1.8361133969595315e+18,2024-09-17,NEU,not ironic,
22964260,21885,21885,1.8361133966322967e+18,2024-09-17,NEU,ironic,
22964261,21886,21886,1.8361133965230124e+18,2024-09-17,NEG,not ironic,
22964262,21887,21887,1.8361133960868457e+18,2024-09-17,NEG,not ironic,
22964263,21888,21888,1.83611339481616e+18,2024-09-17,POS,not ironic,
22964264,21889,21889,1.836113394128048e+18,2024-09-17,NEU,ironic,
22964265,21890,21890,1.836113393562084e+18,2024-09-17,NEG,not ironic,
22964266,21891,21891,1.836113392819672e+18,2024-09-17,NEG,not ironic,
22964267,21892,21892,1.8361133924797071e+18,2024-09-17,NEG,not ironic,
22964268,21893,21893,1.8361133924713185e+18,2024-09-17,NEU,not ironic,
22964269,21894,21894,1.8361133922156667e+18,2024-09-17,NEG,not ironic,
22964270,21895,21895,1.836113391678612e+18,2024-09-17,NEU,not ironic,
22964271,21896,21896,1.836113391473009e+18,2024-09-17,NEG,not ironic,
22964272,21897,21897,1.836113390483444e+18,2024-09-17,NEG,ironic,
22964273,21898,21898,1.83611338997153e+18,2024-09-17,NEG,not ironic,
22964274,21899,21899,1.836113388604388e+18,2024-09-17,NEG,ironic,
22964275,21900,21900,1.8361133874758449e+18,2024-09-17,NEU,not ironic,
22964276,21901,21901,1.836113387144778e+18,2024-09-17,NEG,not ironic,
22964277,21902,21902,1.836113385337078e+18,2024-09-17,NEU,ironic,
22964278,21903,21903,1.836113385269924e+18,2024-09-17,NEG,ironic,
22964279,21904,21904,1.8361133837597084e+18,2024-09-17,NEG,ironic,
22964280,21905,21905,1.8361133827992128e+18,2024-09-17,POS,ironic,
22964281,21906,21906,1.8361133814193523e+18,2024-09-17,NEU,not ironic,
22964282,21907,21907,1.836113381348004e+18,2024-09-17,NEG,ironic,
22964283,21908,21908,1.8361133806813555e+18,2024-09-17,NEG,ironic,
22964284,21909,21909,1.836113380303868e+18,2024-09-17,NEG,not ironic,
22964285,21910,21910,1.836113377195889e+18,2024-09-17,NEG,not ironic,
22964286,21911,21911,1.8361133767678405e+18,2024-09-17,NEU,not ironic,
22964287,21912,21912,1.8361133759038587e+18,2024-09-17,NEU,not ironic,
22964288,21913,21913,1.8361133758579057e+18,2024-09-17,NEU,not ironic,
22964289,21914,21914,1.836113375840932e+18,2024-09-17,NEG,ironic,
22964290,21915,21915,1.836113374893216e+18,2024-09-17,NEU,not ironic,
22964291,21916,21916,1.8361133708373937e+18,2024-09-17,NEG,not ironic,
22964292,21917,21917,1.8361133685094484e+18,2024-09-17,NEG,not ironic,
22964293,21918,21918,1.836113366441509e+18,2024-09-17,NEG,ironic,
22964294,21919,21919,1.836113366193988e+18,2024-09-17,NEU,not ironic,
22964295,21920,21920,1.8361133647133903e+18,2024-09-17,NEG,not ironic,
22964296,21921,21921,1.8361133645539904e+18,2024-09-17,POS,ironic,
22964297,21922,21922,1.836113361815376e+18,2024-09-17,NEU,not ironic,
22964298,21923,21923,1.8361133615928648e+18,2024-09-17,NEG,not ironic,
22964299,21924,21924,1.83611336150474e+18,2024-09-17,NEG,ironic,
22964300,21925,21925,1.8361133599615552e+18,2024-09-17,NEG,not ironic,
22964301,21926,21926,1.8361133591013663e+18,2024-09-17,NEG,not ironic,
22964302,21927,21927,1.836113358975628e+18,2024-09-17,NEG,not ironic,
22964303,21928,21928,1.8361133552593925e+18,2024-09-17,NEU,not ironic,
22964304,21929,21929,1.8361133551461747e+18,2024-09-17,POS,not ironic,
22964305,21930,21930,1.83611335489058e+18,2024-09-17,NEU,not ironic,
22964306,21931,21931,1.8361133537875272e+18,2024-09-17,NEG,not ironic,
22964307,21932,21932,1.8361133536572664e+18,2024-09-17,NEG,not ironic,
22964308,21933,21933,1.8361133526592105e+18,2024-09-17,NEG,not ironic,
22964309,21934,21934,1.836113352575058e+18,2024-09-17,NEG,ironic,
22964310,21935,21935,1.8361133525124265e+18,2024-09-17,NEG,ironic,
22964311,21936,21936,1.8361133513422e+18,2024-09-17,NEU,not ironic,
22964312,21937,21937,1.8361133500335764e+18,2024-09-17,NEU,not ironic,
22964313,21938,21938,1.8361133485485225e+18,2024-09-17,NEU,ironic,
22964314,21939,21939,1.8361133483556536e+18,2024-09-17,NEG,ironic,
22964315,21940,21940,1.836113347214824e+18,2024-09-17,NEU,not ironic,
22964316,21941,21941,1.8361133454908744e+18,2024-09-17,POS,ironic,
22964317,21942,21942,1.836113345310589e+18,2024-09-17,NEG,not ironic,
22964318,21943,21943,1.83611334246262e+18,2024-09-17,NEG,ironic,
22964319,21944,21944,1.8361133398118728e+18,2024-09-17,NEU,ironic,
22964320,21945,21945,1.8361133393588595e+18,2024-09-17,NEU,not ironic,
22964321,21946,21946,1.836113339090342e+18,2024-09-17,NEG,not ironic,
22964322,21947,21947,1.8361133371486413e+18,2024-09-17,POS,ironic,
22964323,21948,21948,1.8361133360497293e+18,2024-09-17,POS,ironic,
22964324,21949,21949,1.836113335168984e+18,2024-09-17,NEU,not ironic,
22964325,21950,21950,1.8361133345104568e+18,2024-09-17,NEG,ironic,
22964326,21951,21951,1.836113334283965e+18,2024-09-17,NEG,not ironic,
22964327,21952,21952,1.8361133333022272e+18,2024-09-17,NEU,ironic,
22964328,21953,21953,1.8361133328075697e+18,2024-09-17,NEG,not ironic,
22964329,21954,21954,1.8361133326607567e+18,2024-09-17,NEG,not ironic,
22964330,21955,21955,1.8361133325139684e+18,2024-09-17,NEG,ironic,
22964331,21956,21956,1.836113331524113e+18,2024-09-17,NEU,ironic,
22964332,21957,21957,1.836113331154724e+18,2024-09-17,NEU,not ironic,
22964333,21958,21958,1.8361133307523607e+18,2024-09-17,NEG,not ironic,
22964334,21959,21959,1.8361133302152604e+18,2024-09-17,NEU,not ironic,
22964335,21960,21960,1.83611333010616e+18,2024-09-17,NEG,not ironic,
22964336,21961,21961,1.83611332873076e+18,2024-09-17,NEG,ironic,
22964337,21962,21962,1.8361133279796265e+18,2024-09-17,NEG,not ironic,
22964338,21963,21963,1.8361133277240727e+18,2024-09-17,NEG,not ironic,
22964339,21964,21964,1.836113326046172e+18,2024-09-17,NEG,ironic,
22964340,21965,21965,1.8361133248633777e+18,2024-09-17,NEG,ironic,
22964341,21966,21966,1.8361133231561933e+18,2024-09-17,NEG,not ironic,
22964342,21967,21967,1.8361133220827507e+18,2024-09-17,NEG,not ironic,
22964343,21968,21968,1.8361133214242568e+18,2024-09-17,NEG,not ironic,
22964344,21969,21969,1.8361133206608937e+18,2024-09-17,NEU,not ironic,
22964345,21970,21970,1.8361133189074127e+18,2024-09-17,NEU,not ironic,
22964346,21971,21971,1.836113318815171e+18,2024-09-17,NEU,not ironic,
22964347,21972,21972,1.836113317770769e+18,2024-09-17,NEG,not ironic,
22964348,21973,21973,1.836113317544497e+18,2024-09-17,NEG,ironic,
22964349,21974,21974,1.836113315552207e+18,2024-09-17,NEU,not ironic,
22964350,21975,21975,1.8361133145875584e+18,2024-09-17,NEU,not ironic,
22964351,21976,21976,1.836113313538712e+18,2024-09-17,NEG,not ironic,
22964352,21977,21977,1.8361133121128727e+18,2024-09-17,NEG,not ironic,
22964353,21978,21978,1.836113309244048e+18,2024-09-17,POS,not ironic,
22964354,21979,21979,1.8361133091220485e+18,2024-09-17,NEU,not ironic,
22964355,21980,21980,1.836113305129169e+18,2024-09-17,POS,ironic,
22964356,21981,21981,1.8361133049068751e+18,2024-09-17,POS,not ironic,
22964357,21982,21982,1.836113304412132e+18,2024-09-17,NEU,ironic,
22964358,21983,21983,1.8361133028893125e+18,2024-09-17,NEG,ironic,
22964359,21984,21984,1.8361133023693169e+18,2024-09-17,NEG,not ironic,
22964360,21985,21985,1.8361133015429327e+18,2024-09-17,NEG,not ironic,
22964361,21986,21986,1.836113301534544e+18,2024-09-17,NEG,not ironic,
22964362,21987,21987,1.836113300696007e+18,2024-09-17,NEG,not ironic,
22964363,21988,21988,1.8361132996051727e+18,2024-09-17,NEG,not ironic,
22964364,21989,21989,1.8361132990140623e+18,2024-09-17,NEG,ironic,
22964365,21990,21990,1.8361132988882903e+18,2024-09-17,NEG,not ironic,
22964366,21991,21991,1.836113298883773e+18,2024-09-17,NEU,not ironic,
22964367,21992,21992,1.8361132974410097e+18,2024-09-17,NEG,not ironic,
22964368,21993,21993,1.8361132967659151e+18,2024-09-17,NEG,ironic,
22964369,21994,21994,1.836113294647804e+18,2024-09-17,NEU,not ironic,
22964370,21995,21995,1.8361132943120264e+18,2024-09-17,NEG,not ironic,
22964371,21996,21996,1.8361132933347656e+18,2024-09-17,NEG,not ironic,
22964372,21997,21997,1.836113293024596e+18,2024-09-17,NEG,not ironic,
22964373,21998,21998,1.8361132915104525e+18,2024-09-17,NEG,not ironic,
22964374,21999,21999,1.836113291417969e+18,2024-09-17,NEG,not ironic,
22964375,22000,22000,1.8361132907300577e+18,2024-09-17,NEG,not ironic,
22964376,22001,22001,1.8361132905665044e+18,2024-09-17,NEU,ironic,
22964377,22002,22002,1.8361132896649587e+18,2024-09-17,NEG,ironic,
22964378,22003,22003,1.8361132895556977e+18,2024-09-17,NEU,not ironic,
22964379,22004,22004,1.836113288201147e+18,2024-09-17,NEG,not ironic,
22964380,22005,22005,1.836113287496504e+18,2024-09-17,NEG,ironic,
22964381,22006,22006,1.8361132870057487e+18,2024-09-17,NEU,ironic,
22964382,22007,22007,1.836113286628098e+18,2024-09-17,NEG,not ironic,
22964383,22008,22008,1.8361132861711032e+18,2024-09-17,NEG,not ironic,
22964384,22009,22009,1.8361132854706463e+18,2024-09-17,NEG,not ironic,
22964385,22010,22010,1.8361132851183247e+18,2024-09-17,NEG,not ironic,
22964386,22011,22011,1.836113284908692e+18,2024-09-17,POS,ironic,
22964387,22012,22012,1.8361132848454287e+18,2024-09-17,NEG,not ironic,
22964388,22013,22013,1.8361132845183468e+18,2024-09-17,NEU,ironic,
22964389,22014,22014,1.8361132827398925e+18,2024-09-17,POS,not ironic,
22964390,22015,22015,1.83611328164946e+18,2024-09-17,POS,ironic,
22964391,22016,22016,1.8361132796486656e+18,2024-09-17,NEG,ironic,
22964392,22017,22017,1.836113278298407e+18,2024-09-17,NEU,not ironic,
22964393,22018,22018,1.836113277119796e+18,2024-09-17,NEG,not ironic,
22964394,22019,22019,1.8361132770860564e+18,2024-09-17,NEU,not ironic,
22964395,22020,22020,1.836113276742308e+18,2024-09-17,NEG,ironic,
22964396,22021,22021,1.8361132767043256e+18,2024-09-17,NEU,not ironic,
22964397,22022,22022,1.8361132761590377e+18,2024-09-17,NEG,ironic,
22964398,22023,22023,1.8361132761464384e+18,2024-09-17,NEG,ironic,
22964399,22024,22024,1.836113274162811e+18,2024-09-17,POS,ironic,
22964400,22025,22025,1.8361132740157893e+18,2024-09-17,NEG,not ironic,
22964401,22026,22026,1.836113273604748e+18,2024-09-17,NEG,ironic,
22964402,22027,22027,1.836113273059709e+18,2024-09-17,POS,ironic,
22964403,22028,22028,1.8361132722040468e+18,2024-09-17,NEG,not ironic,
22964404,22029,22029,1.83611327103803e+18,2024-09-17,NEG,not ironic,
22964405,22030,22030,1.8361132698049208e+18,2024-09-17,NEG,ironic,
22964406,22031,22031,1.836113268550833e+18,2024-09-17,NEG,not ironic,
22964407,22032,22032,1.836113268428948e+18,2024-09-17,NEG,ironic,
22964408,22033,22033,1.8361132679884964e+18,2024-09-17,NEG,ironic,
22964409,22034,22034,1.8361132665373696e+18,2024-09-17,NEG,ironic,
22964410,22035,22035,1.8361132643020024e+18,2024-09-17,NEU,ironic,
22964411,22036,22036,1.8361132635344448e+18,2024-09-17,NEG,not ironic,
22964412,22037,22037,1.8361132634757248e+18,2024-09-17,NEG,not ironic,
22964413,22038,22038,1.836113258379408e+18,2024-09-17,NEG,ironic,
22964414,22039,22039,1.8361132567058803e+18,2024-09-17,NEG,not ironic,
22964415,22040,22040,1.8361132552965696e+18,2024-09-17,NEU,not ironic,
22964416,22041,22041,1.8361132546676856e+18,2024-09-17,POS,ironic,
22964417,22042,22042,1.8361132528555584e+18,2024-09-17,NEU,not ironic,
22964418,22043,22043,1.836113252599616e+18,2024-09-17,NEG,not ironic,
22964419,22044,22044,1.836113249961448e+18,2024-09-17,NEU,not ironic,
22964420,22045,22045,1.8361132473861773e+18,2024-09-17,NEG,ironic,
22964421,22046,22046,1.836113247348625e+18,2024-09-17,NEG,ironic,
22964422,22047,22047,1.836113246643769e+18,2024-09-17,NEG,not ironic,
22964423,22048,22048,1.836113246471832e+18,2024-09-17,NEG,ironic,
22964424,22049,22049,1.8361132448528348e+18,2024-09-17,NEU,ironic,
22964425,22050,22050,1.8361132428649147e+18,2024-09-17,NEG,ironic,
22964426,22051,22051,1.836113241950352e+18,2024-09-17,NEU,not ironic,
22964427,22052,22052,1.8361132415982351e+18,2024-09-17,NEG,not ironic,
22964428,22053,22053,1.8361132397650865e+18,2024-09-17,NEU,not ironic,
22964429,22054,22054,1.83611323794056e+18,2024-09-17,NEG,not ironic,
22964430,22055,22055,1.8361132376385577e+18,2024-09-17,NEG,ironic,
22964431,22056,22056,1.8361132374584568e+18,2024-09-17,NEU,ironic,
22964432,22057,22057,1.836113237172945e+18,2024-09-17,NEG,not ironic,
22964433,22058,22058,1.8361132359566792e+18,2024-09-17,NEG,not ironic,
22964434,22059,22059,1.836113235151589e+18,2024-09-17,NEG,not ironic,
22964435,22060,22060,1.836113235063505e+18,2024-09-17,NEU,not ironic,
22964436,22061,22061,1.8361132346273464e+18,2024-09-17,NEG,not ironic,
22964437,22062,22062,1.8361132344550687e+18,2024-09-17,NEU,ironic,
22964438,22063,22063,1.836113234119492e+18,2024-09-17,NEG,ironic,
22964439,22064,22064,1.8361132326137367e+18,2024-09-17,POS,not ironic,
22964440,22065,22065,1.83611323234542e+18,2024-09-17,NEG,ironic,
22964441,22066,22066,1.8361132312887173e+18,2024-09-17,NEG,not ironic,
22964442,22067,22067,1.8361132303239373e+18,2024-09-17,NEG,ironic,
22964443,22068,22068,1.8361132295984087e+18,2024-09-17,NEU,not ironic,
22964444,22069,22069,1.8361132287802447e+18,2024-09-17,NEU,not ironic,
22964445,22070,22070,1.8361132286334e+18,2024-09-17,NEU,ironic,
22964446,22071,22071,1.8361132276980168e+18,2024-09-17,NEG,not ironic,
22964447,22072,22072,1.8361132247075187e+18,2024-09-17,NEG,ironic,
22964448,22073,22073,1.836113224368034e+18,2024-09-17,NEG,ironic,
22964449,22074,22074,1.8361132235376187e+18,2024-09-17,NEG,not ironic,
22964450,22075,22075,1.836113223428576e+18,2024-09-17,NEG,ironic,
22964451,22076,22076,1.836113223348818e+18,2024-09-17,NEG,not ironic,
22964452,22077,22077,1.836113223046558e+18,2024-09-17,NEU,not ironic,
22964453,22078,22078,1.83611322252254e+18,2024-09-17,NEG,not ironic,
22964454,22079,22079,1.836113222379729e+18,2024-09-17,NEG,ironic,
22964455,22080,22080,1.8361132223210168e+18,2024-09-17,NEG,ironic,
22964456,22081,22081,1.8361132214359447e+18,2024-09-17,NEG,ironic,
22964457,22082,22082,1.8361132207187192e+18,2024-09-17,NEG,not ironic,
22964458,22083,22083,1.8361132203540849e+18,2024-09-17,POS,not ironic,
22964459,22084,22084,1.8361132195695567e+18,2024-09-17,POS,not ironic,
22964460,22085,22085,1.8361132194355328e+18,2024-09-17,NEG,not ironic,
22964461,22086,22086,1.8361132189070377e+18,2024-09-17,POS,not ironic,
22964462,22087,22087,1.8361132184330936e+18,2024-09-17,NEG,not ironic,
22964463,22088,22088,1.836113216730248e+18,2024-09-17,NEU,not ironic,
22964464,22089,22089,1.8361132148679928e+18,2024-09-17,NEG,ironic,
22964465,22090,22090,1.8361132118101e+18,2024-09-17,NEU,ironic,
22964466,22091,22091,1.8361132114789327e+18,2024-09-17,NEG,not ironic,
22964467,22092,22092,1.836113210346476e+18,2024-09-17,NEU,not ironic,
22964468,22093,22093,1.8361132101451904e+18,2024-09-17,NEG,ironic,
22964469,22094,22094,1.8361132099480087e+18,2024-09-17,NEG,not ironic,
22964470,22095,22095,1.8361132098642e+18,2024-09-17,NEG,not ironic,
22964471,22096,22096,1.836113208303555e+18,2024-09-17,NEU,not ironic,
22964472,22097,22097,1.836113208266142e+18,2024-09-17,NEU,not ironic,
22964473,22098,22098,1.8361132082406848e+18,2024-09-17,POS,not ironic,
22964474,22099,22099,1.8361132069448952e+18,2024-09-17,NEG,ironic,
22964475,22100,22100,1.836113206806484e+18,2024-09-17,POS,not ironic,
22964476,22101,22101,1.836113206336721e+18,2024-09-17,NEU,not ironic,
22964477,22102,22102,1.8361132058921247e+18,2024-09-17,NEU,ironic,
22964478,22103,22103,1.836113204977582e+18,2024-09-17,NEG,ironic,
22964479,22104,22104,1.8361132027338127e+18,2024-09-17,NEG,not ironic,
22964480,22105,22105,1.8361132014795085e+18,2024-09-17,NEU,not ironic,
22964481,22106,22106,1.8361132003890007e+18,2024-09-17,POS,not ironic,
22964482,22107,22107,1.836113199847908e+18,2024-09-17,NEG,ironic,
22964483,22108,22108,1.8361131980111007e+18,2024-09-17,NEG,not ironic,
22964484,22109,22109,1.836113197834834e+18,2024-09-17,NEG,ironic,
22964485,22110,22110,1.8361131974235384e+18,2024-09-17,NEG,not ironic,
22964486,22111,22111,1.836113196337308e+18,2024-09-17,NEU,not ironic,
22964487,22112,22112,1.836113195855156e+18,2024-09-17,NEG,not ironic,
22964488,22113,22113,1.836113195695772e+18,2024-09-17,NEG,ironic,
22964489,22114,22114,1.836113195519345e+18,2024-09-17,NEG,not ironic,
22964490,22115,22115,1.836113194626224e+18,2024-09-17,NEU,ironic,
22964491,22116,22116,1.836113194492052e+18,2024-09-17,NEG,not ironic,
22964492,22117,22117,1.836113194152084e+18,2024-09-17,NEG,not ironic,
22964493,22118,22118,1.836113193409585e+18,2024-09-17,NEG,not ironic,
22964494,22119,22119,1.8361131919500083e+18,2024-09-17,NEG,ironic,
22964495,22120,22120,1.8361131915305697e+18,2024-09-17,NEU,not ironic,
22964496,22121,22121,1.836113191392216e+18,2024-09-17,NEG,ironic,
22964497,22122,22122,1.83611318987416e+18,2024-09-17,NEG,ironic,
22964498,22123,22123,1.8361131887752072e+18,2024-09-17,POS,ironic,
22964499,22124,22124,1.836113187495908e+18,2024-09-17,NEG,ironic,
22964500,22125,22125,1.836113187416216e+18,2024-09-17,NEG,ironic,
22964501,22126,22126,1.8361131860992044e+18,2024-09-17,NEG,ironic,
22964502,22127,22127,1.8361131836832847e+18,2024-09-17,NEG,ironic,
22964503,22128,22128,1.8361131832845847e+18,2024-09-17,NEG,not ironic,
22964504,22129,22129,1.836113183183889e+18,2024-09-17,NEU,ironic,
22964505,22130,22130,1.8361131828695905e+18,2024-09-17,NEU,not ironic,
22964506,22131,22131,1.8361131826554025e+18,2024-09-17,NEG,ironic,
22964507,22132,22132,1.836113181103588e+18,2024-09-17,NEG,ironic,
22964508,22133,22133,1.8361131786962573e+18,2024-09-17,NEG,ironic,
22964509,22134,22134,1.8361131783438991e+18,2024-09-17,NEU,not ironic,
22964510,22135,22135,1.8361131783356047e+18,2024-09-17,NEU,ironic,
22964511,22136,22136,1.836113177626768e+18,2024-09-17,NEU,not ironic,
22964512,22137,22137,1.8361131756761487e+18,2024-09-17,NEU,not ironic,
22964513,22138,22138,1.8361131749507443e+18,2024-09-17,NEG,not ironic,
22964514,22139,22139,1.83611317474918e+18,2024-09-17,NEG,ironic,
22964515,22140,22140,1.836113173323166e+18,2024-09-17,NEG,not ironic,
22964516,22141,22141,1.8361131712639508e+18,2024-09-17,POS,not ironic,
22964517,22142,22142,1.8361131697162527e+18,2024-09-17,NEG,not ironic,
22964518,22143,22143,1.836113168541905e+18,2024-09-17,NEG,not ironic,
22964519,22144,22144,1.836113168042472e+18,2024-09-17,NEG,ironic,
22964520,22145,22145,1.836113165626536e+18,2024-09-17,NEG,ironic,
22964521,22146,22146,1.8361131654923512e+18,2024-09-17,NEU,not ironic,
22964522,22147,22147,1.836113164183696e+18,2024-09-17,NEG,ironic,
22964523,22148,22148,1.8361131636803832e+18,2024-09-17,POS,not ironic,
22964524,22149,22149,1.8361131636513047e+18,2024-09-17,NEG,not ironic,
22964525,22150,22150,1.836113163089224e+18,2024-09-17,NEG,not ironic,
22964526,22151,22151,1.8361131626404616e+18,2024-09-17,NEG,not ironic,
22964527,22152,22152,1.8361131610843712e+18,2024-09-17,NEU,ironic,
22964528,22153,22153,1.836113161058964e+18,2024-09-17,POS,not ironic,
22964529,22154,22154,1.8361131599935693e+18,2024-09-17,NEU,ironic,
22964530,22155,22155,1.8361131599684365e+18,2024-09-17,NEU,ironic,
22964531,22156,22156,1.8361131595786324e+18,2024-09-17,NEG,not ironic,
22964532,22157,22157,1.8361131592050324e+18,2024-09-17,NEG,ironic,
22964533,22158,22158,1.836113158064558e+18,2024-09-17,NEU,ironic,
22964534,22159,22159,1.8361131575485768e+18,2024-09-17,NEG,not ironic,
22964535,22160,22160,1.8361131572463987e+18,2024-09-17,NEU,not ironic,
22964536,22161,22161,1.8361131564580577e+18,2024-09-17,NEG,not ironic,
22964537,22162,22162,1.8361131554973327e+18,2024-09-17,NEG,not ironic,
22964538,22163,22163,1.8361131537904968e+18,2024-09-17,NEU,ironic,
22964539,22164,22164,1.8361131526916467e+18,2024-09-17,NEG,ironic,
22964540,22165,22165,1.8361131523306744e+18,2024-09-17,NEU,not ironic,
22964541,22166,22166,1.8361131523222733e+18,2024-09-17,NEU,ironic,
22964542,22167,22167,1.8361131517017623e+18,2024-09-17,NEG,not ironic,
22964543,22168,22168,1.836113151496e+18,2024-09-17,NEU,not ironic,
22964544,22169,22169,1.8361131514836137e+18,2024-09-17,NEG,not ironic,
22964545,22170,22170,1.8361131511603937e+18,2024-09-17,NEU,not ironic,
22964546,22171,22171,1.836113150778782e+18,2024-09-17,NEG,not ironic,
22964547,22172,22172,1.836113150573437e+18,2024-09-17,POS,ironic,
22964548,22173,22173,1.8361131487025687e+18,2024-09-17,NEU,not ironic,
22964549,22174,22174,1.83611314776298e+18,2024-09-17,NEU,not ironic,
22964550,22175,22175,1.836113147607794e+18,2024-09-17,NEU,not ironic,
22964551,22176,22176,1.836113147205501e+18,2024-09-17,NEG,not ironic,
22964552,22177,22177,1.8361131454938524e+18,2024-09-17,NEU,not ironic,
22964553,22178,22178,1.8361131454689807e+18,2024-09-17,NEG,not ironic,
22964554,22179,22179,1.836113145204528e+18,2024-09-17,NEU,not ironic,
22964555,22180,22180,1.836113144596566e+18,2024-09-17,NEU,not ironic,
22964556,22181,22181,1.8361131435352148e+18,2024-09-17,NEG,not ironic,
22964557,22182,22182,1.836113143346648e+18,2024-09-17,NEG,ironic,
22964558,22183,22183,1.8361131430111565e+18,2024-09-17,NEG,ironic,
22964559,22184,22184,1.8361131427927693e+18,2024-09-17,NEU,not ironic,
22964560,22185,22185,1.8361131397018127e+18,2024-09-17,NEU,not ironic,
22964561,22186,22186,1.8361131391353285e+18,2024-09-17,NEU,not ironic,
22964562,22187,22187,1.8361131378018468e+18,2024-09-17,NEG,not ironic,
22964563,22188,22188,1.8361131365183365e+18,2024-09-17,NEG,not ironic,
22964564,22189,22189,1.8361131362708728e+18,2024-09-17,NEU,not ironic,
22964565,22190,22190,1.836113135406928e+18,2024-09-17,NEU,not ironic,
22964566,22191,22191,1.8361131351004408e+18,2024-09-17,NEU,not ironic,
22964567,22192,22192,1.8361131345970632e+18,2024-09-17,NEG,not ironic,
22964568,22193,22193,1.836113133737264e+18,2024-09-17,NEG,ironic,
22964569,22194,22194,1.836113133720552e+18,2024-09-17,NEG,ironic,
22964570,22195,22195,1.8361131336661809e+18,2024-09-17,NEG,not ironic,
22964571,22196,22196,1.8361131332591045e+18,2024-09-17,NEG,ironic,
22964572,22197,22197,1.8361131327644347e+18,2024-09-17,NEG,ironic,
22964573,22198,22198,1.8361131298030392e+18,2024-09-17,POS,not ironic,
22964574,22199,22199,1.836113129400312e+18,2024-09-17,NEU,not ironic,
22964575,22200,22200,1.83611312890547e+18,2024-09-17,NEU,ironic,
22964576,22201,22201,1.8361131282511296e+18,2024-09-17,NEG,not ironic,
22964577,22202,22202,1.836113127618024e+18,2024-09-17,NEU,not ironic,
22964578,22203,22203,1.8361131271731407e+18,2024-09-17,NEU,not ironic,
22964579,22204,22204,1.8361131270473887e+18,2024-09-17,NEG,not ironic,
22964580,22205,22205,1.836113126745368e+18,2024-09-17,NEU,not ironic,
22964581,22206,22206,1.8361131243210176e+18,2024-09-17,NEU,not ironic,
22964582,22207,22207,1.8361131226352684e+18,2024-09-17,NEG,ironic,
22964583,22208,22208,1.8361131207184548e+18,2024-09-17,POS,ironic,
22964584,22209,22209,1.8361131201437865e+18,2024-09-17,NEU,not ironic,
22964585,22210,22210,1.836113119237768e+18,2024-09-17,NEG,not ironic,
22964586,22211,22211,1.8361131188896525e+18,2024-09-17,NEU,not ironic,
22964587,22212,22212,1.8361131178914696e+18,2024-09-17,NEU,not ironic,
22964588,22213,22213,1.836113117794964e+18,2024-09-17,NEG,not ironic,
22964589,22214,22214,1.8361131170984428e+18,2024-09-17,NEG,ironic,
22964590,22215,22215,1.8361131169936591e+18,2024-09-17,NEG,not ironic,
22964591,22216,22216,1.8361131128999977e+18,2024-09-17,NEG,not ironic,
22964592,22217,22217,1.836113105983578e+18,2024-09-17,NEG,ironic,
22964593,22218,22218,1.83611310506922e+18,2024-09-17,NEU,not ironic,
22964594,22219,22219,1.8361131050610568e+18,2024-09-17,NEU,not ironic,
22964595,22220,22220,1.8361131046500152e+18,2024-09-17,NEU,not ironic,
22964596,22221,22221,1.836113104431912e+18,2024-09-17,NEU,not ironic,
22964597,22222,22222,1.836113103760888e+18,2024-09-17,NEU,not ironic,
22964598,22223,22223,1.8361131028588216e+18,2024-09-17,NEG,ironic,
22964599,22224,22224,1.836113102003409e+18,2024-09-17,NEG,ironic,
22964600,22225,22225,1.836113101898552e+18,2024-09-17,NEG,ironic,
22964601,22226,22226,1.8361131013111e+18,2024-09-17,NEG,not ironic,
22964602,22227,22227,1.8361131010094287e+18,2024-09-17,POS,not ironic,
22964603,22228,22228,1.836113100900328e+18,2024-09-17,NEG,not ironic,
22964604,22229,22229,1.83611310048512e+18,2024-09-17,NEU,not ironic,
22964605,22230,22230,1.8361131001325448e+18,2024-09-17,NEU,not ironic,
22964606,22231,22231,1.8361130993442368e+18,2024-09-17,NEG,not ironic,
22964607,22232,22232,1.83611309904649e+18,2024-09-17,NEG,not ironic,
22964608,22233,22233,1.8361130990126607e+18,2024-09-17,NEU,ironic,
22964609,22234,22234,1.8361130989248512e+18,2024-09-17,NEG,not ironic,
22964610,22235,22235,1.83611309870676e+18,2024-09-17,NEG,not ironic,
22964611,22236,22236,1.8361130974148408e+18,2024-09-17,NEG,ironic,
22964612,22237,22237,1.836113097334936e+18,2024-09-17,POS,not ironic,
22964613,22238,22238,1.8361130971546048e+18,2024-09-17,NEG,not ironic,
22964614,22239,22239,1.8361130971044616e+18,2024-09-17,NEG,ironic,
22964615,22240,22240,1.83611309610628e+18,2024-09-17,NEG,not ironic,
22964616,22241,22241,1.836113094851896e+18,2024-09-17,NEU,not ironic,
22964617,22242,22242,1.8361130948350487e+18,2024-09-17,NEG,not ironic,
22964618,22243,22243,1.836113094214324e+18,2024-09-17,NEG,ironic,
22964619,22244,22244,1.836113094189228e+18,2024-09-17,NEG,ironic,
22964620,22245,22245,1.836113094071952e+18,2024-09-17,NEG,ironic,
22964621,22246,22246,1.8361130935349084e+18,2024-09-17,NEG,ironic,
22964622,22247,22247,1.836113092943442e+18,2024-09-17,NEU,ironic,
22964623,22248,22248,1.8361130928094945e+18,2024-09-17,NEG,not ironic,
22964624,22249,22249,1.8361130918865065e+18,2024-09-17,NEU,ironic,
22964625,22250,22250,1.8361130910350664e+18,2024-09-17,NEG,ironic,
22964626,22251,22251,1.836113090871697e+18,2024-09-17,NEG,not ironic,
22964627,22252,22252,1.836113090707964e+18,2024-09-17,NEG,ironic,
22964628,22253,22253,1.8361130905404293e+18,2024-09-17,NEG,ironic,
22964629,22254,22254,1.836113089751569e+18,2024-09-17,NEU,ironic,
22964630,22255,22255,1.8361130896595848e+18,2024-09-17,NEG,not ironic,
22964631,22256,22256,1.836113087784424e+18,2024-09-17,NEG,not ironic,
22964632,22257,22257,1.836113085574324e+18,2024-09-17,NEG,not ironic,
22964633,22258,22258,1.8361130853727565e+18,2024-09-17,NEU,not ironic,
22964634,22259,22259,1.8361130851172024e+18,2024-09-17,NEG,not ironic,
22964635,22260,22260,1.8361130836699057e+18,2024-09-17,NEU,not ironic,
22964636,22261,22261,1.8361130830787087e+18,2024-09-17,NEG,ironic,
22964637,22262,22262,1.836113082759688e+18,2024-09-17,POS,ironic,
22964638,22263,22263,1.836113081249764e+18,2024-09-17,POS,ironic,
22964639,22264,22264,1.836113080947712e+18,2024-09-17,NEG,ironic,
22964640,22265,22265,1.836113080905789e+18,2024-09-17,NEG,not ironic,
22964641,22266,22266,1.836113080679568e+18,2024-09-17,NEG,ironic,
22964642,22267,22267,1.8361130799075533e+18,2024-09-17,NEG,not ironic,
22964643,22268,22268,1.8361130789515223e+18,2024-09-17,NEU,not ironic,
22964644,22269,22269,1.8361130787376049e+18,2024-09-17,NEG,ironic,
22964645,22270,22270,1.836113078192145e+18,2024-09-17,NEU,not ironic,
22964646,22271,22271,1.8361130775083748e+18,2024-09-17,POS,ironic,
22964647,22272,22272,1.8361130768124152e+18,2024-09-17,NEG,not ironic,
22964648,22273,22273,1.8361130767618207e+18,2024-09-17,NEG,ironic,
22964649,22274,22274,1.8361130764263547e+18,2024-09-17,NEU,not ironic,
22964650,22275,22275,1.8361130762920305e+18,2024-09-17,NEU,not ironic,
22964651,22276,22276,1.8361130743000315e+18,2024-09-17,NEU,not ironic,
22964652,22277,22277,1.8361130741952105e+18,2024-09-17,NEG,ironic,
22964653,22278,22278,1.8361130735240847e+18,2024-09-17,NEG,ironic,
22964654,22279,22279,1.8361130732931768e+18,2024-09-17,NEG,not ironic,
22964655,22280,22280,1.836113072521372e+18,2024-09-17,NEG,ironic,
22964656,22281,22281,1.8361130715231688e+18,2024-09-17,NEG,ironic,
22964657,22282,22282,1.8361130706968248e+18,2024-09-17,NEG,ironic,
22964658,22283,22283,1.8361130679202368e+18,2024-09-17,NEG,not ironic,
22964659,22284,22284,1.8361130661337208e+18,2024-09-17,NEG,not ironic,
22964660,22285,22285,1.836113065831732e+18,2024-09-17,NEU,ironic,
22964661,22286,22286,1.836113065810564e+18,2024-09-17,NEG,not ironic,
22964662,22287,22287,1.836113065210786e+18,2024-09-17,NEU,not ironic,
22964663,22288,22288,1.8361130626105551e+18,2024-09-17,NEG,not ironic,
22964664,22289,22289,1.836113062597735e+18,2024-09-17,NEU,ironic,
22964665,22290,22290,1.8361130602404905e+18,2024-09-17,NEG,not ironic,
22964666,22291,22291,1.8361130598045125e+18,2024-09-17,NEG,not ironic,
22964667,22292,22292,1.836113059657716e+18,2024-09-17,NEU,not ironic,
22964668,22293,22293,1.836113059644912e+18,2024-09-17,NEU,ironic,
22964669,22294,22294,1.836113055736058e+18,2024-09-17,NEG,ironic,
22964670,22295,22295,1.83611305478375e+18,2024-09-17,POS,not ironic,
22964671,22296,22296,1.8361130529468293e+18,2024-09-17,NEG,ironic,
22964672,22297,22297,1.836113051256578e+18,2024-09-17,NEU,not ironic,
22964673,22298,22298,1.8361130511891743e+18,2024-09-17,NEG,not ironic,
22964674,22299,22299,1.8361130511137303e+18,2024-09-17,NEG,ironic,
22964675,22300,22300,1.8361130510342272e+18,2024-09-17,NEU,not ironic,
22964676,22301,22301,1.836113050706887e+18,2024-09-17,NEG,not ironic,
22964677,22302,22302,1.836113050656502e+18,2024-09-17,NEU,ironic,
22964678,22303,22303,1.836113050316817e+18,2024-09-17,NEU,not ironic,
22964679,22304,22304,1.83611304622336e+18,2024-09-17,NEG,not ironic,
22964680,22305,22305,1.8361130459337649e+18,2024-09-17,NEG,not ironic,
22964681,22306,22306,1.836113045585826e+18,2024-09-17,NEU,not ironic,
22964682,22307,22307,1.8361130455103288e+18,2024-09-17,NEU,ironic,
22964683,22308,22308,1.8361130451915607e+18,2024-09-17,NEG,ironic,
22964684,22309,22309,1.8361130441849e+18,2024-09-17,POS,not ironic,
22964685,22310,22310,1.836113043950048e+18,2024-09-17,NEG,ironic,
22964686,22311,22311,1.836113043794604e+18,2024-09-17,NEU,not ironic,
22964687,22312,22312,1.836113043518009e+18,2024-09-17,NEU,ironic,
22964688,22313,22313,1.8361130426960243e+18,2024-09-17,NEU,not ironic,
22964689,22314,22314,1.836113041781592e+18,2024-09-17,NEG,not ironic,
22964690,22315,22315,1.8361130416767345e+18,2024-09-17,NEG,not ironic,
22964691,22316,22316,1.8361130412573043e+18,2024-09-17,NEU,ironic,
22964692,22317,22317,1.8361130408711703e+18,2024-09-17,NEG,ironic,
22964693,22318,22318,1.836113040695268e+18,2024-09-17,POS,ironic,
22964694,22319,22319,1.8361130388327096e+18,2024-09-17,NEU,ironic,
22964695,22320,22320,1.836113038593704e+18,2024-09-17,NEG,ironic,
22964696,22321,22321,1.8361130382791112e+18,2024-09-17,NEU,not ironic,
22964697,22322,22322,1.836113037662864e+18,2024-09-17,NEG,not ironic,
22964698,22323,22323,1.836113037142512e+18,2024-09-17,NEG,not ironic,
22964699,22324,22324,1.8361130356157727e+18,2024-09-17,NEG,not ironic,
22964700,22325,22325,1.8361130349742367e+18,2024-09-17,NEU,not ironic,
22964701,22326,22326,1.8361130349446267e+18,2024-09-17,NEU,ironic,
22964702,22327,22327,1.836113034604913e+18,2024-09-17,NEG,ironic,
22964703,22328,22328,1.836113034474926e+18,2024-09-17,NEG,not ironic,
22964704,22329,22329,1.8361130333132923e+18,2024-09-17,NEU,not ironic,
22964705,22330,22330,1.8361130331622976e+18,2024-09-17,NEU,ironic,
22964706,22331,22331,1.836113032919012e+18,2024-09-17,POS,ironic,
22964707,22332,22332,1.836113030809105e+18,2024-09-17,NEG,ironic,
22964708,22333,22333,1.8361130303434345e+18,2024-09-17,NEU,not ironic,
22964709,22334,22334,1.8361130302850048e+18,2024-09-17,NEU,not ironic,
22964710,22335,22335,1.8361130295129787e+18,2024-09-17,NEU,not ironic,
22964711,22336,22336,1.8361130294755528e+18,2024-09-17,NEG,ironic,
22964712,22337,22337,1.836113028884108e+18,2024-09-17,NEG,not ironic,
22964713,22338,22338,1.8361130286115144e+18,2024-09-17,NEU,not ironic,
22964714,22339,22339,1.836113026296284e+18,2024-09-17,NEG,not ironic,
22964715,22340,22340,1.836113025121616e+18,2024-09-17,NEU,not ironic,
22964716,22341,22341,1.8361130251008453e+18,2024-09-17,NEG,ironic,
22964717,22342,22342,1.836113023347377e+18,2024-09-17,NEG,not ironic,
22964718,22343,22343,1.836113021611e+18,2024-09-17,POS,not ironic,
22964719,22344,22344,1.8361130209611167e+18,2024-09-17,NEG,ironic,
22964720,22345,22345,1.8361130209021007e+18,2024-09-17,NEG,not ironic,
22964721,22346,22346,1.836113020432392e+18,2024-09-17,NEG,ironic,
22964722,22347,22347,1.8361130186203707e+18,2024-09-17,NEU,ironic,
22964723,22348,22348,1.836113018113184e+18,2024-09-17,NEG,ironic,
22964724,22349,22349,1.8361130176098063e+18,2024-09-17,NEU,not ironic,
22964725,22350,22350,1.8361130161290324e+18,2024-09-17,NEG,not ironic,
22964726,22351,22351,1.836113015391101e+18,2024-09-17,NEG,ironic,
22964727,22352,22352,1.8361130152565765e+18,2024-09-17,NEG,ironic,
22964728,22353,22353,1.8361130135665257e+18,2024-09-17,NEU,ironic,
22964729,22354,22354,1.836113011804926e+18,2024-09-17,NEU,not ironic,
22964730,22355,22355,1.8361130105882583e+18,2024-09-17,POS,not ironic,
22964731,22356,22356,1.836113010567582e+18,2024-09-17,NEG,ironic,
22964732,22357,22357,1.8361130104667256e+18,2024-09-17,NEG,ironic,
22964733,22358,22358,1.8361130104166484e+18,2024-09-17,NEG,not ironic,
22964734,22359,22359,1.836113010273981e+18,2024-09-17,NEU,not ironic,
22964735,22360,22360,1.8361130091663977e+18,2024-09-17,NEU,not ironic,
22964736,22361,22361,1.836113008478634e+18,2024-09-17,NEG,ironic,
22964737,22362,22362,1.8361130076189783e+18,2024-09-17,NEG,not ironic,
22964738,22363,22363,1.836113007140836e+18,2024-09-17,NEG,ironic,
22964739,22364,22364,1.836113007052743e+18,2024-09-17,NEU,not ironic,
22964740,22365,22365,1.836113005081232e+18,2024-09-17,NEG,not ironic,
22964741,22366,22366,1.836113004720444e+18,2024-09-17,NEG,not ironic,
22964742,22367,22367,1.8361130044687808e+18,2024-09-17,NEG,not ironic,
22964743,22368,22368,1.8361130043725944e+18,2024-09-17,NEG,ironic,
22964744,22369,22369,1.8361130039321807e+18,2024-09-17,NEG,ironic,
22964745,22370,22370,1.8361130037600256e+18,2024-09-17,NEG,ironic,
22964746,22371,22371,1.83611300347508e+18,2024-09-17,NEG,not ironic,
22964747,22372,22372,1.8361130032776115e+18,2024-09-17,NEU,not ironic,
22964748,22373,22373,1.8361130030555835e+18,2024-09-17,NEG,not ironic,
22964749,22374,22374,1.8361130024726528e+18,2024-09-17,NEG,not ironic,
22964750,22375,22375,1.83611300133145e+18,2024-09-17,POS,ironic,
22964751,22376,22376,1.8361130005513257e+18,2024-09-17,NEG,not ironic,
22964752,22377,22377,1.8361129993897656e+18,2024-09-17,NEU,not ironic,
22964753,22378,22378,1.836112999343416e+18,2024-09-17,NEU,not ironic,
22964754,22379,22379,1.836112996025934e+18,2024-09-17,NEG,not ironic,
22964755,22380,22380,1.8361129960049585e+18,2024-09-17,NEG,ironic,
22964756,22381,22381,1.8361129956062085e+18,2024-09-17,NEU,ironic,
22964757,22382,22382,1.8361129952497009e+18,2024-09-17,NEU,ironic,
22964758,22383,22383,1.8361129947926e+18,2024-09-17,NEU,ironic,
22964759,22384,22384,1.8361129945327288e+18,2024-09-17,NEG,ironic,
22964760,22385,22385,1.8361129940040207e+18,2024-09-17,NEU,not ironic,
22964761,22386,22386,1.8361129935303188e+18,2024-09-17,NEU,not ironic,
22964762,22387,22387,1.8361129901411123e+18,2024-09-17,NEU,ironic,
22964763,22388,22388,1.8361129895245453e+18,2024-09-17,POS,ironic,
22964764,22389,22389,1.8361129892434573e+18,2024-09-17,NEG,not ironic,
22964765,22390,22390,1.836112988732036e+18,2024-09-17,NEG,not ironic,
22964766,22391,22391,1.836112988320748e+18,2024-09-17,NEU,not ironic,
22964767,22392,22392,1.8361129882329088e+18,2024-09-17,NEG,ironic,
22964768,22393,22393,1.836112987674792e+18,2024-09-17,POS,not ironic,
22964769,22394,22394,1.836112987427582e+18,2024-09-17,NEG,ironic,
22964770,22395,22395,1.8361129865466225e+18,2024-09-17,NEG,not ironic,
22964771,22396,22396,1.836112986362045e+18,2024-09-17,NEU,not ironic,
22964772,22397,22397,1.836112985494033e+18,2024-09-17,POS,not ironic,
22964773,22398,22398,1.8361129853052887e+18,2024-09-17,NEU,not ironic,
22964774,22399,22399,1.8361129850452751e+18,2024-09-17,POS,not ironic,
22964775,22400,22400,1.8361129841938432e+18,2024-09-17,POS,ironic,
22964776,22401,22401,1.8361129832920228e+18,2024-09-17,NEU,not ironic,
22964777,22402,22402,1.8361129822558167e+18,2024-09-17,POS,not ironic,
22964778,22403,22403,1.8361129818656768e+18,2024-09-17,NEG,not ironic,
22964779,22404,22404,1.8361129815218296e+18,2024-09-17,NEG,not ironic,
22964780,22405,22405,1.836112981161096e+18,2024-09-17,NEU,ironic,
22964781,22406,22406,1.836112979424637e+18,2024-09-17,NEG,ironic,
22964782,22407,22407,1.83611297931144e+18,2024-09-17,NEG,ironic,
22964783,22408,22408,1.83611297911446e+18,2024-09-17,NEG,not ironic,
22964784,22409,22409,1.8361129772645545e+18,2024-09-17,NEG,ironic,
22964785,22410,22410,1.836112975427704e+18,2024-09-17,NEU,ironic,
22964786,22411,22411,1.836112974672728e+18,2024-09-17,NEG,not ironic,
22964787,22412,22412,1.836112974437668e+18,2024-09-17,NEG,ironic,
22964788,22413,22413,1.836112974018417e+18,2024-09-17,NEU,ironic,
22964789,22414,22414,1.8361129735780147e+18,2024-09-17,NEU,not ironic,
22964790,22415,22415,1.8361129731709747e+18,2024-09-17,NEG,not ironic,
22964791,22416,22416,1.8361129730156795e+18,2024-09-17,NEU,ironic,
22964792,22417,22417,1.8361129727853368e+18,2024-09-17,NEG,not ironic,
22964793,22418,22418,1.8361129727391708e+18,2024-09-17,NEG,not ironic,
22964794,22419,22419,1.8361129723026765e+18,2024-09-17,NEG,ironic,
22964795,22420,22420,1.8361129705243807e+18,2024-09-17,NEG,not ironic,
22964796,22421,22421,1.836112968884593e+18,2024-09-17,NEG,ironic,
22964797,22422,22422,1.8361129685532385e+18,2024-09-17,NEG,ironic,
22964798,22423,22423,1.836112968251249e+18,2024-09-17,NEU,not ironic,
22964799,22424,22424,1.8361129670723543e+18,2024-09-17,NEU,ironic,
22964800,22425,22425,1.8361129661370573e+18,2024-09-17,NEG,not ironic,
22964801,22426,22426,1.836112965587837e+18,2024-09-17,NEU,ironic,
22964802,22427,22427,1.8361129649586875e+18,2024-09-17,NEU,ironic,
22964803,22428,22428,1.8361129646316096e+18,2024-09-17,POS,not ironic,
22964804,22429,22429,1.836112962697724e+18,2024-09-17,NEU,not ironic,
22964805,22430,22430,1.8361129620478728e+18,2024-09-17,NEG,ironic,
22964806,22431,22431,1.836112961242272e+18,2024-09-17,NEG,not ironic,
22964807,22432,22432,1.8361129606343928e+18,2024-09-17,NEG,not ironic,
22964808,22433,22433,1.836112959397073e+18,2024-09-17,NEG,not ironic,
22964809,22434,22434,1.8361129591789688e+18,2024-09-17,POS,not ironic,
22964810,22435,22435,1.836112959153595e+18,2024-09-17,NEG,ironic,
22964811,22436,22436,1.836112958117565e+18,2024-09-17,NEU,not ironic,
22964812,22437,22437,1.8361129566665807e+18,2024-09-17,NEU,ironic,
22964813,22438,22438,1.8361129559158584e+18,2024-09-17,NEU,ironic,
22964814,22439,22439,1.836112953625489e+18,2024-09-17,NEG,ironic,
22964815,22440,22440,1.8361129535247887e+18,2024-09-17,NEU,not ironic,
22964816,22441,22441,1.8361129524806656e+18,2024-09-17,NEU,not ironic,
22964817,22442,22442,1.836112951700284e+18,2024-09-17,NEG,not ironic,
22964818,22443,22443,1.836112950987248e+18,2024-09-17,NEG,not ironic,
22964819,22444,22444,1.8361129494353024e+18,2024-09-17,NEG,not ironic,
22964820,22445,22445,1.8361129463399508e+18,2024-09-17,NEG,ironic,
22964821,22446,22446,1.8361129460043727e+18,2024-09-17,POS,not ironic,
22964822,22447,22447,1.8361129444276388e+18,2024-09-17,NEU,ironic,
22964823,22448,22448,1.8361129435969293e+18,2024-09-17,NEU,not ironic,
22964824,22449,22449,1.8361129423807488e+18,2024-09-17,NEG,ironic,
22964825,22450,22450,1.83611294206598e+18,2024-09-17,NEG,ironic,
22964826,22451,22451,1.8361129380354831e+18,2024-09-17,NEU,ironic,
22964827,22452,22452,1.8361129369740943e+18,2024-09-17,NEG,not ironic,
22964828,22453,22453,1.8361129360809367e+18,2024-09-17,NEU,not ironic,
22964829,22454,22454,1.8361129359632264e+18,2024-09-17,NEU,not ironic,
22964830,22455,22455,1.836112935543857e+18,2024-09-17,NEU,not ironic,
22964831,22456,22456,1.836112934952391e+18,2024-09-17,NEU,not ironic,
22964832,22457,22457,1.8361129349149128e+18,2024-09-17,NEG,not ironic,
22964833,22458,22458,1.8361129346462843e+18,2024-09-17,NEG,not ironic,
22964834,22459,22459,1.836112934327685e+18,2024-09-17,NEU,not ironic,
22964835,22460,22460,1.8361129339963924e+18,2024-09-17,NEG,ironic,
22964836,22461,22461,1.8361129339499848e+18,2024-09-17,NEU,not ironic,
22964837,22462,22462,1.8361129337990308e+18,2024-09-17,POS,ironic,
22964838,22463,22463,1.8361129335518487e+18,2024-09-17,NEG,ironic,
22964839,22464,22464,1.8361129321425467e+18,2024-09-17,NEU,not ironic,
22964840,22465,22465,1.8361129315173207e+18,2024-09-17,NEG,ironic,
22964841,22466,22466,1.8361129314421148e+18,2024-09-17,NEG,not ironic,
22964842,22467,22467,1.8361129295503729e+18,2024-09-17,NEG,not ironic,
22964843,22468,22468,1.836112929113924e+18,2024-09-17,NEG,not ironic,
22964844,22469,22469,1.8361129287660708e+18,2024-09-17,NEU,ironic,
22964845,22470,22470,1.836112928564536e+18,2024-09-17,NEG,not ironic,
22964846,22471,22471,1.836112928396756e+18,2024-09-17,NEU,not ironic,
22964847,22472,22472,1.8361129282082284e+18,2024-09-17,NEG,ironic,
22964848,22473,22473,1.8361129277636324e+18,2024-09-17,NEG,not ironic,
22964849,22474,22474,1.8361129242110853e+18,2024-09-17,NEG,ironic,
22964850,22475,22475,1.8361129240432847e+18,2024-09-17,NEU,ironic,
22964851,22476,22476,1.8361129224997809e+18,2024-09-17,POS,not ironic,
22964852,22477,22477,1.836112922285585e+18,2024-09-17,POS,not ironic,
22964853,22478,22478,1.836112921492964e+18,2024-09-17,NEU,not ironic,
22964854,22479,22479,1.8361129210105487e+18,2024-09-17,NEU,not ironic,
22964855,22480,22480,1.8361129197731963e+18,2024-09-17,POS,not ironic,
22964856,22481,22481,1.8361129194001905e+18,2024-09-17,NEG,ironic,
22964857,22482,22482,1.836112916308984e+18,2024-09-17,NEG,not ironic,
22964858,22483,22483,1.8361129161870828e+18,2024-09-17,NEU,not ironic,
22964859,22484,22484,1.8361129159105293e+18,2024-09-17,NEG,ironic,
22964860,22485,22485,1.836112915134584e+18,2024-09-17,POS,not ironic,
22964861,22486,22486,1.8361129137882565e+18,2024-09-17,NEG,ironic,
22964862,22487,22487,1.8361129122363028e+18,2024-09-17,NEU,not ironic,
22964863,22488,22488,1.8361129112087432e+18,2024-09-17,NEU,not ironic,
22964864,22489,22489,1.836112910659056e+18,2024-09-17,NEG,not ironic,
22964865,22490,22490,1.836112910306726e+18,2024-09-17,NEG,ironic,
22964866,22491,22491,1.836112909921137e+18,2024-09-17,NEU,not ironic,
22964867,22492,22492,1.836112908591432e+18,2024-09-17,NEG,not ironic,
22964868,22493,22493,1.8361129080084608e+18,2024-09-17,NEU,not ironic,
22964869,22494,22494,1.83611290686734e+18,2024-09-17,NEU,not ironic,
22964870,22495,22495,1.8361129060200776e+18,2024-09-17,NEG,not ironic,
22964871,22496,22496,1.8361129059740224e+18,2024-09-17,POS,ironic,
22964872,22497,22497,1.8361129057854835e+18,2024-09-17,NEG,not ironic,
22964873,22498,22498,1.8361129056804088e+18,2024-09-17,NEG,not ironic,
22964874,22499,22499,1.8361129053283003e+18,2024-09-17,NEU,ironic,
22964875,22500,22500,1.8361129046530376e+18,2024-09-17,NEG,not ironic,
22964876,22501,22501,1.8361129043636104e+18,2024-09-17,NEG,ironic,
22964877,22502,22502,1.8361129031556588e+18,2024-09-17,NEG,not ironic,
22964878,22503,22503,1.8361129031135032e+18,2024-09-17,NEG,not ironic,
22964879,22504,22504,1.836112903109534e+18,2024-09-17,NEU,not ironic,
22964880,22505,22505,1.8361129024468337e+18,2024-09-17,NEG,not ironic,
22964881,22506,22506,1.8361129013183e+18,2024-09-17,NEU,not ironic,
22964882,22507,22507,1.8361129009827187e+18,2024-09-17,NEU,not ironic,
22964883,22508,22508,1.8361129007982715e+18,2024-09-17,NEU,not ironic,
22964884,22509,22509,1.8361129006558413e+18,2024-09-17,POS,ironic,
22964885,22510,22510,1.8361128991249777e+18,2024-09-17,POS,ironic,
22964886,22511,22511,1.836112899103953e+18,2024-09-17,NEU,not ironic,
22964887,22512,22512,1.836112898701288e+18,2024-09-17,NEU,not ironic,
22964888,22513,22513,1.836112897514095e+18,2024-09-17,NEG,not ironic,
22964889,22514,22514,1.8361128968096689e+18,2024-09-17,NEU,not ironic,
22964890,22515,22515,1.8361128967674964e+18,2024-09-17,NEU,not ironic,
22964891,22516,22516,1.8361128964993068e+18,2024-09-17,NEG,ironic,
22964892,22517,22517,1.8361128956727583e+18,2024-09-17,NEU,not ironic,
22964893,22518,22518,1.836112894829777e+18,2024-09-17,NEU,not ironic,
22964894,22519,22519,1.8361128947961933e+18,2024-09-17,NEU,ironic,
22964895,22520,22520,1.836112894477624e+18,2024-09-17,NEG,ironic,
22964896,22521,22521,1.8361128940034168e+18,2024-09-17,NEG,not ironic,
22964897,22522,22522,1.8361128924224883e+18,2024-09-17,POS,ironic,
22964898,22523,22523,1.8361128916545823e+18,2024-09-17,NEG,not ironic,
22964899,22524,22524,1.8361128904678807e+18,2024-09-17,NEG,not ironic,
22964900,22525,22525,1.836112890182476e+18,2024-09-17,NEU,ironic,
22964901,22526,22526,1.8361128899685133e+18,2024-09-17,NEU,not ironic,
22964902,22527,22527,1.836112889947788e+18,2024-09-17,NEG,not ironic,
22964903,22528,22528,1.8361128898174733e+18,2024-09-17,NEU,not ironic,
22964904,22529,22529,1.83611288849628e+18,2024-09-17,NEG,ironic,
22964905,22530,22530,1.8361128884627743e+18,2024-09-17,NEG,ironic,
22964906,22531,22531,1.836112887556768e+18,2024-09-17,NEU,not ironic,
22964907,22532,22532,1.83611288697802e+18,2024-09-17,NEU,not ironic,
22964908,22533,22533,1.836112886395032e+18,2024-09-17,NEU,ironic,
22964909,22534,22534,1.836112884851508e+18,2024-09-17,NEG,not ironic,
22964910,22535,22535,1.8361128831066e+18,2024-09-17,NEU,not ironic,
22964911,22536,22536,1.8361128818318093e+18,2024-09-17,POS,ironic,
22964912,22537,22537,1.8361128812024305e+18,2024-09-17,NEG,not ironic,
22964913,22538,22538,1.8361128796927263e+18,2024-09-17,NEG,not ironic,
22964914,22539,22539,1.8361128780234465e+18,2024-09-17,NEG,not ironic,
22964915,22540,22540,1.8361128774613448e+18,2024-09-17,NEG,not ironic,
22964916,22541,22541,1.83611287632477e+18,2024-09-17,NEG,not ironic,
22964917,22542,22542,1.8361128731283743e+18,2024-09-17,NEG,ironic,
22964918,22543,22543,1.8361128716687567e+18,2024-09-17,NEG,ironic,
22964919,22544,22544,1.8361128710021944e+18,2024-09-17,POS,not ironic,
22964920,22545,22545,1.8361128706578844e+18,2024-09-17,NEG,ironic,
22964921,22546,22546,1.8361128705111288e+18,2024-09-17,NEU,not ironic,
22964922,22547,22547,1.8361128692237312e+18,2024-09-17,POS,ironic,
22964923,22548,22548,1.83611286893852e+18,2024-09-17,NEG,not ironic,
22964924,22549,22549,1.836112868833432e+18,2024-09-17,NEG,not ironic,
22964925,22550,22550,1.8361128686069107e+18,2024-09-17,NEG,ironic,
22964926,22551,22551,1.8361128665226e+18,2024-09-17,NEU,ironic,
22964927,22552,22552,1.8361128633011896e+18,2024-09-17,NEG,not ironic,
22964928,22553,22553,1.836112861858284e+18,2024-09-17,POS,not ironic,
22964929,22554,22554,1.8361128596607183e+18,2024-09-17,NEU,not ironic,
22964930,22555,22555,1.8361128565482616e+18,2024-09-17,POS,ironic,
22964931,22556,22556,1.83611285295802e+18,2024-09-17,NEG,not ironic,
22964932,22557,22557,1.836112851921994e+18,2024-09-17,NEG,not ironic,
22964933,22558,22558,1.8361128518383127e+18,2024-09-17,NEU,ironic,
22964934,22559,22559,1.8361128510579425e+18,2024-09-17,NEU,not ironic,
22964935,22560,22560,1.8361128501436623e+18,2024-09-17,NEG,ironic,
22964936,22561,22561,1.836112849770361e+18,2024-09-17,NEG,not ironic,
22964937,22562,22562,1.836112849053102e+18,2024-09-17,NEG,not ironic,
22964938,22563,22563,1.8361128490069937e+18,2024-09-17,NEU,not ironic,
22964939,22564,22564,1.8361128472621263e+18,2024-09-17,NEG,ironic,
22964940,22565,22565,1.8361128458530693e+18,2024-09-17,NEG,ironic,
22964941,22566,22566,1.836112844896588e+18,2024-09-17,NEG,not ironic,
22964942,22567,22567,1.836112842920952e+18,2024-09-17,NEU,ironic,
22964943,22568,22568,1.83611284137332e+18,2024-09-17,NEU,not ironic,
22964944,22569,22569,1.8361128411177208e+18,2024-09-17,NEG,ironic,
22964945,22570,22570,1.836112839913726e+18,2024-09-17,NEG,ironic,
22964946,22571,22571,1.8361128398926725e+18,2024-09-17,NEU,ironic,
22964947,22572,22572,1.8361128392762204e+18,2024-09-17,NEG,not ironic,
22964948,22573,22573,1.8361128383201e+18,2024-09-17,NEG,ironic,
22964949,22574,22574,1.8361128382572216e+18,2024-09-17,NEG,not ironic,
22964950,22575,22575,1.8361128372084168e+18,2024-09-17,NEG,ironic,
22964951,22576,22576,1.836112837137105e+18,2024-09-17,NEG,not ironic,
22964952,22577,22577,1.8361128363150336e+18,2024-09-17,NEU,not ironic,
22964953,22578,22578,1.836112836088808e+18,2024-09-17,NEU,not ironic,
22964954,22579,22579,1.8361128354509007e+18,2024-09-17,NEU,not ironic,
22964955,22580,22580,1.8361128344152312e+18,2024-09-17,POS,not ironic,
22964956,22581,22581,1.8361128339200369e+18,2024-09-17,NEG,ironic,
22964957,22582,22582,1.836112831646696e+18,2024-09-17,POS,ironic,
22964958,22583,22583,1.8361128313783053e+18,2024-09-17,NEG,ironic,
22964959,22584,22584,1.836112831227532e+18,2024-09-17,NEG,ironic,
22964960,22585,22585,1.836112830539665e+18,2024-09-17,NEG,not ironic,
22964961,22586,22586,1.8361128299356984e+18,2024-09-17,NEG,not ironic,
22964962,22587,22587,1.836112828907836e+18,2024-09-17,POS,ironic,
22964963,22588,22588,1.836112827536601e+18,2024-09-17,NEG,not ironic,
22964964,22589,22589,1.836112826584154e+18,2024-09-17,NEU,not ironic,
22964965,22590,22590,1.8361128258923768e+18,2024-09-17,NEU,not ironic,
22964966,22591,22591,1.8361128251665329e+18,2024-09-17,NEU,ironic,
22964967,22592,22592,1.8361128247138427e+18,2024-09-17,POS,ironic,
22964968,22593,22593,1.8361128245669768e+18,2024-09-17,NEG,not ironic,
22964969,22594,22594,1.836112822172029e+18,2024-09-17,NEU,ironic,
22964970,22595,22595,1.836112822067172e+18,2024-09-17,NEG,not ironic,
22964971,22596,22596,1.8361128216642604e+18,2024-09-17,NEU,not ironic,
22964972,22597,22597,1.836112821601604e+18,2024-09-17,NEG,not ironic,
22964973,22598,22598,1.8361128204314665e+18,2024-09-17,NEG,ironic,
22964974,22599,22599,1.8361128202887864e+18,2024-09-17,NEG,not ironic,
22964975,22600,22600,1.8361128189673024e+18,2024-09-17,NEG,not ironic,
22964976,22601,22601,1.8361128182039352e+18,2024-09-17,NEU,not ironic,
22964977,22602,22602,1.8361128177761807e+18,2024-09-17,NEU,not ironic,
22964978,22603,22603,1.8361128167949809e+18,2024-09-17,NEG,ironic,
22964979,22604,22604,1.836112815955825e+18,2024-09-17,NEG,ironic,
22964980,22605,22605,1.8361128131291087e+18,2024-09-17,NEU,ironic,
22964981,22606,22606,1.8361128119672627e+18,2024-09-17,NEG,ironic,
22964982,22607,22607,1.8361128118789944e+18,2024-09-17,NEU,not ironic,
22964983,22608,22608,1.836112811870876e+18,2024-09-17,NEG,not ironic,
22964984,22609,22609,1.8361128117995151e+18,2024-09-17,NEU,not ironic,
22964985,22610,22610,1.836112811543716e+18,2024-09-17,NEG,ironic,
22964986,22611,22611,1.836112810591621e+18,2024-09-17,NEG,ironic,
22964987,22612,22612,1.836112809446289e+18,2024-09-17,NEG,ironic,
22964988,22613,22613,1.8361128092577428e+18,2024-09-17,NEG,not ironic,
22964989,22614,22614,1.8361128088423224e+18,2024-09-17,NEU,not ironic,
22964990,22615,22615,1.83611280636344e+18,2024-09-17,NEG,not ironic,
22964991,22616,22616,1.8361128058937016e+18,2024-09-17,POS,not ironic,
22964992,22617,22617,1.8361128046817807e+18,2024-09-17,NEG,not ironic,
22964993,22618,22618,1.8361128043965688e+18,2024-09-17,NEU,not ironic,
22964994,22619,22619,1.8361128043755973e+18,2024-09-17,NEU,ironic,
22964995,22620,22620,1.836112803356156e+18,2024-09-17,NEU,not ironic,
22964996,22621,22621,1.8361128026601267e+18,2024-09-17,NEG,ironic,
22964997,22622,22622,1.8361128026515208e+18,2024-09-17,NEU,ironic,
22964998,22623,22623,1.8361128018548124e+18,2024-09-17,NEU,not ironic,
22964999,22624,22624,1.8361128007852728e+18,2024-09-17,NEU,not ironic,
22965000,22625,22625,1.8361127988766684e+18,2024-09-17,NEU,not ironic,
22965001,22626,22626,1.8361127984071025e+18,2024-09-17,NEU,not ironic,
22965002,22627,22627,1.8361127955462963e+18,2024-09-17,POS,ironic,
22965003,22628,22628,1.8361127944181023e+18,2024-09-17,POS,not ironic,
22965004,22629,22629,1.8361127933862587e+18,2024-09-17,NEG,not ironic,
22965005,22630,22630,1.836112792920748e+18,2024-09-17,NEU,not ironic,
22965006,22631,22631,1.836112791574308e+18,2024-09-17,NEG,ironic,
22965007,22632,22632,1.836112790332871e+18,2024-09-17,NEU,ironic,
22965008,22633,22633,1.8361127888650609e+18,2024-09-17,NEU,ironic,
22965009,22634,22634,1.836112788198232e+18,2024-09-17,NEU,not ironic,
22965010,22635,22635,1.8361127880175785e+18,2024-09-17,NEG,not ironic,
22965011,22636,22636,1.8361127872541573e+18,2024-09-17,NEG,not ironic,
22965012,22637,22637,1.8361127862768847e+18,2024-09-17,NEU,not ironic,
22965013,22638,22638,1.836112786146952e+18,2024-09-17,NEU,not ironic,
22965014,22639,22639,1.8361127848089644e+18,2024-09-17,NEG,ironic,
22965015,22640,22640,1.8361127845575112e+18,2024-09-17,NEG,not ironic,
22965016,22641,22641,1.836112784423293e+18,2024-09-17,NEG,not ironic,
22965017,22642,22642,1.836112783642948e+18,2024-09-17,NEU,not ironic,
22965018,22643,22643,1.836112783265424e+18,2024-09-17,NEG,ironic,
22965019,22644,22644,1.8361127827875392e+18,2024-09-17,POS,ironic,
22965020,22645,22645,1.8361127816506527e+18,2024-09-17,NEG,ironic,
22965021,22646,22646,1.836112781202068e+18,2024-09-17,NEG,not ironic,
22965022,22647,22647,1.836112781122376e+18,2024-09-17,NEG,ironic,
22965023,22648,22648,1.836112778643333e+18,2024-09-17,NEG,ironic,
22965024,22649,22649,1.836112778123252e+18,2024-09-17,POS,not ironic,
22965025,22650,22650,1.836112777217553e+18,2024-09-17,NEG,ironic,
22965026,22651,22651,1.8361127750739968e+18,2024-09-17,NEG,ironic,
22965027,22652,22652,1.8361127749816727e+18,2024-09-17,NEG,not ironic,
22965028,22653,22653,1.8361127749273887e+18,2024-09-17,NEG,not ironic,
22965029,22654,22654,1.8361127746545257e+18,2024-09-17,NEG,not ironic,
22965030,22655,22655,1.8361127745957768e+18,2024-09-17,NEU,not ironic,
22965031,22656,22656,1.8361127735766016e+18,2024-09-17,NEG,ironic,
22965032,22657,22657,1.8361127732159288e+18,2024-09-17,NEG,ironic,
22965033,22658,22658,1.8361127721633423e+18,2024-09-17,NEU,not ironic,
22965034,22659,22659,1.836112771362034e+18,2024-09-17,NEG,ironic,
22965035,22660,22660,1.836112770917336e+18,2024-09-17,NEG,not ironic,
22965036,22661,22661,1.8361127702842944e+18,2024-09-17,POS,ironic,
22965037,22662,22662,1.8361127693402808e+18,2024-09-17,NEU,not ironic,
22965038,22663,22663,1.8361127680277588e+18,2024-09-17,NEG,not ironic,
22965039,22664,22664,1.8361127666856435e+18,2024-09-17,NEG,not ironic,
22965040,22665,22665,1.8361127661068288e+18,2024-09-17,NEU,ironic,
22965041,22666,22666,1.8361127656913144e+18,2024-09-17,NEU,not ironic,
22965042,22667,22667,1.8361127654731607e+18,2024-09-17,POS,ironic,
22965043,22668,22668,1.8361127620886607e+18,2024-09-17,POS,ironic,
22965044,22669,22669,1.836112761664984e+18,2024-09-17,NEG,ironic,
22965045,22670,22670,1.8361127615012367e+18,2024-09-17,NEG,not ironic,
22965046,22671,22671,1.836112761497228e+18,2024-09-17,NEG,ironic,
22965047,22672,22672,1.8361127614550671e+18,2024-09-17,NEU,not ironic,
22965048,22673,22673,1.8361127605617088e+18,2024-09-17,NEG,not ironic,
22965049,22674,22674,1.8361127595047365e+18,2024-09-17,NEU,not ironic,
22965050,22675,22675,1.8361127591775724e+18,2024-09-17,NEG,ironic,
22965051,22676,22676,1.836112758443524e+18,2024-09-17,NEG,ironic,
22965052,22677,22677,1.8361127584309647e+18,2024-09-17,POS,not ironic,
22965053,22678,22678,1.8361127582128333e+18,2024-09-17,NEG,not ironic,
22965054,22679,22679,1.836112757458137e+18,2024-09-17,NEG,ironic,
22965055,22680,22680,1.8361127568580608e+18,2024-09-17,NEU,ironic,
22965056,22681,22681,1.8361127541946647e+18,2024-09-17,NEG,not ironic,
22965057,22682,22682,1.8361127502733064e+18,2024-09-17,NEG,ironic,
22965058,22683,22683,1.836112750080324e+18,2024-09-17,NEG,ironic,
22965059,22684,22684,1.8361127492834145e+18,2024-09-17,NEG,ironic,
22965060,22685,22685,1.836112749245457e+18,2024-09-17,NEU,not ironic,
22965061,22686,22686,1.8361127491280448e+18,2024-09-17,NEG,not ironic,
22965062,22687,22687,1.8361127475805263e+18,2024-09-17,NEG,not ironic,
22965063,22688,22688,1.8361127473244905e+18,2024-09-17,NEU,not ironic,
22965064,22689,22689,1.836112747194356e+18,2024-09-17,NEU,ironic,
22965065,22690,22690,1.8361127470604004e+18,2024-09-17,NEG,ironic,
22965066,22691,22691,1.836112746477146e+18,2024-09-17,NEG,not ironic,
22965067,22692,22692,1.8361127464145144e+18,2024-09-17,NEU,not ironic,
22965068,22693,22693,1.8361127456511468e+18,2024-09-17,NEG,not ironic,
22965069,22694,22694,1.83611274557146e+18,2024-09-17,NEU,not ironic,
22965070,22695,22695,1.83611274530302e+18,2024-09-17,NEU,not ironic,
22965071,22696,22696,1.8361127451014843e+18,2024-09-17,NEG,not ironic,
22965072,22697,22697,1.8361127444180173e+18,2024-09-17,NEU,not ironic,
22965073,22698,22698,1.836112744346501e+18,2024-09-17,NEG,not ironic,
22965074,22699,22699,1.836112744246084e+18,2024-09-17,NEG,ironic,
22965075,22700,22700,1.8361127434908303e+18,2024-09-17,NEG,not ironic,
22965076,22701,22701,1.8361127429751808e+18,2024-09-17,NEU,ironic,
22965077,22702,22702,1.8361127427654656e+18,2024-09-17,NEU,not ironic,
22965078,22703,22703,1.836112742702326e+18,2024-09-17,NEU,not ironic,
22965079,22704,22704,1.8361127426519985e+18,2024-09-17,NEG,ironic,
22965080,22705,22705,1.836112741763048e+18,2024-09-17,NEG,not ironic,
22965081,22706,22706,1.8361127413435845e+18,2024-09-17,NEU,not ironic,
22965082,22707,22707,1.8361127409700288e+18,2024-09-17,NEG,not ironic,
22965083,22708,22708,1.836112739976028e+18,2024-09-17,NEG,not ironic,
22965084,22709,22709,1.836112739175141e+18,2024-09-17,NEG,not ironic,
22965085,22710,22710,1.836112738252145e+18,2024-09-17,NEU,not ironic,
22965086,22711,22711,1.836112737992348e+18,2024-09-17,NEG,not ironic,
22965087,22712,22712,1.836112737958544e+18,2024-09-17,NEU,not ironic,
22965088,22713,22713,1.8361127377994424e+18,2024-09-17,NEG,ironic,
22965089,22714,22714,1.836112737149031e+18,2024-09-17,POS,ironic,
22965090,22715,22715,1.836112736826332e+18,2024-09-17,NEG,not ironic,
22965091,22716,22716,1.8361127364656207e+18,2024-09-17,NEU,ironic,
22965092,22717,22717,1.836112736343806e+18,2024-09-17,NEU,not ironic,
22965093,22718,22718,1.8361127351399588e+18,2024-09-17,NEG,not ironic,
22965094,22719,22719,1.836112734645105e+18,2024-09-17,NEG,ironic,
22965095,22720,22720,1.836112732392952e+18,2024-09-17,NEU,ironic,
22965096,22721,22721,1.8361127314741125e+18,2024-09-17,NEU,not ironic,
22965097,22722,22722,1.836112730031559e+18,2024-09-17,NEU,ironic,
22965098,22723,22723,1.8361127296205952e+18,2024-09-17,NEG,not ironic,
22965099,22724,22724,1.8361127294609408e+18,2024-09-17,NEG,ironic,
22965100,22725,22725,1.836112729402168e+18,2024-09-17,NEG,ironic,
22965101,22726,22726,1.83611272891168e+18,2024-09-17,NEG,ironic,
22965102,22727,22727,1.836112726894256e+18,2024-09-17,NEG,ironic,
22965103,22728,22728,1.836112725455324e+18,2024-09-17,POS,not ironic,
22965104,22729,22729,1.836112724985812e+18,2024-09-17,NEG,ironic,
22965105,22730,22730,1.8361127242392248e+18,2024-09-17,NEG,not ironic,
22965106,22731,22731,1.8361127231400184e+18,2024-09-17,NEG,not ironic,
22965107,22732,22732,1.8361127216678257e+18,2024-09-17,NEG,not ironic,
22965108,22733,22733,1.836112720938365e+18,2024-09-17,NEU,ironic,
22965109,22734,22734,1.8361127205356544e+18,2024-09-17,NEG,not ironic,
22965110,22735,22735,1.8361127191138063e+18,2024-09-17,NEG,ironic,
22965111,22736,22736,1.8361127190590464e+18,2024-09-17,NEU,not ironic,
22965112,22737,22737,1.8361127189502075e+18,2024-09-17,NEG,ironic,
22965113,22738,22738,1.8361127185096008e+18,2024-09-17,NEU,not ironic,
22965114,22739,22739,1.836112718404744e+18,2024-09-17,POS,not ironic,
22965115,22740,22740,1.836112717721277e+18,2024-09-17,NEU,not ironic,
22965116,22742,22742,1.8361127169746903e+18,2024-09-17,NEU,not ironic,
22965117,22743,22743,1.836112714487468e+18,2024-09-17,NEG,not ironic,
22965118,22744,22744,1.8361127142526607e+18,2024-09-17,NEU,not ironic,
22965119,22745,22745,1.8361127142525875e+18,2024-09-17,NEG,not ironic,
22965120,22746,22746,1.8361127120632343e+18,2024-09-17,NEG,not ironic,
22965121,22747,22747,1.8361127118660529e+18,2024-09-17,NEG,not ironic,
22965122,22748,22748,1.8361127088332764e+18,2024-09-17,NEG,ironic,
22965123,22749,22749,1.8361127077805463e+18,2024-09-17,NEU,ironic,
22965124,22750,22750,1.8361127071891912e+18,2024-09-17,NEU,not ironic,
22965125,22751,22751,1.8361127065600248e+18,2024-09-17,NEU,not ironic,
22965126,22752,22752,1.8361127045637448e+18,2024-09-17,NEG,ironic,
22965127,22753,22753,1.8361127035403348e+18,2024-09-17,NEG,not ironic,
22965128,22754,22754,1.836112703225762e+18,2024-09-17,NEU,ironic,
22965129,22755,22755,1.836112703007658e+18,2024-09-17,NEU,not ironic,
22965130,22756,22756,1.8361127027350287e+18,2024-09-17,NEG,not ironic,
22965131,22757,22757,1.8361127025670228e+18,2024-09-17,NEG,not ironic,
22965132,22758,22758,1.836112702563062e+18,2024-09-17,NEU,not ironic,
22965133,22759,22759,1.8361127017910804e+18,2024-09-17,POS,ironic,
22965134,22760,22760,1.8361126991444751e+18,2024-09-17,NEU,not ironic,
22965135,22761,22761,1.8361126975044977e+18,2024-09-17,NEU,not ironic,
22965136,22762,22762,1.836112697357681e+18,2024-09-17,POS,ironic,
22965137,22763,22763,1.8361126972193385e+18,2024-09-17,NEU,not ironic,
22965138,22764,22764,1.83611269710606e+18,2024-09-17,NEG,not ironic,
22965139,22765,22765,1.836112695218836e+18,2024-09-17,NEG,not ironic,
22965140,22766,22766,1.8361126951808248e+18,2024-09-17,NEG,ironic,
22965141,22767,22767,1.836112694572913e+18,2024-09-17,NEU,not ironic,
22965142,22768,22768,1.8361126945519985e+18,2024-09-17,NEG,not ironic,
22965143,22769,22769,1.836112694518408e+18,2024-09-17,POS,not ironic,
22965144,22770,22770,1.8361126941155249e+18,2024-09-17,NEG,ironic,
22965145,22771,22771,1.836112694073836e+18,2024-09-17,NEU,not ironic,
22965146,22772,22772,1.8361126938430715e+18,2024-09-17,NEU,ironic,
22965147,22773,22773,1.8361126937086285e+18,2024-09-17,NEU,not ironic,
22965148,22774,22774,1.836112691548623e+18,2024-09-17,NEU,ironic,
22965149,22775,22775,1.836112691217228e+18,2024-09-17,POS,not ironic,
22965150,22776,22776,1.8361126908609536e+18,2024-09-17,POS,ironic,
22965151,22777,22777,1.8361126904454223e+18,2024-09-17,NEG,not ironic,
22965152,22778,22778,1.836112690411934e+18,2024-09-17,NEU,not ironic,
22965153,22779,22779,1.836112690361832e+18,2024-09-17,POS,ironic,
22965154,22780,22780,1.836112688054932e+18,2024-09-17,NEG,ironic,
22965155,22781,22781,1.8361126868929413e+18,2024-09-17,NEG,ironic,
22965156,22782,22782,1.8361126859156687e+18,2024-09-17,NEU,ironic,
22965157,22783,22783,1.836112684200174e+18,2024-09-17,POS,ironic,
22965158,22784,22784,1.8361126831222413e+18,2024-09-17,NEG,not ironic,
22965159,22785,22785,1.8361126819229617e+18,2024-09-17,POS,not ironic,
22965160,22786,22786,1.8361126802155195e+18,2024-09-17,POS,not ironic,
22965161,22787,22787,1.8361126793011853e+18,2024-09-17,NEG,ironic,
22965162,22788,22788,1.836112677661524e+18,2024-09-17,NEG,not ironic,
22965163,22789,22789,1.836112677049164e+18,2024-09-17,NEU,not ironic,
22965164,22790,22790,1.836112676650713e+18,2024-09-17,NEU,not ironic,
22965165,22791,22791,1.83611267593318e+18,2024-09-17,NEG,ironic,
22965166,22792,22792,1.836112675413332e+18,2024-09-17,NEG,not ironic,
22965167,22793,22793,1.8361126747462487e+18,2024-09-17,NEG,not ironic,
22965168,22794,22794,1.836112673479758e+18,2024-09-17,NEG,not ironic,
22965169,22795,22795,1.83611267238924e+18,2024-09-17,NEG,not ironic,
22965170,22796,22796,1.8361126720536947e+18,2024-09-17,NEG,not ironic,
22965171,22797,22797,1.836112671428744e+18,2024-09-17,NEG,ironic,
22965172,22798,22798,1.836112670656795e+18,2024-09-17,NEU,not ironic,
22965173,22799,22799,1.836112670350586e+18,2024-09-17,NEG,not ironic,
22965174,22800,22800,1.8361126696545528e+18,2024-09-17,NEG,not ironic,
22965175,22801,22801,1.836112668157186e+18,2024-09-17,NEG,ironic,
22965176,22802,22802,1.83611266782138e+18,2024-09-17,NEG,ironic,
22965177,22803,22803,1.836112666374353e+18,2024-09-17,NEG,ironic,
22965178,22804,22804,1.8361126650909164e+18,2024-09-17,NEG,ironic,
22965179,22805,22805,1.836112664122237e+18,2024-09-17,NEU,not ironic,
22965180,22806,22806,1.8361126630862728e+18,2024-09-17,NEG,not ironic,
22965181,22807,22807,1.8361126624026007e+18,2024-09-17,NEG,not ironic,
22965182,22808,22808,1.836112660628132e+18,2024-09-17,NEG,not ironic,
22965183,22809,22809,1.836112660443931e+18,2024-09-17,POS,not ironic,
22965184,22810,22810,1.8361126600579848e+18,2024-09-17,NEU,not ironic,
22965185,22811,22811,1.836112659508281e+18,2024-09-17,NEG,ironic,
22965186,22812,22812,1.8361126592356928e+18,2024-09-17,NEU,ironic,
22965187,22813,22813,1.83611265822899e+18,2024-09-17,POS,not ironic,
22965188,22814,22814,1.8361126580905943e+18,2024-09-17,POS,ironic,
22965189,22815,22815,1.836112657893508e+18,2024-09-17,NEG,ironic,
22965190,22816,22816,1.836112657604113e+18,2024-09-17,NEG,not ironic,
22965191,22817,22817,1.8361126573442995e+18,2024-09-17,NEU,ironic,
22965192,22818,22818,1.836112656744485e+18,2024-09-17,NEG,not ironic,
22965193,22819,22819,1.8361126562705288e+18,2024-09-17,NEU,ironic,
22965194,22820,22820,1.836112655011972e+18,2024-09-17,NEG,not ironic,
22965195,22821,22821,1.836112654647333e+18,2024-09-17,NEG,not ironic,
22965196,22822,22822,1.8361126529526167e+18,2024-09-17,NEG,not ironic,
22965197,22823,22823,1.8361126527473167e+18,2024-09-17,POS,not ironic,
22965198,22824,22824,1.8361126522439887e+18,2024-09-17,NEG,not ironic,
22965199,22825,22825,1.8361126515432527e+18,2024-09-17,NEG,not ironic,
22965200,22826,22826,1.8361126512247808e+18,2024-09-17,NEG,ironic,
22965201,22827,22827,1.8361126505117489e+18,2024-09-17,NEU,not ironic,
22965202,22828,22828,1.836112648519229e+18,2024-09-17,NEG,not ironic,
22965203,22829,22829,1.836112648175604e+18,2024-09-17,NEU,ironic,
22965204,22830,22830,1.8361126479949788e+18,2024-09-17,NEG,not ironic,
22965205,22831,22831,1.8361126475127928e+18,2024-09-17,NEU,not ironic,
22965206,22832,22832,1.8361126470176563e+18,2024-09-17,NEG,ironic,
22965207,22833,22833,1.8361126460152207e+18,2024-09-17,NEG,ironic,
22965208,22834,22834,1.836112646002688e+18,2024-09-17,NEG,not ironic,
22965209,22835,22835,1.836112645898036e+18,2024-09-17,NEG,not ironic,
22965210,22836,22836,1.8361126452015475e+18,2024-09-17,NEG,not ironic,
22965211,22837,22837,1.8361126444761743e+18,2024-09-17,NEG,not ironic,
22965212,22838,22838,1.8361126434985943e+18,2024-09-17,NEG,ironic,
22965213,22839,22839,1.8361126433939863e+18,2024-09-17,NEG,not ironic,
22965214,22840,22840,1.8361126426094428e+18,2024-09-17,NEU,not ironic,
22965215,22841,22841,1.83611264241234e+18,2024-09-17,NEU,not ironic,
22965216,22842,22842,1.836112641535656e+18,2024-09-17,NEG,ironic,
22965217,22843,22843,1.8361126402480407e+18,2024-09-17,NEU,ironic,
22965218,22844,22844,1.8361126402480333e+18,2024-09-17,NEU,not ironic,
22965219,22845,22845,1.836112640168354e+18,2024-09-17,NEU,not ironic,
22965220,22846,22846,1.836112639979836e+18,2024-09-17,NEG,ironic,
22965221,22847,22847,1.8361126396440207e+18,2024-09-17,NEU,not ironic,
22965222,22848,22848,1.836112639333688e+18,2024-09-17,NEU,ironic,
22965223,22849,22849,1.8361126357265807e+18,2024-09-17,NEG,not ironic,
22965224,22850,22850,1.8361126354583923e+18,2024-09-17,NEU,not ironic,
22965225,22851,22851,1.8361126325852687e+18,2024-09-17,NEU,ironic,
22965226,22852,22852,1.836112631134065e+18,2024-09-17,NEG,ironic,
22965227,22853,22853,1.8361126298671355e+18,2024-09-17,NEG,ironic,
22965228,22854,22854,1.8361126294854413e+18,2024-09-17,NEG,not ironic,
22965229,22855,22855,1.8361126287934016e+18,2024-09-17,NEG,ironic,
22965230,22856,22856,1.8361126283322737e+18,2024-09-17,NEG,ironic,
22965231,22857,22857,1.8361126269482107e+18,2024-09-17,NEG,not ironic,
22965232,22858,22858,1.8361126251443164e+18,2024-09-17,NEG,not ironic,
22965233,22859,22859,1.836112624720712e+18,2024-09-17,NEG,not ironic,
22965234,22860,22860,1.836112623869236e+18,2024-09-17,NEG,not ironic,
22965235,22861,22861,1.8361126222085857e+18,2024-09-17,POS,not ironic,
22965236,22862,22862,1.83611262003182e+18,2024-09-17,NEU,not ironic,
22965237,22863,22863,1.8361126185427643e+18,2024-09-17,NEG,not ironic,
22965238,22864,22864,1.836112618114712e+18,2024-09-17,NEG,ironic,
22965239,22865,22865,1.8361126176491648e+18,2024-09-17,NEG,ironic,
22965240,22866,22866,1.8361126175990948e+18,2024-09-17,NEG,ironic,
22965241,22867,22867,1.8361126170032407e+18,2024-09-17,NEU,ironic,
22965242,22868,22868,1.8361126168734272e+18,2024-09-17,NEG,ironic,
22965243,22869,22869,1.8361126168312548e+18,2024-09-17,NEG,not ironic,
22965244,22870,22870,1.8361126158039247e+18,2024-09-17,NEU,not ironic,
22965245,22871,22871,1.8361126143820063e+18,2024-09-17,NEG,not ironic,
22965246,22872,22872,1.8361126135890988e+18,2024-09-17,NEU,not ironic,
22965247,22873,22873,1.8361126129599608e+18,2024-09-17,NEG,not ironic,
22965248,22874,22874,1.83611261233918e+18,2024-09-17,NEU,not ironic,
22965249,22875,22875,1.8361126115463987e+18,2024-09-17,NEU,not ironic,
22965250,22876,22876,1.8361126112948017e+18,2024-09-17,NEG,ironic,
22965251,22877,22877,1.8361126105064776e+18,2024-09-17,NEU,not ironic,
22965252,22878,22878,1.836112610359677e+18,2024-09-17,NEU,ironic,
22965253,22879,22879,1.8361126100283272e+18,2024-09-17,NEG,ironic,
22965254,22880,22880,1.8361126087910484e+18,2024-09-17,NEG,ironic,
22965255,22881,22881,1.836112608748876e+18,2024-09-17,NEG,not ironic,
22965256,22882,22882,1.8361126083673825e+18,2024-09-17,NEG,not ironic,
22965257,22883,22883,1.83611260801484e+18,2024-09-17,NEU,not ironic,
22965258,22884,22884,1.8361126071046103e+18,2024-09-17,NEU,ironic,
22965259,22885,22885,1.836112606047933e+18,2024-09-17,NEG,ironic,
22965260,22886,22886,1.8361126044748884e+18,2024-09-17,NEU,not ironic,
22965261,22887,22887,1.836112604416164e+18,2024-09-17,POS,ironic,
22965262,22888,22888,1.8361125992948943e+18,2024-09-17,NEU,not ironic,
22965263,22889,22889,1.83611259895117e+18,2024-09-17,NEG,not ironic,
22965264,22890,22890,1.8361125958890867e+18,2024-09-17,NEU,ironic,
22965265,22891,22891,1.836112594773627e+18,2024-09-17,NEU,not ironic,
22965266,22892,22892,1.836112594664624e+18,2024-09-17,NEU,ironic,
22965267,22893,22893,1.8361125922277007e+18,2024-09-17,NEU,not ironic,
22965268,22894,22894,1.8361125894004567e+18,2024-09-17,NEU,not ironic,
22965269,22895,22895,1.8361125893165555e+18,2024-09-17,NEU,not ironic,
22965270,22896,22896,1.8361125891781427e+18,2024-09-17,NEG,not ironic,
22965271,22897,22897,1.8361125887170767e+18,2024-09-17,NEG,not ironic,
22965272,22898,22898,1.83611258774399e+18,2024-09-17,NEU,not ironic,
22965273,22899,22899,1.83611258763894e+18,2024-09-17,NEU,not ironic,
22965274,22900,22900,1.8361125875762176e+18,2024-09-17,NEU,not ironic,
22965275,22901,22901,1.8361125869761413e+18,2024-09-17,NEG,not ironic,
22965276,22902,22902,1.8361125862421627e+18,2024-09-17,NEU,not ironic,
22965277,22903,22903,1.8361125857682025e+18,2024-09-17,NEU,not ironic,
22965278,22904,22904,1.83611258536138e+18,2024-09-17,NEU,ironic,
22965279,22905,22905,1.8361125835287432e+18,2024-09-17,POS,not ironic,
22965280,22906,22906,1.836112583469994e+18,2024-09-17,POS,not ironic,
22965281,22907,22907,1.836112583377728e+18,2024-09-17,NEG,not ironic,
22965282,22908,22908,1.836112583322932e+18,2024-09-17,NEU,not ironic,
22965283,22909,22909,1.836112582853244e+18,2024-09-17,NEG,not ironic,
22965284,22910,22910,1.8361125826185503e+18,2024-09-17,NEG,not ironic,
22965285,22911,22911,1.8361125822746176e+18,2024-09-17,NEU,ironic,
22965286,22912,22912,1.8361125815574687e+18,2024-09-17,NEG,not ironic,
22965287,22913,22913,1.8361125812805555e+18,2024-09-17,NEU,not ironic,
22965288,22914,22914,1.8361125812552087e+18,2024-09-17,POS,not ironic,
22965289,22915,22915,1.8361125812216507e+18,2024-09-17,NEU,ironic,
22965290,22916,22916,1.8361125798964475e+18,2024-09-17,NEU,not ironic,
22965291,22917,22917,1.836112579527148e+18,2024-09-17,NEG,not ironic,
22965292,22918,22918,1.836112578470384e+18,2024-09-17,NEU,not ironic,
22965293,22919,22919,1.8361125782900288e+18,2024-09-17,POS,ironic,
22965294,22920,22920,1.836112577899996e+18,2024-09-17,NEG,not ironic,
22965295,22921,22921,1.8361125776354184e+18,2024-09-17,NEU,not ironic,
22965296,22922,22922,1.8361125752447675e+18,2024-09-17,NEG,not ironic,
22965297,22923,22923,1.8361125744312607e+18,2024-09-17,NEU,not ironic,
22965298,22924,22924,1.8361125736425395e+18,2024-09-17,NEU,not ironic,
22965299,22925,22925,1.8361125718011497e+18,2024-09-17,NEG,not ironic,
22965300,22926,22926,1.8361125692345265e+18,2024-09-17,NEG,ironic,
22965301,22927,22927,1.836112568693248e+18,2024-09-17,NEG,not ironic,
22965302,22928,22928,1.836112566130484e+18,2024-09-17,NEG,ironic,
22965303,22929,22929,1.8361125653757665e+18,2024-09-17,NEG,not ironic,
22965304,22930,22930,1.836112564037604e+18,2024-09-17,NEG,not ironic,
22965305,22931,22931,1.8361125628340104e+18,2024-09-17,NEG,not ironic,
22965306,22932,22932,1.8361125596966792e+18,2024-09-17,NEG,ironic,
22965307,22933,22933,1.836112559604208e+18,2024-09-17,NEG,ironic,
22965308,22934,22934,1.8361125595415347e+18,2024-09-17,NEG,not ironic,
22965309,22935,22935,1.8361125591888896e+18,2024-09-17,NEU,ironic,
22965310,22936,22936,1.8361125586310968e+18,2024-09-17,POS,not ironic,
22965311,22937,22937,1.836112558241256e+18,2024-09-17,NEG,not ironic,
22965312,22938,22938,1.836112557225972e+18,2024-09-17,NEU,ironic,
22965313,22939,22939,1.8361125560180367e+18,2024-09-17,POS,ironic,
22965314,22940,22940,1.8361125555985487e+18,2024-09-17,NEU,not ironic,
22965315,22941,22941,1.8361125552085647e+18,2024-09-17,POS,not ironic,
22965316,22942,22942,1.8361125551794127e+18,2024-09-17,NEG,ironic,
22965317,22943,22943,1.836112554289984e+18,2024-09-17,NEU,ironic,
22965318,22944,22944,1.836112553208148e+18,2024-09-17,NEG,not ironic,
22965319,22945,22945,1.8361125525157967e+18,2024-09-17,NEG,ironic,
22965320,22946,22946,1.83611255200852e+18,2024-09-17,NEU,not ironic,
22965321,22947,22947,1.8361125515009764e+18,2024-09-17,NEG,not ironic,
22965322,22948,22948,1.8361125514926208e+18,2024-09-17,NEU,not ironic,
22965323,22949,22949,1.8361125501418447e+18,2024-09-17,NEG,not ironic,
22965324,22950,22950,1.8361125501250767e+18,2024-09-17,NEU,ironic,
22965325,22951,22951,1.8361125489634555e+18,2024-09-17,NEG,not ironic,
22965326,22952,22952,1.836112548136948e+18,2024-09-17,NEG,not ironic,
22965327,22953,22953,1.8361125478184105e+18,2024-09-17,NEU,ironic,
22965328,22954,22954,1.836112546668876e+18,2024-09-17,NEU,ironic,
22965329,22955,22955,1.8361125464468887e+18,2024-09-17,NEU,not ironic,
22965330,22956,22956,1.836112546345927e+18,2024-09-17,NEU,not ironic,
22965331,22957,22957,1.836112545909764e+18,2024-09-17,NEG,not ironic,
22965332,22958,22958,1.836112544756327e+18,2024-09-17,NEU,not ironic,
22965333,22959,22959,1.8361125433470408e+18,2024-09-17,NEG,ironic,
22965334,22960,22960,1.836112542927852e+18,2024-09-17,NEG,ironic,
22965335,22961,22961,1.8361125426888297e+18,2024-09-17,POS,not ironic,
22965336,22962,22962,1.836112542562648e+18,2024-09-17,NEU,not ironic,
22965337,22963,22963,1.8361125421184164e+18,2024-09-17,NEU,not ironic,
22965338,22964,22964,1.8361125417867387e+18,2024-09-17,POS,ironic,
22965339,22965,22965,1.836112537760187e+18,2024-09-17,NEU,not ironic,
22965340,22966,22966,1.8361125372152627e+18,2024-09-17,NEU,not ironic,
22965341,22967,22967,1.836112536951001e+18,2024-09-17,NEG,not ironic,
22965342,22968,22968,1.836112536418292e+18,2024-09-17,NEG,ironic,
22965343,22969,22969,1.8361125359314537e+18,2024-09-17,NEG,not ironic,
22965344,22970,22970,1.8361125331842545e+18,2024-09-17,NEG,ironic,
22965345,22971,22971,1.8361125324543795e+18,2024-09-17,NEG,not ironic,
22965346,22972,22972,1.836112531678728e+18,2024-09-17,POS,ironic,
22965347,22973,22973,1.8361125313177231e+18,2024-09-17,NEU,ironic,
22965348,22974,22974,1.836112531255104e+18,2024-09-17,NEG,not ironic,
22965349,22975,22975,1.836112530126836e+18,2024-09-17,NEU,ironic,
22965350,22976,22976,1.836112529602548e+18,2024-09-17,NEG,ironic,
22965351,22977,22977,1.836112528125895e+18,2024-09-17,NEU,not ironic,
22965352,22978,22978,1.836112527521964e+18,2024-09-17,NEG,ironic,
22965353,22979,22979,1.8361125269139988e+18,2024-09-17,NEG,ironic,
22965354,22980,22980,1.8361125259702807e+18,2024-09-17,NEU,not ironic,
22965355,22981,22981,1.8361125256303124e+18,2024-09-17,NEG,ironic,
22965356,22982,22982,1.8361125251860032e+18,2024-09-17,NEG,not ironic,
22965357,22983,22983,1.8361125248502167e+18,2024-09-17,NEG,not ironic,
22965358,22984,22984,1.8361125241541307e+18,2024-09-17,NEG,not ironic,
22965359,22985,22985,1.836112522837181e+18,2024-09-17,NEU,not ironic,
22965360,22986,22986,1.8361125211591967e+18,2024-09-17,NEU,not ironic,
22965361,22987,22987,1.836112518751695e+18,2024-09-17,POS,not ironic,
22965362,22988,22988,1.8361125179631493e+18,2024-09-17,NEU,not ironic,
22965363,22989,22989,1.8361125165580493e+18,2024-09-17,POS,not ironic,
22965364,22990,22990,1.8361125142344049e+18,2024-09-17,NEG,not ironic,
22965365,22991,22991,1.836112514196624e+18,2024-09-17,NEG,ironic,
22965366,22992,22992,1.8361125132696328e+18,2024-09-17,NEU,ironic,
22965367,22993,22993,1.836112513068327e+18,2024-09-17,NEG,not ironic,
22965368,22994,22994,1.83611251259884e+18,2024-09-17,NEU,ironic,
22965369,22995,22995,1.8361125124688847e+18,2024-09-17,NEG,ironic,
22965370,22996,22996,1.8361125111180657e+18,2024-09-17,NEU,not ironic,
22965371,22997,22997,1.836112510685946e+18,2024-09-17,NEU,ironic,
22965372,22998,22998,1.8361125088617147e+18,2024-09-17,NEG,not ironic,
22965373,22999,22999,1.8361125086688008e+18,2024-09-17,NEG,not ironic,
22965374,23000,23000,1.836112508525986e+18,2024-09-17,NEG,not ironic,
22965375,23001,23001,1.8361125081822367e+18,2024-09-17,NEU,not ironic,
22965376,23002,23002,1.8361125074608497e+18,2024-09-17,NEG,ironic,
22965377,23003,23003,1.8361125047803868e+18,2024-09-17,NEG,ironic,
22965378,23004,23004,1.8361125046380503e+18,2024-09-17,POS,not ironic,
22965379,23005,23005,1.8361125028596657e+18,2024-09-17,NEU,not ironic,
22965380,23006,23006,1.836112502448624e+18,2024-09-17,NEU,not ironic,
22965381,23007,23007,1.836112502393799e+18,2024-09-17,NEG,ironic,
22965382,23008,23008,1.8361125017566088e+18,2024-09-17,NEG,not ironic,
22965383,23009,23009,1.8361125011567944e+18,2024-09-17,NEG,ironic,
22965384,23010,23010,1.8361125004602447e+18,2024-09-17,NEG,ironic,
22965385,23011,23011,1.836112500128912e+18,2024-09-17,NEG,not ironic,
22965386,23012,23012,1.836112499919438e+18,2024-09-17,NEG,not ironic,
22965387,23013,23013,1.836112499827184e+18,2024-09-17,NEG,not ironic,
22965388,23014,23014,1.8361124997891443e+18,2024-09-17,NEG,not ironic,
22965389,23015,23015,1.8361124993445847e+18,2024-09-17,NEG,not ironic,
22965390,23016,23016,1.8361124977758825e+18,2024-09-17,NEG,ironic,
22965391,23017,23017,1.8361124975245235e+18,2024-09-17,NEG,not ironic,
22965392,23018,23018,1.8361124971847724e+18,2024-09-17,NEG,not ironic,
22965393,23019,23019,1.8361124969497032e+18,2024-09-17,POS,not ironic,
22965394,23020,23020,1.8361124941565133e+18,2024-09-17,NEG,ironic,
22965395,23021,23021,1.836112493820724e+18,2024-09-17,POS,ironic,
22965396,23022,23022,1.8361124933676936e+18,2024-09-17,NEU,not ironic,
22965397,23023,23023,1.8361124933383908e+18,2024-09-17,NEG,ironic,
22965398,23024,23024,1.8361124923484567e+18,2024-09-17,NEG,ironic,
22965399,23025,23025,1.8361124914090028e+18,2024-09-17,NEG,not ironic,
22965400,23026,23026,1.8361124911992256e+18,2024-09-17,NEG,not ironic,
22965401,23027,23027,1.836112490834661e+18,2024-09-17,NEG,not ironic,
22965402,23028,23028,1.8361124900248617e+18,2024-09-17,NEG,not ironic,
22965403,23029,23029,1.8361124889175447e+18,2024-09-17,NEU,not ironic,
22965404,23030,23030,1.8361124887458327e+18,2024-09-17,NEG,ironic,
22965405,23031,23031,1.8361124878353687e+18,2024-09-17,NEU,not ironic,
22965406,23032,23032,1.8361124874749588e+18,2024-09-17,NEG,not ironic,
22965407,23033,23033,1.8361124851133527e+18,2024-09-17,NEG,ironic,
22965408,23034,23034,1.8361124849748915e+18,2024-09-17,NEG,not ironic,
22965409,23035,23035,1.8361124846563863e+18,2024-09-17,NEG,not ironic,
22965410,23036,23036,1.836112484241134e+18,2024-09-17,POS,not ironic,
22965411,23037,23037,1.8361124832848448e+18,2024-09-17,NEU,not ironic,
22965412,23038,23038,1.836112482701636e+18,2024-09-17,NEG,ironic,
22965413,23039,23039,1.8361124810870336e+18,2024-09-17,NEU,not ironic,
22965414,23040,23040,1.8361124810238856e+18,2024-09-17,NEG,ironic,
22965415,23041,23041,1.836112480386331e+18,2024-09-17,NEU,not ironic,
22965416,23042,23042,1.8361124803821445e+18,2024-09-17,NEG,ironic,
22965417,23043,23043,1.8361124797029133e+18,2024-09-17,NEU,not ironic,
22965418,23044,23044,1.8361124793713216e+18,2024-09-17,NEG,ironic,
22965419,23045,23045,1.8361124782894287e+18,2024-09-17,POS,not ironic,
22965420,23046,23046,1.836112476942828e+18,2024-09-17,NEU,not ironic,
22965421,23047,23047,1.8361124757977871e+18,2024-09-17,NEG,not ironic,
22965422,23048,23048,1.8361124754579912e+18,2024-09-17,NEU,not ironic,
22965423,23049,23049,1.836112475026264e+18,2024-09-17,NEG,not ironic,
22965424,23050,23050,1.8361124749466465e+18,2024-09-17,NEU,not ironic,
22965425,23051,23051,1.836112473130427e+18,2024-09-17,NEU,not ironic,
22965426,23052,23052,1.836112473067524e+18,2024-09-17,NEG,not ironic,
22965427,23053,23053,1.8361124726143475e+18,2024-09-17,NEU,ironic,
22965428,23054,23054,1.836112470227776e+18,2024-09-17,NEU,not ironic,
22965429,23055,23055,1.8361124691121075e+18,2024-09-17,NEU,not ironic,
22965430,23056,23056,1.8361124689864297e+18,2024-09-17,NEG,ironic,
22965431,23057,23057,1.83611246821025e+18,2024-09-17,NEU,not ironic,
22965432,23058,23058,1.836112467891508e+18,2024-09-17,NEU,ironic,
22965433,23059,23059,1.8361124675646344e+18,2024-09-17,NEU,not ironic,
22965434,23060,23060,1.8361124672874908e+18,2024-09-17,NEG,ironic,
22965435,23061,23061,1.83611246491802e+18,2024-09-17,POS,not ironic,
22965436,23062,23062,1.8361124627073805e+18,2024-09-17,NEG,ironic,
22965437,23063,23063,1.8361124624096008e+18,2024-09-17,POS,not ironic,
22965438,23064,23064,1.8361124593855245e+18,2024-09-17,NEG,not ironic,
22965439,23065,23065,1.836112459276374e+18,2024-09-17,POS,not ironic,
22965440,23066,23066,1.836112459175793e+18,2024-09-17,NEG,not ironic,
22965441,23067,23067,1.836112459150824e+18,2024-09-17,NEG,not ironic,
22965442,23068,23068,1.836112458853028e+18,2024-09-17,NEU,not ironic,
22965443,23069,23069,1.836112457166705e+18,2024-09-17,POS,ironic,
22965444,23070,23070,1.83611245651266e+18,2024-09-17,NEG,not ironic,
22965445,23071,23071,1.8361124555479327e+18,2024-09-17,NEG,ironic,
22965446,23072,23072,1.836112455321424e+18,2024-09-17,NEG,ironic,
22965447,23073,23073,1.83611245413e+18,2024-09-17,NEU,not ironic,
22965448,23074,23074,1.836112452855173e+18,2024-09-17,NEG,ironic,
22965449,23075,23075,1.8361124522468188e+18,2024-09-17,POS,not ironic,
22965450,23076,23076,1.8361124519073344e+18,2024-09-17,NEG,not ironic,
22965451,23077,23077,1.836112451567248e+18,2024-09-17,NEU,ironic,
22965452,23078,23078,1.8361124512152005e+18,2024-09-17,NEU,ironic,
22965453,23079,23079,1.836112450707456e+18,2024-09-17,POS,ironic,
22965454,23080,23080,1.8361124499862687e+18,2024-09-17,NEG,ironic,
22965455,23081,23081,1.8361124489376927e+18,2024-09-17,POS,not ironic,
22965456,23082,23082,1.8361124475451845e+18,2024-09-17,POS,not ironic,
22965457,23083,23083,1.8361124462575e+18,2024-09-17,NEG,ironic,
22965458,23084,23084,1.8361124457875377e+18,2024-09-17,NEU,ironic,
22965459,23085,23085,1.8361124457287887e+18,2024-09-17,NEG,ironic,
22965460,23086,23086,1.8361124446469248e+18,2024-09-17,NEG,not ironic,
22965461,23087,23087,1.8361124441058552e+18,2024-09-17,NEG,ironic,
22965462,23088,23088,1.836112443711591e+18,2024-09-17,NEG,not ironic,
22965463,23089,23089,1.83611244150938e+18,2024-09-17,NEG,not ironic,
22965464,23090,23090,1.8361124414045143e+18,2024-09-17,NEU,not ironic,
22965465,23091,23091,1.8361124407839665e+18,2024-09-17,NEG,not ironic,
22965466,23092,23092,1.8361124400581263e+18,2024-09-17,NEG,not ironic,
22965467,23093,23093,1.836112439718609e+18,2024-09-17,POS,ironic,
22965468,23094,23094,1.8361124390349665e+18,2024-09-17,POS,not ironic,
22965469,23095,23095,1.8361124362580664e+18,2024-09-17,NEU,not ironic,
22965470,23096,23096,1.8361124327768064e+18,2024-09-17,NEU,not ironic,
22965471,23097,23097,1.8361124326006208e+18,2024-09-17,NEU,ironic,
22965472,23098,23098,1.8361124319253425e+18,2024-09-17,POS,not ironic,
22965473,23099,23099,1.8361124318666348e+18,2024-09-17,NEG,ironic,
22965474,23100,23100,1.8361124318079224e+18,2024-09-17,NEG,not ironic,
22965475,23101,23101,1.8361124307176369e+18,2024-09-17,NEU,not ironic,
22965476,23102,23102,1.8361124297023816e+18,2024-09-17,NEU,ironic,
22965477,23103,23103,1.8361124293125448e+18,2024-09-17,NEU,ironic,
22965478,23104,23104,1.8361124286454625e+18,2024-09-17,NEG,ironic,
22965479,23105,23105,1.8361124282304143e+18,2024-09-17,NEG,not ironic,
22965480,23106,23106,1.8361124280917484e+18,2024-09-17,NEG,not ironic,
22965481,23107,23107,1.836112426674127e+18,2024-09-17,NEG,not ironic,
22965482,23108,23108,1.8361124266363328e+18,2024-09-17,NEU,ironic,
22965483,23109,23109,1.8361124256381425e+18,2024-09-17,NEG,ironic,
22965484,23110,23110,1.8361124253657167e+18,2024-09-17,NEG,ironic,
22965485,23111,23111,1.8361124245056064e+18,2024-09-17,NEU,ironic,
22965486,23112,23112,1.8361124225471324e+18,2024-09-17,NEU,ironic,
22965487,23113,23113,1.836112421917988e+18,2024-09-17,NEU,not ironic,
22965488,23114,23114,1.8361124211837627e+18,2024-09-17,NEU,ironic,
22965489,23115,23115,1.8361124208062671e+18,2024-09-17,NEG,ironic,
22965490,23116,23116,1.8361124202441608e+18,2024-09-17,POS,not ironic,
22965491,23117,23117,1.8361124196569784e+18,2024-09-17,NEG,not ironic,
22965492,23118,23118,1.83611241832763e+18,2024-09-17,NEG,ironic,
22965493,23119,23119,1.8361124174465848e+18,2024-09-17,NEU,not ironic,
22965494,23120,23120,1.8361124166748244e+18,2024-09-17,NEU,not ironic,
22965495,23121,23121,1.8361124164024484e+18,2024-09-17,NEU,ironic,
22965496,23122,23122,1.8361124158781893e+18,2024-09-17,NEU,not ironic,
22965497,23123,23123,1.836112415684989e+18,2024-09-17,POS,not ironic,
22965498,23124,23124,1.8361124154252088e+18,2024-09-17,NEG,not ironic,
22965499,23125,23125,1.836112414162424e+18,2024-09-17,NEG,not ironic,
22965500,23126,23126,1.8361124123211287e+18,2024-09-17,POS,not ironic,
22965501,23127,23127,1.8361124118977948e+18,2024-09-17,NEG,not ironic,
22965502,23128,23128,1.836112411163784e+18,2024-09-17,NEG,not ironic,
22965503,23129,23129,1.8361124102116849e+18,2024-09-17,NEG,ironic,
22965504,23130,23130,1.8361124100017684e+18,2024-09-17,NEU,not ironic,
22965505,23131,23131,1.836112408575636e+18,2024-09-17,NEG,not ironic,
22965506,23132,23132,1.8361124083198648e+18,2024-09-17,NEG,not ironic,
22965507,23133,23133,1.836112407837508e+18,2024-09-17,NEU,not ironic,
22965508,23134,23134,1.8361124059670487e+18,2024-09-17,NEG,ironic,
22965509,23135,23135,1.8361124034963377e+18,2024-09-17,NEG,not ironic,
22965510,23136,23136,1.836112403240752e+18,2024-09-17,NEU,not ironic,
22965511,23137,23137,1.836112402200564e+18,2024-09-17,NEU,not ironic,
22965512,23138,23138,1.8361124021709207e+18,2024-09-17,NEG,not ironic,
22965513,23139,23139,1.836112400845804e+18,2024-09-17,NEG,ironic,
22965514,23140,23140,1.8361124008371776e+18,2024-09-17,NEU,ironic,
22965515,23141,23141,1.8361124002415864e+18,2024-09-17,NEU,not ironic,
22965516,23142,23142,1.8361123995830807e+18,2024-09-17,NEG,not ironic,
22965517,23143,23143,1.8361123987484224e+18,2024-09-17,NEU,not ironic,
22965518,23144,23144,1.8361123980691748e+18,2024-09-17,NEG,not ironic,
22965519,23145,23145,1.8361123957285647e+18,2024-09-17,NEU,not ironic,
22965520,23146,23146,1.8361123947554767e+18,2024-09-17,NEG,ironic,
22965521,23147,23147,1.836112394717925e+18,2024-09-17,NEG,ironic,
22965522,23148,23148,1.836112394172732e+18,2024-09-17,NEU,not ironic,
22965523,23149,23149,1.836112394139112e+18,2024-09-17,POS,ironic,
22965524,23150,23150,1.836112393845265e+18,2024-09-17,NEU,not ironic,
22965525,23151,23151,1.836112392192967e+18,2024-09-17,NEU,not ironic,
22965526,23152,23152,1.8361123916012915e+18,2024-09-17,NEU,not ironic,
22965527,23153,23153,1.8361123907246487e+18,2024-09-17,NEG,ironic,
22965528,23154,23154,1.8361123892737188e+18,2024-09-17,NEU,ironic,
22965529,23155,23155,1.8361123887032648e+18,2024-09-17,NEG,ironic,
22965530,23156,23156,1.8361123884136207e+18,2024-09-17,POS,not ironic,
22965531,23157,23157,1.8361123880403684e+18,2024-09-17,NEU,not ironic,
22965532,23158,23158,1.836112386018919e+18,2024-09-17,NEG,ironic,
22965533,23159,23159,1.8361123857337065e+18,2024-09-17,NEU,ironic,
22965534,23160,23160,1.8361123851253064e+18,2024-09-17,NEG,ironic,
22965535,23161,23161,1.8361123838418988e+18,2024-09-17,NEU,not ironic,
22965536,23162,23162,1.8361123833639447e+18,2024-09-17,NEG,not ironic,
22965537,23163,23163,1.836112382596404e+18,2024-09-17,NEU,not ironic,
22965538,23164,23164,1.8361123812582075e+18,2024-09-17,NEU,not ironic,
22965539,23165,23165,1.8361123810022605e+18,2024-09-17,NEG,not ironic,
22965540,23166,23166,1.8361123804109087e+18,2024-09-17,NEG,ironic,
22965541,23167,23167,1.8361123801172667e+18,2024-09-17,NEG,not ironic,
22965542,23168,23168,1.83611237987818e+18,2024-09-17,NEG,ironic,
22965543,23169,23169,1.8361123786286487e+18,2024-09-17,POS,not ironic,
22965544,23170,23170,1.8361123782175992e+18,2024-09-17,NEU,ironic,
22965545,23171,23171,1.8361123776636564e+18,2024-09-17,NEU,ironic,
22965546,23172,23172,1.8361123771393108e+18,2024-09-17,NEU,not ironic,
22965547,23173,23173,1.836112375616828e+18,2024-09-17,NEG,not ironic,
22965548,23174,23174,1.8361123753906383e+18,2024-09-17,NEG,not ironic,
22965549,23175,23175,1.8361123750424456e+18,2024-09-17,NEU,not ironic,
22965550,23176,23176,1.8361123737587016e+18,2024-09-17,NEU,ironic,
22965551,23177,23177,1.8361123733142e+18,2024-09-17,NEU,ironic,
22965552,23178,23178,1.836112372802692e+18,2024-09-17,NEG,not ironic,
22965553,23179,23179,1.83611237159868e+18,2024-09-17,NEG,ironic,
22965554,23180,23180,1.8361123709317284e+18,2024-09-17,NEG,not ironic,
22965555,23181,23181,1.8361123702860884e+18,2024-09-17,NEU,ironic,
22965556,23182,23182,1.836112369476408e+18,2024-09-17,NEG,ironic,
22965557,23183,23183,1.8361123680041329e+18,2024-09-17,NEG,ironic,
22965558,23184,23184,1.8361123676812613e+18,2024-09-17,NEG,ironic,
22965559,23185,23185,1.83611236682562e+18,2024-09-17,NEG,not ironic,
22965560,23186,23186,1.8361123667670835e+18,2024-09-17,NEG,ironic,
22965561,23187,23187,1.8361123659491945e+18,2024-09-17,NEU,ironic,
22965562,23188,23188,1.8361123641411712e+18,2024-09-17,NEG,not ironic,
22965563,23189,23189,1.836112364132881e+18,2024-09-17,NEG,ironic,
22965564,23190,23190,1.8361123628789847e+18,2024-09-17,NEU,not ironic,
22965565,23191,23191,1.836112361159357e+18,2024-09-17,NEU,not ironic,
22965566,23192,23192,1.8361123588395868e+18,2024-09-17,NEG,not ironic,
22965567,23193,23193,1.836112357841662e+18,2024-09-17,NEU,not ironic,
22965568,23194,23194,1.8361123571241536e+18,2024-09-17,NEU,ironic,
22965569,23195,23195,1.83611235705727e+18,2024-09-17,NEG,ironic,
22965570,23196,23196,1.8361123569479844e+18,2024-09-17,NEG,ironic,
22965571,23197,23197,1.8361123562978145e+18,2024-09-17,NEG,ironic,
22965572,23198,23198,1.8361123560380544e+18,2024-09-17,POS,ironic,
22965573,23199,23199,1.8361123555680133e+18,2024-09-17,NEU,not ironic,
22965574,23200,23200,1.836112355400336e+18,2024-09-17,POS,not ironic,
22965575,23201,23201,1.8361123526071544e+18,2024-09-17,NEG,ironic,
22965576,23202,23202,1.8361123519947448e+18,2024-09-17,NEG,not ironic,
22965577,23203,23203,1.8361123512186143e+18,2024-09-17,NEG,not ironic,
22965578,23204,23204,1.8361123494782367e+18,2024-09-17,NEU,not ironic,
22965579,23205,23205,1.8361123482532168e+18,2024-09-17,NEU,not ironic,
22965580,23206,23206,1.8361123477417247e+18,2024-09-17,POS,not ironic,
22965581,23207,23207,1.8361123473681687e+18,2024-09-17,NEG,ironic,
22965582,23208,23208,1.836112347263288e+18,2024-09-17,POS,not ironic,
22965583,23209,23209,1.836112345430659e+18,2024-09-17,NEG,ironic,
22965584,23210,23210,1.8361123432119465e+18,2024-09-17,NEU,ironic,
22965585,23211,23211,1.836112340351419e+18,2024-09-17,NEG,ironic,
22965586,23212,23212,1.83611234012906e+18,2024-09-17,NEG,not ironic,
22965587,23213,23213,1.8361123400617088e+18,2024-09-17,NEU,not ironic,
22965588,23214,23214,1.8361123399235377e+18,2024-09-17,NEG,ironic,
22965589,23215,23215,1.8361123396467136e+18,2024-09-17,NEU,not ironic,
22965590,23216,23216,1.8361123396048328e+18,2024-09-17,NEU,ironic,
22965591,23217,23217,1.836112337906078e+18,2024-09-17,NEG,not ironic,
22965592,23218,23218,1.8361123372264084e+18,2024-09-17,NEG,not ironic,
22965593,23219,23219,1.836112336244872e+18,2024-09-17,NEU,not ironic,
22965594,23220,23220,1.836112335649276e+18,2024-09-17,NEU,ironic,
22965595,23221,23221,1.8361123355195187e+18,2024-09-17,NEU,not ironic,
22965596,23222,23222,1.8361123347433308e+18,2024-09-17,NEU,not ironic,
22965597,23223,23223,1.8361123346009664e+18,2024-09-17,NEG,ironic,
22965598,23224,23224,1.836112334546404e+18,2024-09-17,NEG,ironic,
22965599,23225,23225,1.8361123345338289e+18,2024-09-17,NEG,not ironic,
22965600,23226,23226,1.8361123339757527e+18,2024-09-17,NEG,not ironic,
22965601,23227,23227,1.836112333623468e+18,2024-09-17,NEG,not ironic,
22965602,23228,23228,1.8361123330865928e+18,2024-09-17,NEG,ironic,
22965603,23229,23229,1.8361123328436145e+18,2024-09-17,NEG,not ironic,
22965604,23230,23230,1.8361123327680804e+18,2024-09-17,NEU,ironic,
22965605,23231,23231,1.8361123326841697e+18,2024-09-17,POS,not ironic,
22965606,23232,23232,1.8361123319876529e+18,2024-09-17,POS,ironic,
22965607,23233,23233,1.836112331958555e+18,2024-09-17,NEG,not ironic,
22965608,23234,23234,1.836112331597636e+18,2024-09-17,POS,not ironic,
22965609,23235,23235,1.8361123304528e+18,2024-09-17,NEG,not ironic,
22965610,23236,23236,1.8361123296137047e+18,2024-09-17,NEU,not ironic,
22965611,23237,23237,1.8361123294629524e+18,2024-09-17,NEG,not ironic,
22965612,23238,23238,1.836112327864996e+18,2024-09-17,NEU,not ironic,
22965613,23239,23239,1.836112326677926e+18,2024-09-17,NEU,not ironic,
22965614,23240,23240,1.8361123253609147e+18,2024-09-17,POS,ironic,
22965615,23241,23241,1.8361123238591204e+18,2024-09-17,NEU,not ironic,
22965616,23242,23242,1.8361123213512133e+18,2024-09-17,NEU,ironic,
22965617,23243,23243,1.8361123209694784e+18,2024-09-17,NEU,ironic,
22965618,23244,23244,1.8361123208939807e+18,2024-09-17,NEU,ironic,
22965619,23245,23245,1.8361123195098609e+18,2024-09-17,NEG,not ironic,
22965620,23246,23246,1.836112318180229e+18,2024-09-17,NEU,ironic,
22965621,23247,23247,1.836112317249135e+18,2024-09-17,NEU,ironic,
22965622,23248,23248,1.836112316263215e+18,2024-09-17,NEG,ironic,
22965623,23249,23249,1.836112315420148e+18,2024-09-17,NEG,not ironic,
22965624,23250,23250,1.8361123150429924e+18,2024-09-17,NEU,not ironic,
22965625,23251,23251,1.836112314438673e+18,2024-09-17,NEG,not ironic,
22965626,23252,23252,1.8361123130464384e+18,2024-09-17,NEG,ironic,
22965627,23253,23253,1.8361123127025047e+18,2024-09-17,NEG,ironic,
22965628,23254,23254,1.8361123123708849e+18,2024-09-17,NEG,ironic,
22965629,23255,23255,1.836112312056369e+18,2024-09-17,NEU,ironic,
22965630,23256,23256,1.836112311641317e+18,2024-09-17,NEG,ironic,
22965631,23257,23257,1.8361123115281244e+18,2024-09-17,NEG,ironic,
22965632,23258,23258,1.836112311024497e+18,2024-09-17,NEG,not ironic,
22965633,23259,23259,1.8361123108612047e+18,2024-09-17,NEG,ironic,
22965634,23260,23260,1.8361123108570767e+18,2024-09-17,POS,not ironic,
22965635,23261,23261,1.8361123101104827e+18,2024-09-17,NEG,not ironic,
22965636,23262,23262,1.8361123060209787e+18,2024-09-17,NEG,ironic,
22965637,23263,23263,1.8361123056351027e+18,2024-09-17,NEG,not ironic,
22965638,23264,23264,1.836112305236726e+18,2024-09-17,NEU,not ironic,
22965639,23265,23265,1.8361123043768404e+18,2024-09-17,NEG,ironic,
22965640,23266,23266,1.8361123035419323e+18,2024-09-17,NEU,not ironic,
22965641,23267,23267,1.8361123012605176e+18,2024-09-17,NEG,not ironic,
22965642,23268,23268,1.836112300241224e+18,2024-09-17,NEG,not ironic,
22965643,23269,23269,1.8361122993562296e+18,2024-09-17,NEG,ironic,
22965644,23270,23270,1.8361122989284068e+18,2024-09-17,NEG,not ironic,
22965645,23271,23271,1.836112297736987e+18,2024-09-17,NEU,not ironic,
22965646,23272,23272,1.8361122976614927e+18,2024-09-17,POS,not ironic,
22965647,23273,23273,1.836112297292436e+18,2024-09-17,NEG,not ironic,
22965648,23274,23274,1.8361122957952653e+18,2024-09-17,NEU,ironic,
22965649,23275,23275,1.836112295568773e+18,2024-09-17,NEU,not ironic,
22965650,23276,23276,1.8361122924524047e+18,2024-09-17,NEG,ironic,
22965651,23277,23277,1.836112292162802e+18,2024-09-17,NEG,not ironic,
22965652,23278,23278,1.8361122899693773e+18,2024-09-17,NEG,not ironic,
22965653,23279,23279,1.8361122899523136e+18,2024-09-17,NEG,ironic,
22965654,23280,23280,1.8361122897804045e+18,2024-09-17,POS,not ironic,
22965655,23281,23281,1.836112288606311e+18,2024-09-17,NEU,ironic,
22965656,23282,23282,1.836112286085181e+18,2024-09-17,NEU,not ironic,
22965657,23283,23283,1.836112285699318e+18,2024-09-17,NEG,not ironic,
22965658,23284,23284,1.8361122851498232e+18,2024-09-17,NEG,ironic,
22965659,23285,23285,1.8361122813624648e+18,2024-09-17,NEU,not ironic,
22965660,23286,23286,1.836112279634424e+18,2024-09-17,NEU,not ironic,
22965661,23287,23287,1.836112279634338e+18,2024-09-17,NEG,ironic,
22965662,23288,23288,1.83611227890036e+18,2024-09-17,NEU,not ironic,
22965663,23289,23289,1.8361122786028915e+18,2024-09-17,NEG,not ironic,
22965664,23290,23290,1.836112277554237e+18,2024-09-17,POS,not ironic,
22965665,23291,23291,1.8361122771473905e+18,2024-09-17,NEU,not ironic,
22965666,23292,23292,1.83611227705489e+18,2024-09-17,NEU,not ironic,
22965667,23293,23293,1.8361122769835668e+18,2024-09-17,POS,not ironic,
22965668,23294,23294,1.8361122768199767e+18,2024-09-17,NEU,ironic,
22965669,23295,23295,1.836112274399916e+18,2024-09-17,NEG,not ironic,
22965670,23296,23296,1.8361122728105577e+18,2024-09-17,NEG,not ironic,
22965671,23297,23297,1.8361122720007905e+18,2024-09-17,NEG,ironic,
22965672,23298,23298,1.836112271191512e+18,2024-09-17,NEG,not ironic,
22965673,23299,23299,1.836112268280632e+18,2024-09-17,NEG,not ironic,
22965674,23300,23300,1.836112264778388e+18,2024-09-17,NEU,ironic,
22965675,23301,23301,1.8361122641825096e+18,2024-09-17,NEG,not ironic,
22965676,23302,23302,1.8361122628529649e+18,2024-09-17,NEG,not ironic,
22965677,23303,23303,1.8361122613682127e+18,2024-09-17,NEU,not ironic,
22965678,23304,23304,1.8361122611754808e+18,2024-09-17,NEG,ironic,
22965679,23305,23305,1.8361122610538665e+18,2024-09-17,POS,not ironic,
22965680,23306,23306,1.8361122605924723e+18,2024-09-17,NEU,ironic,
22965681,23307,23307,1.83611225850769e+18,2024-09-17,POS,ironic,
22965682,23308,23308,1.836112257450939e+18,2024-09-17,NEG,not ironic,
22965683,23309,23309,1.836112257442276e+18,2024-09-17,NEG,ironic,
22965684,23310,23310,1.8361122572032945e+18,2024-09-17,NEU,not ironic,
22965685,23311,23311,1.8361122568047447e+18,2024-09-17,NEG,ironic,
22965686,23312,23312,1.8361122551985969e+18,2024-09-17,NEG,not ironic,
22965687,23313,23313,1.8361122551899087e+18,2024-09-17,NEU,ironic,
22965688,23314,23314,1.8361122544853489e+18,2024-09-17,POS,ironic,
22965689,23315,23315,1.836112254355264e+18,2024-09-17,NEU,not ironic,
22965690,23316,23316,1.8361122538981663e+18,2024-09-17,NEG,ironic,
22965691,23317,23317,1.8361122518093453e+18,2024-09-17,NEG,ironic,
22965692,23318,23318,1.8361122505219648e+18,2024-09-17,NEU,not ironic,
22965693,23319,23319,1.8361122487139287e+18,2024-09-17,NEU,ironic,
22965694,23320,23320,1.836112248181551e+18,2024-09-17,NEU,not ironic,
22965695,23321,23321,1.8361122467386865e+18,2024-09-17,NEU,ironic,
22965696,23322,23322,1.836112245430064e+18,2024-09-17,NEG,not ironic,
22965697,23323,23323,1.83611224533364e+18,2024-09-17,NEG,not ironic,
22965698,23324,23324,1.836112245102716e+18,2024-09-17,NEG,not ironic,
22965699,23325,23325,1.836112243911488e+18,2024-09-17,NEU,not ironic,
22965700,23326,23326,1.836112243320136e+18,2024-09-17,NEG,ironic,
22965701,23327,23327,1.8361122431190016e+18,2024-09-17,NEU,not ironic,
22965702,23328,23328,1.836112241826968e+18,2024-09-17,NEG,not ironic,
22965703,23329,23329,1.8361122418184768e+18,2024-09-17,NEG,not ironic,
22965704,23330,23330,1.8361122406776425e+18,2024-09-17,NEU,not ironic,
22965705,23331,23331,1.83611223981788e+18,2024-09-17,NEG,ironic,
22965706,23332,23332,1.836112239285228e+18,2024-09-17,NEU,not ironic,
22965707,23333,23333,1.8361122390211668e+18,2024-09-17,NEU,not ironic,
22965708,23334,23334,1.8361122386895585e+18,2024-09-17,POS,ironic,
22965709,23335,23335,1.8361122381611177e+18,2024-09-17,POS,not ironic,
22965710,23336,23336,1.836112236982736e+18,2024-09-17,NEG,ironic,
22965711,23337,23337,1.8361122352630705e+18,2024-09-17,NEG,ironic,
22965712,23338,23338,1.836112234432598e+18,2024-09-17,NEU,not ironic,
22965713,23339,23339,1.836112233560216e+18,2024-09-17,NEG,not ironic,
22965714,23340,23340,1.8361122325577444e+18,2024-09-17,NEG,not ironic,
22965715,23341,23341,1.8361122322052047e+18,2024-09-17,NEG,ironic,
22965716,23342,23342,1.8361122319367416e+18,2024-09-17,POS,ironic,
22965717,23343,23343,1.83611223118601e+18,2024-09-17,NEG,not ironic,
22965718,23344,23344,1.8361122296427768e+18,2024-09-17,POS,ironic,
22965719,23345,23345,1.836112228895888e+18,2024-09-17,POS,ironic,
22965720,23346,23346,1.8361122286276813e+18,2024-09-17,NEG,not ironic,
22965721,23347,23347,1.836112227746877e+18,2024-09-17,NEG,not ironic,
22965722,23348,23348,1.8361122260102308e+18,2024-09-17,NEG,not ironic,
22965723,23349,23349,1.836112225565848e+18,2024-09-17,NEG,not ironic,
22965724,23350,23350,1.836112224923816e+18,2024-09-17,NEG,ironic,
22965725,23351,23351,1.8361122236906952e+18,2024-09-17,NEG,ironic,
22965726,23352,23352,1.836112223405556e+18,2024-09-17,NEG,ironic,
22965727,23353,23353,1.8361122200207444e+18,2024-09-17,NEG,ironic,
22965728,23354,23354,1.8361122199452344e+18,2024-09-17,NEG,ironic,
22965729,23355,23355,1.8361122188633047e+18,2024-09-17,NEG,ironic,
22965730,23356,23356,1.8361122175964567e+18,2024-09-17,NEU,not ironic,
22965731,23357,23357,1.8361122171937428e+18,2024-09-17,NEU,ironic,
22965732,23358,23358,1.836112214178116e+18,2024-09-17,POS,not ironic,
22965733,23359,23359,1.8361122117202004e+18,2024-09-17,NEG,ironic,
22965734,23360,23360,1.836112209438504e+18,2024-09-17,NEG,ironic,
22965735,23361,23361,1.8361122090780595e+18,2024-09-17,NEU,not ironic,
22965736,23362,23362,1.83611220889745e+18,2024-09-17,NEG,not ironic,
22965737,23363,23363,1.836112208545354e+18,2024-09-17,NEU,ironic,
22965738,23364,23364,1.836112207236477e+18,2024-09-17,POS,not ironic,
22965739,23365,23365,1.8361122066953715e+18,2024-09-17,NEG,not ironic,
22965740,23366,23366,1.8361122066870067e+18,2024-09-17,NEG,not ironic,
22965741,23367,23367,1.8361122063265672e+18,2024-09-17,NEG,not ironic,
22965742,23368,23368,1.83611220583164e+18,2024-09-17,NEG,ironic,
22965743,23369,23369,1.8361122029124813e+18,2024-09-17,NEG,not ironic,
22965744,23370,23370,1.836112202698457e+18,2024-09-17,POS,ironic,
22965745,23371,23371,1.8361122020229573e+18,2024-09-17,NEU,not ironic,
22965746,23372,23372,1.836112201763164e+18,2024-09-17,NEG,not ironic,
22965747,23373,23373,1.83611220148634e+18,2024-09-17,NEG,ironic,
22965748,23374,23374,1.8361121999845253e+18,2024-09-17,NEG,ironic,
22965749,23375,23375,1.836112199963513e+18,2024-09-17,POS,not ironic,
22965750,23376,23376,1.8361121991457167e+18,2024-09-17,NEG,not ironic,
22965751,23377,23377,1.836112197270864e+18,2024-09-17,NEG,not ironic,
22965752,23378,23378,1.8361121951487468e+18,2024-09-17,NEU,ironic,
22965753,23379,23379,1.836112195131773e+18,2024-09-17,NEU,not ironic,
22965754,23380,23380,1.8361121946200271e+18,2024-09-17,NEG,not ironic,
22965755,23381,23381,1.8361121920617395e+18,2024-09-17,NEU,not ironic,
22965756,23382,23382,1.8361121912184136e+18,2024-09-17,NEU,not ironic,
22965757,23383,23383,1.8361121911932808e+18,2024-09-17,NEG,not ironic,
22965758,23384,23384,1.8361121901533307e+18,2024-09-17,NEU,not ironic,
22965759,23385,23385,1.8361121895197248e+18,2024-09-17,NEU,not ironic,
22965760,23386,23386,1.8361121893900124e+18,2024-09-17,NEG,not ironic,
22965761,23387,23387,1.83611218868084e+18,2024-09-17,NEU,ironic,
22965762,23388,23388,1.8361121874813256e+18,2024-09-17,NEG,not ironic,
22965763,23389,23389,1.836112187058004e+18,2024-09-17,NEG,ironic,
22965764,23390,23390,1.8361121863952712e+18,2024-09-17,NEU,not ironic,
22965765,23391,23391,1.8361121850192937e+18,2024-09-17,NEG,not ironic,
22965766,23392,23392,1.8361121840632136e+18,2024-09-17,NEG,ironic,
22965767,23393,23393,1.836112183039804e+18,2024-09-17,NEU,not ironic,
22965768,23394,23394,1.836112181592728e+18,2024-09-17,NEG,not ironic,
22965769,23395,23395,1.8361121805942868e+18,2024-09-17,NEU,not ironic,
22965770,23396,23396,1.836112180032209e+18,2024-09-17,NEG,ironic,
22965771,23397,23397,1.8361121784637768e+18,2024-09-17,NEG,not ironic,
22965772,23398,23398,1.8361121754437143e+18,2024-09-17,NEG,not ironic,
22965773,23399,23399,1.836112175246737e+18,2024-09-17,NEG,ironic,
22965774,23400,23400,1.8361121740260068e+18,2024-09-17,NEG,not ironic,
22965775,23401,23401,1.836112173732668e+18,2024-09-17,NEG,not ironic,
22965776,23402,23402,1.836112173078077e+18,2024-09-17,NEG,ironic,
22965777,23403,23403,1.8361121730195948e+18,2024-09-17,NEG,ironic,
22965778,23404,23404,1.8361121726418903e+18,2024-09-17,NEU,not ironic,
22965779,23405,23405,1.8361121724365908e+18,2024-09-17,NEU,ironic,
22965780,23406,23406,1.8361121720339213e+18,2024-09-17,NEG,not ironic,
22965781,23407,23407,1.836112171216044e+18,2024-09-17,NEG,ironic,
22965782,23408,23408,1.8361121712158024e+18,2024-09-17,NEG,ironic,
22965783,23409,23409,1.836112171081556e+18,2024-09-17,POS,not ironic,
22965784,23410,23410,1.836112170884408e+18,2024-09-17,NEG,not ironic,
22965785,23411,23411,1.8361121703559616e+18,2024-09-17,POS,ironic,
22965786,23412,23412,1.8361121691773627e+18,2024-09-17,NEG,ironic,
22965787,23413,23413,1.8361121677890808e+18,2024-09-17,NEG,ironic,
22965788,23414,23414,1.8361121627853048e+18,2024-09-17,NEU,ironic,
22965789,23415,23415,1.836112161673712e+18,2024-09-17,NEG,ironic,
22965790,23416,23416,1.8361121591574244e+18,2024-09-17,NEU,not ironic,
22965791,23417,23417,1.8361121576517345e+18,2024-09-17,NEU,not ironic,
22965792,23418,23418,1.8361121571357696e+18,2024-09-17,NEU,ironic,
22965793,23419,23419,1.836112157122908e+18,2024-09-17,NEG,not ironic,
22965794,23420,23420,1.8361121563134897e+18,2024-09-17,NEG,not ironic,
22965795,23421,23421,1.8361121556339592e+18,2024-09-17,NEG,not ironic,
22965796,23422,23422,1.836112154790904e+18,2024-09-17,NEG,ironic,
22965797,23423,23423,1.8361121531424927e+18,2024-09-17,NEU,not ironic,
22965798,23424,23424,1.83611215156154e+18,2024-09-17,NEU,not ironic,
22965799,23425,23425,1.8361121495986056e+18,2024-09-17,NEU,ironic,
22965800,23426,23426,1.836112149552468e+18,2024-09-17,NEG,not ironic,
22965801,23427,23427,1.8361121478579528e+18,2024-09-17,POS,not ironic,
22965802,23428,23428,1.8361121475182515e+18,2024-09-17,NEG,not ironic,
22965803,23429,23429,1.836112146884891e+18,2024-09-17,POS,ironic,
22965804,23430,23430,1.836112144967828e+18,2024-09-17,NEG,not ironic,
22965805,23431,23431,1.8361121448504527e+18,2024-09-17,NEG,not ironic,
22965806,23432,23432,1.8361121445441948e+18,2024-09-17,NEG,not ironic,
22965807,23433,23433,1.8361121439905592e+18,2024-09-17,NEU,not ironic,
22965808,23434,23434,1.836112143734698e+18,2024-09-17,NEG,ironic,
22965809,23435,23435,1.836112143545942e+18,2024-09-17,NEG,ironic,
22965810,23436,23436,1.8361121421073408e+18,2024-09-17,NEU,ironic,
22965811,23437,23437,1.8361121413900943e+18,2024-09-17,NEG,not ironic,
22965812,23438,23438,1.8361121407903416e+18,2024-09-17,NEG,ironic,
22965813,23439,23439,1.83611214065612e+18,2024-09-17,NEG,not ironic,
22965814,23440,23440,1.8361121396748567e+18,2024-09-17,NEG,ironic,
22965815,23441,23441,1.8361121396327053e+18,2024-09-17,POS,ironic,
22965816,23442,23442,1.83611213908768e+18,2024-09-17,NEG,ironic,
22965817,23443,23443,1.8361121384540687e+18,2024-09-17,NEU,not ironic,
22965818,23444,23444,1.83611213769069e+18,2024-09-17,NEG,not ironic,
22965819,23445,23445,1.8361121372254088e+18,2024-09-17,NEG,not ironic,
22965820,23446,23446,1.83611213628172e+18,2024-09-17,NEG,not ironic,
22965821,23447,23447,1.8361121355351045e+18,2024-09-17,NEG,ironic,
22965822,23448,23448,1.8361121351995315e+18,2024-09-17,NEG,ironic,
22965823,23449,23449,1.8361121349350769e+18,2024-09-17,NEG,not ironic,
22965824,23450,23450,1.8361121334125489e+18,2024-09-17,NEU,not ironic,
22965825,23451,23451,1.8361121331692465e+18,2024-09-17,NEG,not ironic,
22965826,23452,23452,1.83611213304764e+18,2024-09-17,NEG,ironic,
22965827,23453,23453,1.8361121327333745e+18,2024-09-17,NEG,not ironic,
22965828,23454,23454,1.8361121323851776e+18,2024-09-17,NEU,not ironic,
22965829,23455,23455,1.8361121312191647e+18,2024-09-17,NEG,ironic,
22965830,23456,23456,1.836112131001061e+18,2024-09-17,NEG,not ironic,
22965831,23457,23457,1.8361121295201897e+18,2024-09-17,POS,not ironic,
22965832,23458,23458,1.836112129461752e+18,2024-09-17,NEU,not ironic,
22965833,23459,23459,1.8361121283376783e+18,2024-09-17,NEU,not ironic,
22965834,23460,23460,1.836112126886228e+18,2024-09-17,NEG,not ironic,
22965835,23461,23461,1.836112126605201e+18,2024-09-17,NEG,not ironic,
22965836,23462,23462,1.8361121259930624e+18,2024-09-17,NEG,not ironic,
22965837,23463,23463,1.83611212330032e+18,2024-09-17,POS,not ironic,
22965838,23464,23464,1.836112121723261e+18,2024-09-17,NEU,ironic,
22965839,23465,23465,1.8361121212532529e+18,2024-09-17,NEU,not ironic,
22965840,23466,23466,1.836112121236476e+18,2024-09-17,NEG,not ironic,
22965841,23467,23467,1.8361121204021128e+18,2024-09-17,NEG,ironic,
22965842,23468,23468,1.836112120385278e+18,2024-09-17,NEG,not ironic,
22965843,23469,23469,1.836112117474235e+18,2024-09-17,NEG,not ironic,
22965844,23470,23470,1.836112117180539e+18,2024-09-17,NEG,not ironic,
22965845,23471,23471,1.8361121155657444e+18,2024-09-17,NEU,not ironic,
22965846,23472,23472,1.836112115184124e+18,2024-09-17,NEG,ironic,
22965847,23473,23473,1.83611211429906e+18,2024-09-17,NEU,not ironic,
22965848,23474,23474,1.836112113976381e+18,2024-09-17,NEU,not ironic,
22965849,23475,23475,1.8361121125332503e+18,2024-09-17,NEG,not ironic,
22965850,23476,23476,1.8361121101886671e+18,2024-09-17,POS,not ironic,
22965851,23477,23477,1.8361121093917128e+18,2024-09-17,NEG,not ironic,
22965852,23478,23478,1.8361121093248983e+18,2024-09-17,NEG,ironic,
22965853,23479,23479,1.8361121090019576e+18,2024-09-17,NEU,ironic,
22965854,23480,23480,1.836112108976772e+18,2024-09-17,NEG,ironic,
22965855,23481,23481,1.836112108548952e+18,2024-09-17,POS,not ironic,
22965856,23482,23482,1.83611210832246e+18,2024-09-17,POS,not ironic,
22965857,23483,23483,1.836112106111808e+18,2024-09-17,NEG,not ironic,
22965858,23484,23484,1.836112105923089e+18,2024-09-17,NEU,not ironic,
22965859,23485,23485,1.836112103905612e+18,2024-09-17,POS,ironic,
22965860,23486,23486,1.8361121036917184e+18,2024-09-17,NEU,not ironic,
22965861,23487,23487,1.8361121033522345e+18,2024-09-17,NEG,ironic,
22965862,23488,23488,1.83611210330586e+18,2024-09-17,NEU,ironic,
